11111110000000010000000100010011
00000000000100010010111000100011
00000000100000010010110000100011
00000010000000010000010000010011
00000100101100000000011000010011
00010000000000010000011110110111
00000000000001111000010110010011
00011000000000000000010100010011
00000000000000000000000000010011
11111110101001000010011000100011
11111110110001000010011110000011
00000000000001111001011001100011
00000000000000000000011110010011
00000001110000000000000001101111
11111110110001000010010100000011
00000000000000000000000000010011
11111110110001000010011110000011
00000000000100000000011100010011
00010100111001111010001000100011
11111110110001000010011110000011
00000000111100000000010100110011
00000001110000010010000010000011
00000001100000010010010000000011
00000010000000010000000100010011
00000000000000001000000001100111
11111101000000010000000100010011
00000010000100010010011000100011
00000010100000010010010000100011
00000011000000010000010000010011
11111100101001000010111000100011
11111101110001000010011110000011
00000000000001111010000000100011
11111101110001000010011110000011
00010100000001111010001000100011
11111101110001000010011110000011
00010100000001111010010000100011
11111101110001000010011110000011
00010110000001111010111000100011
11111110000001000010011000100011
00000011100000000000000001101111
11111110110001000010011100000011
00000000111000000000011110110011
00000000001001111001011110010011
00000000111001111000011110110011
00000000001001111001011110010011
11111101110001000010011100000011
00000000111101110000011110110011
00000000010001111000011110010011
00000000111100000000010100110011
00000000000000000000000000010011
11111110110001000010011110000011
00000000000101111000011110010011
11111110111101000010011000100011
11111110110001000010011100000011
00000000111100000000011110010011
11111100111001111101001011100011
00000000000000000000000000010011
00000000000000000000000000010011
00000010110000010010000010000011
00000010100000010010010000000011
00000011000000010000000100010011
00000000000000001000000001100111
11111101000000010000000100010011
00000010000100010010011000100011
00000010100000010010010000100011
00000011000000010000010000010011
11111100101001000010111000100011
11111101110001000010011110000011
00000110000001111000010001100011
11111110000001000010011000100011
00000011100000000000000001101111
11111110110001000010011100000011
00000000111000000000011110110011
00000000001001111001011110010011
00000000111001111000011110110011
00000000001001111001011110010011
11111101110001000010011100000011
00000000111101110000011110110011
00000000010001111000011110010011
00000000111100000000010100110011
00000000000000000000000000010011
11111110110001000010011110000011
00000000000101111000011110010011
11111110111101000010011000100011
11111110110001000010011100000011
00000000111100000000011110010011
11111100111001111101001011100011
11111101110001000010011110000011
00010100010001111010011110000011
00000000000101111111011110010011
00000000000001111000101001100011
11111101110001000010010100000011
00000000000000000000000000010011
00000000100000000000000001101111
00000000000000000000000000010011
00000010110000010010000010000011
00000010100000010010010000000011
00000011000000010000000100010011
00000000000000001000000001100111
11111110000000010000000100010011
00000000100000010010111000100011
00000010000000010000010000010011
11111110101001000010011000100011
11111110110001000010011110000011
00010100100001111010011100000011
00000000101100000000011110010011
00000010111001111100010001100011
11111110110001000010011110000011
00010100100001111010011110000011
11111110110001000010011100000011
00000000000001110010011100000011
11111110110001000010011010000011
00000101000001111000011110010011
00000000001001111001011110010011
00000000111101101000011110110011
00000000111001111010011000100011
11111110110001000010011110000011
00010100100001111010011110000011
00000000000101111000011100010011
11111110110001000010011110000011
00010100111001111010010000100011
00000000000000000000000000010011
00000001110000010010010000000011
00000010000000010000000100010011
00000000000000001000000001100111
11111110000000010000000100010011
00000000100000010010111000100011
00000010000000010000010000010011
11111110101001000010011000100011
11111110110001000010011110000011
00010100100001111010011100000011
00000000110000000000011110010011
00000000111001111100101001100011
11111110110001000010011110000011
00000000000001111010011100000011
00000000111100000000011110010011
00000010111001111101001001100011
11111110110001000010011110000011
00010111110001111010011110000011
00000000000001111001100001100011
11111110110001000010011110000011
00000000000100000000011100010011
00010110111001111010111000100011
00000000000000000000011110010011
00000011010000000000000001101111
11111110110001000010011110000011
00000000000001111010011100000011
00000000000101110000011010010011
11111110110001000010011110000011
00000000110101111010000000100011
00000000111000000000011110110011
00000000001001111001011110010011
00000000111001111000011110110011
00000000001001111001011110010011
11111110110001000010011100000011
00000000111101110000011110110011
00000000010001111000011110010011
00000000111100000000010100110011
00000001110000010010010000000011
00000010000000010000000100010011
00000000000000001000000001100111
11111110000000010000000100010011
00000000000100010010111000100011
00000000100000010010110000100011
00000010000000010000010000010011
11111110101001000010011000100011
11111110110001000010011110000011
00000110000001111000011001100011
11111110110001000010011110000011
00010100100001111010011110000011
00000000000001111001011001100011
11111110110001000010010100000011
00000000000000000000000000010011
11111110110001000010011110000011
00010110000001111010111000100011
11111110110001000010011110000011
00010100100001111010011110000011
11111111111101111000011100010011
11111110110001000010011110000011
00010100111001111010010000100011
11111110110001000010011110000011
00010100100001111010011100000011
00000000101100000000011110010011
00000010111001111100100001100011
11111110110001000010011110000011
00010100100001111010011110000011
11111110110001000010011100000011
00000101000001111000011110010011
00000000001001111001011110010011
00000000111101110000011110110011
00000000110001111010011100000011
11111110110001000010011110000011
00000000111001111010000000100011
00000000100000000000000001101111
00000000000000000000000000010011
00000001110000010010000010000011
00000001100000010010010000000011
00000010000000010000000100010011
00000000000000001000000001100111
