11111100000000010000000100010011
00000010000100010010111000100011
00000010100000010010110000100011
00000100000000010000010000010011
11111100101001000010111000100011
11111100101101000010110000100011
11111100110001000010101000100011
11111100110101000010100000100011
11111100111001000010011000100011
11111110000001000010011000100011
11111100110001000010010100000011
00000000000000000000000000010011
11111100110001000010010100000011
00000000000000000000000000010011
11111110101001000010010000100011
11111110100001000010011110000011
00000110000001111000100001100011
11111101100001000010011100000011
11111101010001000010011110000011
00000010111101110001000001100011
11111100110001000010011000000011
11111101100001000010010110000011
11111110100001000010010100000011
00000000000000000000000000010011
00000000101000000000011110110011
00000010000001111001001001100011
00000101110000000000000001101111
11111100110001000010011010000011
11111101010001000010011000000011
11111101100001000010010110000011
11111110100001000010010100000011
00000000000000000000000000010011
00000000101000000000011110110011
00000010000001111000101001100011
11111100110001000010011010000011
11111101000001000010011000000011
11111110100001000010010110000011
11111101110001000010010100000011
00000000000000000000000000010011
00000000101000000000011110110011
00000010000001111000000001100011
00000000000100000000011110010011
11111110111101000010011000100011
00000001100000000000000001101111
00000000000000000000000000010011
00000001000000000000000001101111
00000000000000000000000000010011
00000000100000000000000001101111
00000000000000000000000000010011
11111100110001000010010100000011
00000000000000000000000000010011
11111110110001000010011110000011
00000000111100000000010100110011
00000011110000010010000010000011
00000011100000010010010000000011
00000100000000010000000100010011
00000000000000001000000001100111
11111100000000010000000100010011
00000010000100010010111000100011
00000010100000010010110000100011
00000100000000010000010000010011
11111100101001000010111000100011
11111100101101000010110000100011
11111100110001000010101000100011
11111100110101000010100000100011
11111100111001000010011000100011
11111100110001000010011100000011
11111101000001000010011010000011
11111101010001000010011000000011
11111101100001000010010110000011
11111101110001000010010100000011
00000000000000000000000000010011
11111110101001000010011000100011
11111110110001000010011110000011
00000000111100000000010100110011
00000011110000010010000010000011
00000011100000010010010000000011
00000100000000010000000100010011
00000000000000001000000001100111
11010010000000010000000100010011
00101100000100010010111000100011
00101100100000010010110000100011
00101110000000010000010000010011
11010010101001000010111000100011
11010010101101000010110000100011
11010010110001000010101000100011
11010010110101000010100000100011
11010010111001000010011000100011
11111110000001000010010000100011
11111100000001000010110000100011
00000000000100000000011110010011
11111100111101000010101000100011
11010011010001000010010100000011
00000000000000000000000000010011
11111100101001000010100000100011
11111101000001000010011110000011
00000000000001111001110001100011
00000000000100000000010110010011
11010011110001000010010100000011
00000000000000000000000000010011
00000000000100000000011110010011
01000001100000000000000001101111
11010010110001000010010100000011
00000000000000000000000000010011
11010010110001000010010100000011
00000000000000000000000000010011
11111100101001000010011000100011
11111100110001000010011110000011
00110110000001111000100001100011
11010100010001000000011110010011
00000000111100000000010100110011
00000000000000000000000000010011
00000000000100000000011110010011
11111100111101000010110000100011
11010100010001000000011110010011
11010010110001000010011010000011
11010011000001000010011000000011
11010011100001000010010110000011
00000000111100000000010100110011
00000000000000000000000000010011
00000000101000000000011110110011
00110100000001111000001001100011
11111101000001000010011100000011
00101001111100000000011110010011
00000100111001111100010001100011
11111101000001000010011100000011
00001110111100000000011110010011
00000010111001111100101001100011
11111101000001000010011100000011
00000100111100000000011110010011
00000010111001111100000001100011
11111101000001000010011100000011
00000001011100000000011110010011
00000000111001111101011001100011
00000000001100000000011110010011
00000010000000000000000001101111
00000000000100000000011110010011
00000001100000000000000001101111
00000000010000000000011110010011
00000001000000000000000001101111
00000000010100000000011110010011
00000000100000000000000001101111
00000000011000000000011110010011
11111100111101000010010000100011
11111100100001000010011100000011
00000000000100000000011110010011
00001110111001111101001001100011
11010100010001000000011000010011
11010100010001000000011110010011
11010010110001000010011100000011
11010011000001000010011010000011
00000000111100000000010110110011
11111100110001000010010100000011
00000000000000000000000000010011
00000000101000000000011110110011
00101100000001111000001001100011
11111100100001000010011110000011
11111111111101111000011110010011
00000000000100000000011100010011
00000000111101110001011110110011
11111100111101000010001000100011
00000000000100000000011110010011
11111110111101000010011000100011
00001000110000000000000001101111
11010100010001000000011010010011
11111110110001000010011100000011
00000000111000000000011110110011
00000000001001111001011110010011
00000000111001111000011110110011
00000000001001111001011110010011
00000000111101101000011110110011
00000000111100000000010100110011
00000000000000000000000000010011
11010100010001000000011010010011
11111110110001000010011100000011
00000000111000000000011110110011
00000000001001111001011110010011
00000000111001111000011110110011
00000000001001111001011110010011
00000000111101101000010100110011
11111110110001000010011110000011
11111111111101111000011100010011
11010100010001000000011010010011
00000000111000000000011110110011
00000000001001111001011110010011
00000000111001111000011110110011
00000000001001111001011110010011
00000000111101101000011110110011
11010010110001000010011100000011
11010011000001000010011010000011
11111100110001000010011000000011
00000000111100000000010110110011
00000000000000000000000000010011
00000000101000000000011110110011
00100010000001111000100001100011
11111110110001000010011110000011
00000000000101111000011110010011
11111110111101000010011000100011
11111110110001000010011100000011
11111100010001000010011110000011
11110110111101110100100011100011
11111110110001000010011110000011
11111100111101000010110000100011
00000000000100000000011110010011
11111100111101000010101000100011
11111100000001000010111000100011
11111101000001000010011110000011
11111111111101111000011110010011
11111110111101000010001000100011
11111110000001000010000000100011
00000000000100000000010110010011
11010011110001000010010100000011
00000000000000000000000000010011
00000000101000000000011110110011
00011110000001111000010001100011
11111110010001000010010110000011
11010011010001000010010100000011
00000000000000000000000000010011
00000000101000000000011110110011
00000100000001111001001001100011
11111101010001000010011110000011
00000010000001111001001001100011
11010010110001000010011100000011
11010011000001000010011010000011
11010011110001000010011000000011
11010011110001000010010110000011
11010011110001000010010100000011
00000000000000000000000000010011
00000000101000000000011110110011
00011010000001111000101001100011
11111110010001000010011110000011
00010110000001111000011001100011
11111110010001000010011110000011
11111111111101111000011110010011
11111110111101000010001000100011
00010101100000000000000001101111
11111110010001000010011110000011
11111100111101000010001000100011
00000000000100000000011110010011
11111100111101000010111000100011
11111110000001000010000000100011
00000000000100000000011110010011
11111110111101000010011000100011
00000110110000000000000001101111
11111110010001000010011100000011
11111110110001000010011110000011
01000000111101110000011110110011
00000110000001111100011001100011
11111110010001000010011100000011
11111110110001000010011110000011
01000000111101110000011110110011
00000000111100000000010110110011
11010011010001000010010100000011
00000000000000000000000000010011
00000000101000000000011110110011
00000010000001111000100001100011
11111110110001000010011100000011
11111110000001000010011110000011
01000000111101110000011110110011
11111101110001000010011100000011
00000000111101110001011110110011
11111100111101000010111000100011
11111101110001000010011110000011
00000000000101111110011110010011
11111100111101000010111000100011
11111110110001000010011110000011
11111110111101000010000000100011
11111110110001000010011110000011
00000000000101111000011110010011
11111110111101000010011000100011
11111110110001000010011100000011
11111100100001000010011110000011
11111000111101110100100011100011
00000000100000000000000001101111
00000000000000000000000000010011
11111110000001000010011110000011
00000000000101111000011110010011
11111100111101000010001000100011
11111101010001000010011110000011
00000100000001111001001001100011
11111110000001000010011000100011
00000011000000000000000001101111
11010010110001000010011100000011
11010011000001000010011010000011
11010011110001000010011000000011
11010011110001000010010110000011
11010011110001000010010100000011
00000000000000000000000000010011
00000000101000000000011110110011
00001100000001111000011001100011
11111110110001000010011110000011
00000000000101111000011110010011
11111110111101000010011000100011
11111110110001000010011100000011
11111100010001000010011110000011
11111100111101110100011011100011
11111101110001000010011110000011
01000000000101111101011100010011
11010100010001000000011010010011
00000000111000000000011110110011
00000000001001111001011110010011
00000000111001111000011110110011
00000000001001111001011110010011
00000000111101101000011110110011
11010010110001000010011100000011
11010011000001000010011010000011
00000000111100000000011000110011
11010011110001000010010110000011
11010011110001000010010100000011
00000000000000000000000000010011
00000000101000000000011110110011
00000110000001111000111001100011
11111110000001000010011110000011
00000000000101111000011110010011
11111110010001000010011100000011
01000000111101110000011110110011
11111110111101000010001000100011
11111100000001000010111000100011
11111100000001000010101000100011
11111110010001000010011110000011
00000000000001111100100001100011
11100101100111111111000001101111
00000000000000000000000000010011
00000000100000000000000001101111
00000000000000000000000000010011
00000000000100000000011110010011
11111110111101000010010000100011
00000100000000000000000001101111
00000000000000000000000000010011
00000011100000000000000001101111
00000000000000000000000000010011
00000011000000000000000001101111
00000000000000000000000000010011
00000010100000000000000001101111
00000000000000000000000000010011
00000010000000000000000001101111
00000000000000000000000000010011
00000001100000000000000001101111
00000000000000000000000000010011
00000001000000000000000001101111
00000000000000000000000000010011
00000000100000000000000001101111
00000000000000000000000000010011
11010010110001000010010100000011
00000000000000000000000000010011
11111110000001000010011000100011
00000011010000000000000001101111
11010100010001000000011010010011
11111110110001000010011100000011
00000000111000000000011110110011
00000000001001111001011110010011
00000000111001111000011110110011
00000000001001111001011110010011
00000000111101101000011110110011
00000000111100000000010100110011
00000000000000000000000000010011
11111110110001000010011110000011
00000000000101111000011110010011
11111110111101000010011000100011
11111110110001000010011100000011
11111101100001000010011110000011
11111100111101110100010011100011
11111110100001000010011110000011
00000000111100000000010100110011
00101101110000010010000010000011
00101101100000010010010000000011
00101110000000010000000100010011
00000000000000001000000001100111
