11111101000000010000000100010011
00000010100000010010011000100011
00000011000000010000010000010011
11111100101001000010111000100011
00000000001000000000011110010011
11111110111101000010011000100011
00000011100000000000000001101111
11111110110001000010011110000011
11111101110001000010011100000011
00000000111101110000011110110011
00000000000001111100011100000011
00000000101000000000011110010011
00000000111101110001101001100011
11111110110001000010011110000011
11111101110001000010011100000011
00000000111101110000011110110011
00000000000001111000000000100011
11111110110001000010011110000011
00000000000101111000011110010011
11111110111101000010011000100011
11111110110001000010011100000011
00000000000000000001011110110111
00000000000001111000011110010011
00111000011101111000011110010011
00000000111001111100110001100011
11111110110001000010011110000011
11111101110001000010011100000011
00000000111101110000011110110011
00000000000001111100011110000011
11111010000001111001010011100011
00000000000000000000000000010011
00000010110000010010010000000011
00000011000000010000000100010011
00000000000000001000000001100111
11000011000000010000000100010011
00111100000100010010011000100011
00111100100000010010010000100011
00111101000000010000010000010011
11111111111111111111001100110111
00000000000000110000001100010011
00000000011000010000000100110011
11111111111111111111011110110111
00000000000001111000011110010011
11111111000001000000011100010011
00000000111101110000011110110011
11000100101001111010011000100011
11111111111111111111011110110111
00000000000001111000011110010011
11111111000001000000011100010011
00000000111101110000011110110011
11000100101101111010010000100011
11111110000001000010011000100011
11111111111111111111011110110111
00000000000001111000011110010011
11111111000001000000011100010011
00000000111101110000011110110011
11000100000001111010110000100011
11111111111111111111011110110111
00000000000001111000011110010011
11111111000001000000011100010011
00000000111101110000011110110011
11000100000001111010101000100011
11111111111111111111011110110111
00000000000001111000011110010011
11111111000001000000011100010011
00000000111101110000011110110011
11000100100001111010011110000011
00000001010001111010011100000011
00010000000000010000011110110111
00000000000001111000010110010011
00000000111000000000010100110011
00000000000000000000000000010011
11111100101001000010111000100011
11111101110001000010011110000011
00000000000001111001111001100011
00010000000000010000011110110111
00000000010001111000010100010011
00000000000000000000000000010011
11111111111100000000011110010011
11111110111101000010011000100011
00111001010000000000000001101111
11111110110001000010011110000011
00000110000001111001100001100011
11111110000001000010010000100011
11111111111111111111011110110111
00000000000001111000011110010011
11111111000001000000011100010011
00000000111101110000011110110011
11000100100001111010011110000011
00000001110001111010011110000011
00000000000001111100011110000011
00000100000001111000011001100011
11111111111111111111011110110111
00000000000001111000011110010011
11111111000001000000011100010011
00000000111101110000011110110011
11000100100001111010011110000011
00000001110001111010011100000011
00010000000000010000011110110111
00000010010001111000010110010011
00000000111000000000010100110011
00000000000000000000000000010011
11111110101001000010010000100011
11111110100001000010011110000011
00000000000001111001110001100011
00010000000000010000011110110111
00000010100001111000010100010011
00000000000000000000000000010011
11111111111100000000011110010011
11111110111101000010011000100011
11111110110001000010011110000011
00110000000001111001110001100011
11111111111111111111011110110111
00000000000001111000011110010011
11111111000001000000011100010011
00000000111101110000011110110011
11000100100001111010011110000011
00000001010001111010011100000011
00010000000000010000011110110111
00000000000001111000010110010011
00000000111000000000010100110011
00000000000000000000000000010011
11111100101001000010111000100011
11111101110001000010011110000011
00000000000001111001111001100011
00010000000000010000011110110111
00000000010001111000010100010011
00000000000000000000000000010011
11111111111100000000011110010011
11111110111101000010011000100011
00101100110000000000000001101111
11111110000001000010000000100011
11111111111111111111011110110111
00000000000001111000011110010011
11111111000001000000011100010011
00000000111101110000011110110011
11000100100001111010011110000011
00001001010001111010011110000011
00100000000001111000001001100011
00000000101000000000010100010011
00000000000000000000000000010011
00011111100000000000000001101111
11111110000001000010011110000011
00000000000101111000011110010011
11111110111101000010000000100011
11111111111111111111011110110111
00000000000001111000011110010011
11111111000001000000011100010011
00000000111101110000011110110011
11000100100001111010011110000011
00001001010001111010011110000011
00000000000001111000101001100011
11111110000001000010010110000011
00010000000000010000011110110111
00000101100001111000010100010011
00000000000000000000000000010011
11111111111111111111011110110111
00000000000001111000011110010011
11111111000001000000011100010011
00000000111101110000011110110011
11000101110001111100011110000011
00000000111100000000011100110011
00000000100100000000011110010011
00011000111101110001111001100011
11111111111111111111011110110111
00000000000001111000011110010011
11111111000001000000011100010011
00000000111101110000011110110011
11000101110101111100011110000011
00000110000000000000011100010011
00010100111001111000001001100011
00000110000000000000011100010011
00010110111101110100010001100011
00000010010000000000011100010011
00001000111001111000110001100011
00000100000000000000011100010011
00010100111001111001110001100011
11111110100001000010011110000011
00000010000001111000001001100011
11111111111111111111011110110111
00000000000001111000011110010011
11000101110001111000011110010011
11111111000001000000011100010011
00000000111101110000011110110011
11111110100001000010010110000011
00000000111100000000010100110011
00000000000000000000000000010011
11111111111111111111011110110111
00000000000001111000011110010011
11000101110001111000011110010011
11111111000001000000011100010011
00000000111101110000011110110011
00000000111100000000010100110011
00000000000000000000000000010011
11111111111111111111011110110111
00000000000001111000011110010011
11000101110001111000011110010011
11111111000001000000011100010011
00000000111101110000011110110011
00000000001001111000011110010011
11111100111101000010110000100011
11111111111111111111011110110111
00000000000001111000011110010011
11000101100001111000011110010011
11111111000001000000011100010011
00000000111101110000011110110011
11111111111100000000011000010011
11111101100001000010010110000011
00000000111100000000010100110011
00000000000000000000000000010011
11111110101001000010011000100011
00001101100000000000000001101111
11111110100001000010011110000011
00000010000001111000001001100011
11111111111111111111011110110111
00000000000001111000011110010011
11000101110001111000011110010011
11111111000001000000011100010011
00000000111101110000011110110011
11111110100001000010010110000011
00000000111100000000010100110011
00000000000000000000000000010011
11111111111111111111011110110111
00000000000001111000011110010011
11000101110001111000011110010011
11111111000001000000011100010011
00000000111101110000011110110011
00000000111100000000010100110011
00000000000000000000000000010011
11111111111111111111011110110111
00000000000001111000011110010011
11000101110001111000011110010011
11111111000001000000011100010011
00000000111101110000011110110011
00000000001001111000011110010011
11111100111101000010110000100011
11111111111111111111011110110111
00000000000001111000011110010011
11111111000001000000011100010011
00000000111101110000011110110011
11000101100001111010011100000011
11111111111111111111011110110111
00000000000001111000011110010011
11111111000001000000011010010011
00000000111101101000011110110011
00000000111000000000011000110011
11111101100001000010010110000011
11000100110001111010010100000011
00000000000000000000000000010011
11111110101001000010011000100011
00000011110000000000000001101111
11111110100001000010011110000011
00000010000001111000100001100011
11111111111111111111011110110111
00000000000001111000011110010011
11000101110001111000011110010011
11111111000001000000011100010011
00000000111101110000011110110011
11111110100001000010010110000011
00000000111100000000010100110011
00000000000000000000000000010011
00000000110000000000000001101111
00000000000000000000000000010011
00000001000000000000000001101111
00000000000000000000000000010011
00000000100000000000000001101111
00000000000000000000000000010011
11111110110001000010011110000011
00000010000001111001110001100011
11111111111111111111011110110111
00000000000001111000011110010011
11000101110001111000011110010011
11111111000001000000011100010011
00000000111101110000011100110011
11111101110001000010011000000011
00000000000000000001011110110111
00000000000001111000011110010011
00111000100001111000010110010011
00000000111000000000010100110011
00000000000000000000000000010011
00000000101000000000011110110011
11011100000001111001101011100011
11111110000001000010011110000011
00000000000001111001110001100011
00010000000000010000011110110111
00000111100001111000010100010011
00000000000000000000000000010011
11111111111100000000011110010011
11111110111101000010011000100011
11111101110001000010010100000011
00000000000000000000000000010011
00000000101000000000011110110011
00000000000001111000110001100011
00010000000000010000011110110111
00001001000001111000010100010011
00000000000000000000000000010011
11111111111100000000011110010011
11111110111101000010011000100011
11111110100001000010011110000011
00000010000001111000010001100011
11111110100001000010010100000011
00000000000000000000000000010011
00000000101000000000011110110011
00000000000001111000110001100011
00010000000000010000011110110111
00001011000001111000010100010011
00000000000000000000000000010011
11111111111100000000011110010011
11111110111101000010011000100011
11111110110001000010011110000011
00111010000001111001111001100011
11111111111111111111011110110111
00000000000001111000011110010011
11111111000001000000011100010011
00000000111101110000011110110011
11000100100001111010011110000011
00000001010001111010011100000011
00010000000000010000011110110111
00000000000001111000010110010011
00000000111000000000010100110011
00000000000000000000000000010011
11111100101001000010111000100011
11111101110001000010011110000011
00000000000001111001111001100011
00010000000000010000011110110111
00000000010001111000010100010011
00000000000000000000000000010011
11111111111100000000011110010011
11111110111101000010011000100011
00110111000000000000000001101111
11111111111111111111011110110111
00000000000001111000011110010011
11111111000001000000011100010011
00000000111101110000011110110011
11000100100001111010011110000011
00001001010001111010011110000011
00000000000001111000011001100011
00000000101000000000010100010011
00000000000000000000000000010011
11111110000001000010000000100011
00101110010000000000000001101111
11111111111111111111011110110111
00000000000001111000011110010011
11111111000001000000011100010011
00000000111101110000011110110011
11000100100001111010011110000011
00001001010001111010011110000011
00000010000001111000000001100011
11111110000001000010011110000011
00000000000101111000011110010011
11111110111101000010000000100011
11111110000001000010010110000011
00010000000000010000011110110111
00001110000001111000010100010011
00000000000000000000000000010011
11111111111111111111011110110111
00000000000001111000011110010011
11111111000001000000011100010011
00000000111101110000011110110011
11000101110001111100011110000011
00000000111100000000011100110011
00000000100100000000011110010011
00101000111101110001010001100011
11111111111111111111011110110111
00000000000001111000011110010011
11111111000001000000011100010011
00000000111101110000011110110011
11000101110101111100011110000011
00000110000000000000011100010011
00001110111001111000001001100011
00000110000000000000011100010011
00100100111101110100101001100011
00000010010000000000011100010011
00000110111001111000100001100011
00000100000000000000011100010011
00100100111001111001001001100011
11111111111111111111011110110111
00000000000001111000011110010011
11000101110001111000011110010011
11111111000001000000011100010011
00000000111101110000011110110011
00000000111100000000010100110011
00000000000000000000000000010011
11111111111111111111011110110111
00000000000001111000011110010011
11000101110001111000011110010011
11111111000001000000011100010011
00000000111101110000011110110011
00000000001001111000011110010011
11111100111101000010110000100011
11111111111111111111011110110111
00000000000001111000011110010011
11000101100001111000011110010011
11111111000001000000011100010011
00000000111101110000011110110011
11111111111100000000011000010011
11111101100001000010010110000011
00000000111100000000010100110011
00000000000000000000000000010011
11111110101001000010011000100011
00011110110000000000000001101111
11111111111111111111011110110111
00000000000001111000011110010011
11000101110001111000011110010011
11111111000001000000011100010011
00000000111101110000011110110011
00000000111100000000010100110011
00000000000000000000000000010011
11111111111111111111011110110111
00000000000001111000011110010011
11000101110001111000011110010011
11111111000001000000011100010011
00000000111101110000011110110011
00000000001001111000011110010011
11111100111101000010110000100011
11111111111111111111011110110111
00000000000001111000011110010011
11000101010001111000011110010011
11111111000001000000011100010011
00000000111101110000011110110011
11111111111100000000011000010011
11111101100001000010010110000011
00000000111100000000010100110011
00000000000000000000000000010011
11111110101001000010011000100011
00011000100000000000000001101111
11111111111111111111011110110111
00000000000001111000011110010011
11000101110001111000011110010011
11111111000001000000011100010011
00000000111101110000011110110011
00000000111100000000010100110011
00000000000000000000000000010011
11111111111111111111011110110111
00000000000001111000011110010011
11000101110001111000011110010011
11111111000001000000011100010011
00000000111101110000011110110011
00000000001001111000011110010011
11111100111101000010110000100011
11111111111111111111011110110111
00000000000001111000011110010011
11111111000001000000011100010011
00000000111101110000011110110011
11000101100001111010011110000011
00010000000001111000101001100011
11111111111111111111011110110111
00000000000001111000011110010011
11111111000001000000011100010011
00000000111101110000011110110011
11000101010001111010011100000011
11111111111111111111011110110111
00000000000001111000011110010011
11111111000001000000011010010011
00000000111101101000011110110011
11000101100001111010011010000011
11111111111111111111011110110111
00000000000001111000011110010011
11111111000001000000011000010011
00000000111101100000011110110011
00000000110100000000011000110011
00000000111000000000010110110011
11000100110001111010010100000011
00000000000000000000000000010011
11111100101001000010101000100011
11111101010001000010011110000011
00001110000001111000000001100011
11111111111111111111011110110111
00000000000001111000011110010011
11111111000001000000011100010011
00000000111101110000011110110011
00000000000000000000011000010011
11111101100001000010010110000011
11000100110001111010010100000011
00000000000000000000000000010011
11111110101001000010001000100011
11111110010001000010011110000011
00000100000001111001011001100011
11111111111111111111011110110111
00000000000001111000011110010011
11111111000001000000011100010011
00000000111101110000011110110011
00000000000000000000011000010011
11111101100001000010010110000011
11000100110001111010010100000011
00000000000000000000000000010011
11111110101001000010011000100011
11111110110001000010011110000011
00000010000001111001000001100011
11111111111111111111011110110111
00000000000001111000011110010011
11111111000001000000011100010011
00000000111101110000011110110011
11000100110001111010011110000011
00000000010001111010011110000011
11111110111101000010001000100011
11111110110001000010011110000011
00000110000001111001001001100011
11111111111111111111011110110111
00000000000001111000011110010011
11111111000001000000011100010011
00000000111101110000011110110011
11000101100001111010011100000011
11111111111111111111011110110111
00000000000001111000011110010011
11111111000001000000011010010011
00000000111101101000011110110011
00000000111000000000011010110011
11111110010001000010011000000011
11111101010001000010010110000011
11000100110001111010010100000011
00000000000000000000000000010011
11111110101001000010011000100011
00000010010000000000000001101111
00010000000000010000011110110111
00010000010001111000010100010011
00000000000000000000000000010011
11111111111100000000011110010011
11111110111101000010011000100011
00000000110000000000000001101111
00000000000000000000000000010011
00000001000000000000000001101111
00000000000000000000000000010011
00000000100000000000000001101111
00000000000000000000000000010011
11111110110001000010011110000011
00000010000001111001110001100011
11111111111111111111011110110111
00000000000001111000011110010011
11000101110001111000011110010011
11111111000001000000011100010011
00000000111101110000011100110011
11111101110001000010011000000011
00000000000000000001011110110111
00000000000001111000011110010011
00111000100001111000010110010011
00000000111000000000010100110011
00000000000000000000000000010011
00000000101000000000011110110011
11001110000001111001010011100011
11111101110001000010010100000011
00000000000000000000000000010011
00000000101000000000011110110011
00000000000001111000110001100011
00010000000000010000011110110111
00001001000001111000010100010011
00000000000000000000000000010011
11111111111100000000011110010011
11111110111101000010011000100011
11111111111111111111011110110111
00000000000001111000011110010011
11111111000001000000011100010011
00000000111101110000011110110011
11000101100001111010011110000011
00000000111100000000010100110011
00000000000000000000000000010011
11111111111111111111011110110111
00000000000001111000011110010011
11111111000001000000011100010011
00000000111101110000011110110011
11000101010001111010011110000011
00000000111100000000010100110011
00000000000000000000000000010011
11111110110001000010011110000011
00000000111100000000010100110011
00000000000000000001001100110111
00000000000000110000001100010011
00000000011000010000000100110011
00111100110000010010000010000011
00111100100000010010010000000011
00111101000000010000000100010011
00000000000000001000000001100111
