11111100000000010000000100010011
00000010100000010010111000100011
00000010100100010010110000100011
00000011001000010010101000100011
00000011001100010010100000100011
00000011010000010010011000100011
00000011010100010010010000100011
00000100000000010000010000010011
11111100101001000010011000100011
11111100101101000010010000100011
11111100100001000010010010000011
11111100110001000010011110000011
00000000000101111000011100010011
11111100111001000010011000100011
00000000000001111100011110000011
00000000100001111001011110010011
00000000111101001010000000100011
11111100110001000010011110000011
00000000000101111000011100010011
11111100111001000010011000100011
00000000000001111100011110000011
00000000111100000000011100110011
00000000000001001010011110000011
00000000111101110110011110110011
00000000111101001010000000100011
11111100110001000010011110000011
00000000000101111000011100010011
11111100111001000010011000100011
00000000000001111100011110000011
00000000111100000000011100110011
00000000010001001000011110010011
00000000100001110001011100010011
00000000111001111010000000100011
11111100110001000010011110000011
00000000000101111000011100010011
11111100111001000010011000100011
00000000000001111100011110000011
00000000111100000000011010110011
00000000010001001000011110010011
00000000000001111010011100000011
00000000010001001000011110010011
00000000111001101110011100110011
00000000111001111010000000100011
11111100110001000010011110000011
00000000000101111000011100010011
11111100111001000010011000100011
00000000000001111100011110000011
00000000111100000000011100110011
00000000100001001000011110010011
00000000100001110001011100010011
00000000111001111010000000100011
11111100110001000010011110000011
00000000000101111000011100010011
11111100111001000010011000100011
00000000000001111100011110000011
00000000111100000000011010110011
00000000100001001000011110010011
00000000000001111010011100000011
00000000100001001000011110010011
00000000111001101110011100110011
00000000111001111010000000100011
11111100110001000010011110000011
00000000000101111000011100010011
11111100111001000010011000100011
00000000000001111100011110000011
00000000111100000000011100110011
00000000110001001000011110010011
00000000100001110001011100010011
00000000111001111010000000100011
11111100110001000010011110000011
00000000000101111000011100010011
11111100111001000010011000100011
00000000000001111100011110000011
00000000111100000000011010110011
00000000110001001000011110010011
00000000000001111010011100000011
00000000110001001000011110010011
00000000111001101110011100110011
00000000111001111010000000100011
11111100110001000010011110000011
00000000000101111000011100010011
11111100111001000010011000100011
00000000000001111100011110000011
00000000111100000000011100110011
00000001000001001000011110010011
00000000100001110001011100010011
00000000111001111010000000100011
11111100110001000010011110000011
00000000000101111000011100010011
11111100111001000010011000100011
00000000000001111100011110000011
00000000111100000000011010110011
00000001000001001000011110010011
00000000000001111010011100000011
00000001000001001000011110010011
00000000111001101110011100110011
00000000111001111010000000100011
11111100110001000010011110000011
00000000000101111000011100010011
11111100111001000010011000100011
00000000000001111100011110000011
00000000111100000000011100110011
00000001010001001000011110010011
00000000100001110001011100010011
00000000111001111010000000100011
11111100110001000010011110000011
00000000000101111000011100010011
11111100111001000010011000100011
00000000000001111100011110000011
00000000111100000000011010110011
00000001010001001000011110010011
00000000000001111010011100000011
00000001010001001000011110010011
00000000111001101110011100110011
00000000111001111010000000100011
11111100110001000010011110000011
00000000000101111000011100010011
11111100111001000010011000100011
00000000000001111100011110000011
00000000111100000000011100110011
00000001100001001000011110010011
00000000100001110001011100010011
00000000111001111010000000100011
11111100110001000010011110000011
00000000000101111000011100010011
11111100111001000010011000100011
00000000000001111100011110000011
00000000111100000000011010110011
00000001100001001000011110010011
00000000000001111010011100000011
00000001100001001000011110010011
00000000111001101110011100110011
00000000111001111010000000100011
11111100110001000010011110000011
00000000000101111000011100010011
11111100111001000010011000100011
00000000000001111100011110000011
00000000111100000000011100110011
00000001110001001000011110010011
00000000100001110001011100010011
00000000111001111010000000100011
11111100110001000010011110000011
00000000000101111000011100010011
11111100111001000010011000100011
00000000000001111100011110000011
00000000111100000000011010110011
00000001110001001000011110010011
00000000000001111010011100000011
00000001110001001000011110010011
00000000111001101110011100110011
00000000111001111010000000100011
00000000100100000000100110110011
00000010000001001000010010010011
11111100000001000010111000100011
00011000000000000000000001101111
00000000010010011010101010000011
00000000100010011010100100000011
00000000100110101001011100010011
00000000011110010101011110010011
00000000111101110110011010110011
00000000100100000000011110110011
00000000010001111000010010010011
00000000000000010000011100110111
00000000000001110000011100010011
11111111111101110000011100010011
00000000111001101111011100110011
00000000111001111010000000100011
00000000110010011010101000000011
00000000100110010001011100010011
00000000011110100101011110010011
00000000111101110110011010110011
00000000100100000000011110110011
00000000010001111000010010010011
00000000000000010000011100110111
00000000000001110000011100010011
11111111111101110000011100010011
00000000111001101111011100110011
00000000111001111010000000100011
00000001000010011010100100000011
00000000100110100001011100010011
00000000011110010101011110010011
00000000111101110110011010110011
00000000100100000000011110110011
00000000010001111000010010010011
00000000000000010000011100110111
00000000000001110000011100010011
11111111111101110000011100010011
00000000111001101111011100110011
00000000111001111010000000100011
00000001010010011010101000000011
00000000100110010001011100010011
00000000011110100101011110010011
00000000111101110110011010110011
00000000100100000000011110110011
00000000010001111000010010010011
00000000000000010000011100110111
00000000000001110000011100010011
11111111111101110000011100010011
00000000111001101111011100110011
00000000111001111010000000100011
00000001100010011010100100000011
00000000100110100001011100010011
00000000011110010101011110010011
00000000111101110110011010110011
00000000100100000000011110110011
00000000010001111000010010010011
00000000000000010000011100110111
00000000000001110000011100010011
11111111111101110000011100010011
00000000111001101111011100110011
00000000111001111010000000100011
00000001110010011010101000000011
00000000100110010001011100010011
00000000011110100101011110010011
00000000111101110110011010110011
00000000100100000000011110110011
00000000010001111000010010010011
00000000000000010000011100110111
00000000000001110000011100010011
11111111111101110000011100010011
00000000111001101111011100110011
00000000111001111010000000100011
00000000000010011010100100000011
11111101110001000010011100000011
00000000010000000000011110010011
00000110111001111100101001100011
00000000100110100001011100010011
00000000011110010101011110010011
00000000111101110110011010110011
00000000100100000000011110110011
00000000010001111000010010010011
00000000000000010000011100110111
00000000000001110000011100010011
11111111111101110000011100010011
00000000111001101111011100110011
00000000111001111010000000100011
00000000100110010001011100010011
00000000011110101101011110010011
00000000111101110110011010110011
00000000100100000000011110110011
00000000010001111000010010010011
00000000000000010000011100110111
00000000000001110000011100010011
11111111111101110000011100010011
00000000111001101111011100110011
00000000111001111010000000100011
00000010000010011000100110010011
11111101110001000010011110000011
00000000000101111000011110010011
11111100111101000010111000100011
11111101110001000010011100000011
00000000010100000000011110010011
11100110111001111101111011100011
00000000100000000000000001101111
00000000000000000000000000010011
00000000000000000000000000010011
00000011110000010010010000000011
00000011100000010010010010000011
00000011010000010010100100000011
00000011000000010010100110000011
00000010110000010010101000000011
00000010100000010010101010000011
00000100000000010000000100010011
00000000000000001000000001100111
11111100000000010000000100010011
00000010000100010010111000100011
00000010100000010010110000100011
00000010100100010010101000100011
00000011001000010010100000100011
00000011001100010010011000100011
00000100000000010000010000010011
11111100101001000010011000100011
11111100101101000010010000100011
11111100100001000010010010000011
11111100110001000010011110000011
00001100000001111000100100010011
11111100000001000010111000100011
00001101110000000000000001101111
00000000000010010010011110000011
00000000100100000000100110110011
00000000010010011000010010010011
00000000111100000000010100110011
00000000000000000000000000010011
00000000101000000000011110110011
00000000111110011010000000100011
00000000100010010000011110010011
00000000000001111010011110000011
00000000000000010000011100110111
00000000000001110000011100010011
01000000111101110000011010110011
00000000100100000000011110110011
00000000010001111000010010010011
00000000000000010000011100110111
00000000000001110000011100010011
11111111111101110000011100010011
00000000111001101111011100110011
00000000111001111010000000100011
00000000010010010000011110010011
00000000000001111010011110000011
00000000000000010000011100110111
00000000000001110000011100010011
01000000111101110000011010110011
00000000100100000000011110110011
00000000010001111000010010010011
00000000000000010000011100110111
00000000000001110000011100010011
11111111111101110000011100010011
00000000111001101111011100110011
00000000111001111010000000100011
00000000110010010000011110010011
00000000000001111010011110000011
00000000100100000000100110110011
00000000010010011000010010010011
00000000111100000000010100110011
00000000000000000000000000010011
00000000101000000000011110110011
00000000111110011010000000100011
11111101110001000010011100000011
00000000100000000000011110010011
00000100111101110000001001100011
11111110100010010000100100010011
00000000100100000000011110110011
00000000010001111000010010010011
00000001000010010010011100000011
00000000111001111010000000100011
00000000100100000000011110110011
00000000010001111000010010010011
00000001010010010010011100000011
00000000111001111010000000100011
11111101110001000010011110000011
00000000000101111000011110010011
11111100111101000010111000100011
11111101110001000010011100000011
00000000100000000000011110010011
11110010111001111101000011100011
00000000100000000000000001101111
00000000000000000000000000010011
11111100100001000010010010000011
00000000010001001010100100000011
00000000010001001000011110010011
00000000100001001010011100000011
00000000111001111010000000100011
00000000100001001000011110010011
00000001001001111010000000100011
00001100010001001010100100000011
00001100010001001000011110010011
00001100100001001010011100000011
00000000111001111010000000100011
00001100100001001000011110010011
00000001001001111010000000100011
00000000000000000000000000010011
00000011110000010010000010000011
00000011100000010010010000000011
00000011010000010010010010000011
00000011000000010010100100000011
00000010110000010010100110000011
00000100000000010000000100010011
00000000000000001000000001100111
11111100000000010000000100010011
00000010100000010010111000100011
00000100000000010000010000010011
11111100101001000010011000100011
11111100110001000010011110000011
00000000000001111001011001100011
11111110000001000010000000100011
00001011110000000000000001101111
00000000000000010000011110110111
00000000000001111000011110010011
00000000000101111000011110010011
11111110111101000010011000100011
11111100110001000010011110000011
11111110111101000010010000100011
00000000000100000000011110010011
11111110111101000010000000100011
11111110000001000010001000100011
11111110110001000010011100000011
11111110100001000010011110000011
00000010111101110110011110110011
11111100111101000010111000100011
11111110110001000010011100000011
11111101110001000010011110000011
01000000111101110000011100110011
11111110100001000010011110000011
00000010111101110100011110110011
11111100111101000010110000100011
11111101110001000010011110000011
00000010000001111001010001100011
11111110000001000010011110000011
00000100000001111101110001100011
11111110000001000010011100000011
00000000000000010000011110110111
00000000000001111000011110010011
00000000000101111000011110010011
00000000111101110000011110110011
11111110111101000010000000100011
00000011110000000000000001101111
11111110100001000010011110000011
11111110111101000010011000100011
11111101110001000010011110000011
11111110111101000010010000100011
11111110000001000010011110000011
11111100111101000010101000100011
11111101100001000010011100000011
11111110000001000010011110000011
00000010111101110000011110110011
11111110010001000010011100000011
01000000111101110000011110110011
11111110111101000010000000100011
11111101010001000010011110000011
11111110111101000010001000100011
11111101110001000010011110000011
11110110000001111001100011100011
11111110000001000010011110000011
00000000111100000000010100110011
00000011110000010010010000000011
00000100000000010000000100010011
00000000000000001000000001100111
