11111101000000010000000100010011
00000010100000010010011000100011
00000011000000010000010000010011
11111100101001000010111000100011
11111101110001000010011110000011
11111110111101000010011000100011
11111110110001000010011110000011
00000000000001111100011110000011
00000000111100000000011100110011
11111110110001000010011110000011
00000000000101111000011110010011
00000000000001111100011110000011
00000000100001111001011110010011
00000000111101110000011100110011
11111110110001000010011110000011
00000000001001111000011110010011
00000000000001111100011110000011
00000001000001111001011110010011
00000000111101110000011100110011
11111110110001000010011110000011
00000000001101111000011110010011
00000000000001111100011110000011
00000001100001111001011110010011
00000000111101110000011110110011
00000000111100000000010100110011
00000010110000010010010000000011
00000011000000010000000100010011
00000000000000001000000001100111
11111101000000010000000100010011
00000010000100010010011000100011
00000010100000010010010000100011
00000011000000010000010000010011
11111100101001000010111000100011
11111100101101000010110000100011
11111100110001000010101000100011
11111101100001000010011110000011
11111110111101000010011000100011
11111101010001000010011100000011
11111101110001000010011110000011
00000000111101110000011100110011
11011110101011011100011110110111
00000000000001111000011110010011
11101110111101111000011110010011
00000000111101110000011110110011
11111110111101000010000000100011
11111110000001000010011110000011
11111110111101000010001000100011
11111110010001000010011110000011
11111110111101000010010000100011
00011101110000000000000001101111
11111110110001000010010100000011
00000000000000000000000000010011
00000000101000000000011100110011
11111110100001000010011110000011
00000000111001111000011110110011
11111110111101000010010000100011
11111110110001000010011110000011
00000000010001111000011110010011
00000000111100000000010100110011
00000000000000000000000000010011
00000000101000000000011100110011
11111110010001000010011110000011
00000000111001111000011110110011
11111110111101000010001000100011
11111110110001000010011110000011
00000000100001111000011110010011
00000000111100000000010100110011
00000000000000000000000000010011
00000000101000000000011100110011
11111110000001000010011110000011
00000000111001111000011110110011
11111110111101000010000000100011
11111110100001000010011100000011
11111110000001000010011110000011
01000000111101110000011110110011
11111110111101000010010000100011
11111110000001000010011110000011
00000000010001111001011100010011
00000001110001111101011110010011
00000000111001111110011110110011
11111110100001000010011100000011
00000000111101110100011110110011
11111110111101000010010000100011
11111110000001000010011100000011
11111110010001000010011110000011
00000000111101110000011110110011
11111110111101000010000000100011
11111110010001000010011100000011
11111110100001000010011110000011
01000000111101110000011110110011
11111110111101000010001000100011
11111110100001000010011110000011
00000000011001111001011100010011
00000001101001111101011110010011
00000000111001111110011110110011
11111110010001000010011100000011
00000000111101110100011110110011
11111110111101000010001000100011
11111110100001000010011100000011
11111110000001000010011110000011
00000000111101110000011110110011
11111110111101000010010000100011
11111110000001000010011100000011
11111110010001000010011110000011
01000000111101110000011110110011
11111110111101000010000000100011
11111110010001000010011110000011
00000000100001111001011100010011
00000001100001111101011110010011
00000000111001111110011110110011
11111110000001000010011100000011
00000000111101110100011110110011
11111110111101000010000000100011
11111110010001000010011100000011
11111110100001000010011110000011
00000000111101110000011110110011
11111110111101000010001000100011
11111110100001000010011100000011
11111110000001000010011110000011
01000000111101110000011110110011
11111110111101000010010000100011
11111110000001000010011110000011
00000001000001111001011100010011
00000001000001111101011110010011
00000000111001111110011110110011
11111110100001000010011100000011
00000000111101110100011110110011
11111110111101000010010000100011
11111110000001000010011100000011
11111110010001000010011110000011
00000000111101110000011110110011
11111110111101000010000000100011
11111110010001000010011100000011
11111110100001000010011110000011
01000000111101110000011110110011
11111110111101000010001000100011
11111110100001000010011110000011
00000000110101111101011100010011
00000001001101111001011110010011
00000000111001111110011110110011
11111110010001000010011100000011
00000000111101110100011110110011
11111110111101000010001000100011
11111110100001000010011100000011
11111110000001000010011110000011
00000000111101110000011110110011
11111110111101000010010000100011
11111110000001000010011100000011
11111110010001000010011110000011
01000000111101110000011110110011
11111110111101000010000000100011
11111110010001000010011110000011
00000000010001111001011100010011
00000001110001111101011110010011
00000000111001111110011110110011
11111110000001000010011100000011
00000000111101110100011110110011
11111110111101000010000000100011
11111110010001000010011100000011
11111110100001000010011110000011
00000000111101110000011110110011
11111110111101000010001000100011
11111101010001000010011110000011
11111111010001111000011110010011
11111100111101000010101000100011
11111110110001000010011110000011
00000000110001111000011110010011
11111110111101000010011000100011
11111101010001000010011100000011
00000000110000000000011110010011
11100010111001111110000011100011
11111101010001000010011100000011
00000000110000000000011110010011
00011100111001111110101001100011
11111101010001000010011110000011
00000000001001111001011100010011
00010000000000010000011110110111
00000000000001111000011110010011
00000000111101110000011110110011
00000000000001111010011110000011
00000000000001111000000001100111
11111110000001000010011110000011
00101110100000000000000001101111
11111110110001000010011110000011
00000000100001111000011110010011
00000000111100000000010100110011
00000000000000000000000000010011
00000000101000000000011100110011
11111110000001000010011110000011
00000000111001111000011110110011
11111110111101000010000000100011
11111110110001000010011110000011
00000000010001111000011110010011
00000000111100000000010100110011
00000000000000000000000000010011
00000000101000000000011100110011
11111110010001000010011110000011
00000000111001111000011110110011
11111110111101000010001000100011
11111110110001000010010100000011
00000000000000000000000000010011
00000000101000000000011100110011
11111110100001000010011110000011
00000000111001111000011110110011
11111110111101000010010000100011
00010101010000000000000001101111
11111110110001000010011110000011
00000000101001111000011110010011
00000000000001111100011110000011
00000001000001111001011110010011
11111110000001000010011100000011
00000000111101110000011110110011
11111110111101000010000000100011
11111110110001000010011110000011
00000000100101111000011110010011
00000000000001111100011110000011
00000000100001111001011110010011
11111110000001000010011100000011
00000000111101110000011110110011
11111110111101000010000000100011
11111110110001000010011110000011
00000000100001111000011110010011
00000000000001111100011110000011
00000000111100000000011100110011
11111110000001000010011110000011
00000000111001111000011110110011
11111110111101000010000000100011
11111110110001000010011110000011
00000000010001111000011110010011
00000000111100000000010100110011
00000000000000000000000000010011
00000000101000000000011100110011
11111110010001000010011110000011
00000000111001111000011110110011
11111110111101000010001000100011
11111110110001000010010100000011
00000000000000000000000000010011
00000000101000000000011100110011
11111110100001000010011110000011
00000000111001111000011110110011
11111110111101000010010000100011
00001100010000000000000001101111
11111110110001000010011110000011
00000000011001111000011110010011
00000000000001111100011110000011
00000001000001111001011110010011
11111110010001000010011100000011
00000000111101110000011110110011
11111110111101000010001000100011
11111110110001000010011110000011
00000000010101111000011110010011
00000000000001111100011110000011
00000000100001111001011110010011
11111110010001000010011100000011
00000000111101110000011110110011
11111110111101000010001000100011
11111110110001000010011110000011
00000000010001111000011110010011
00000000000001111100011110000011
00000000111100000000011100110011
11111110010001000010011110000011
00000000111001111000011110110011
11111110111101000010001000100011
11111110110001000010010100000011
00000000000000000000000000010011
00000000101000000000011100110011
11111110100001000010011110000011
00000000111001111000011110110011
11111110111101000010010000100011
00000101010000000000000001101111
11111110110001000010011110000011
00000000001001111000011110010011
00000000000001111100011110000011
00000001000001111001011110010011
11111110100001000010011100000011
00000000111101110000011110110011
11111110111101000010010000100011
11111110110001000010011110000011
00000000000101111000011110010011
00000000000001111100011110000011
00000000100001111001011110010011
11111110100001000010011100000011
00000000111101110000011110110011
11111110111101000010010000100011
11111110110001000010011110000011
00000000000001111100011110000011
00000000111100000000011100110011
11111110100001000010011110000011
00000000111001111000011110110011
11111110111101000010010000100011
11111110000001000010011100000011
11111110010001000010011110000011
00000000111101110100011110110011
11111110111101000010000000100011
11111110010001000010011110000011
00000000111001111001011100010011
00000001001001111101011110010011
00000000111001111110011110110011
11111110000001000010011100000011
01000000111101110000011110110011
11111110111101000010000000100011
11111110100001000010011100000011
11111110000001000010011110000011
00000000111101110100011110110011
11111110111101000010010000100011
11111110000001000010011110000011
00000000101101111001011100010011
00000001010101111101011110010011
00000000111001111110011110110011
11111110100001000010011100000011
01000000111101110000011110110011
11111110111101000010010000100011
11111110010001000010011100000011
11111110100001000010011110000011
00000000111101110100011110110011
11111110111101000010001000100011
11111110100001000010011110000011
00000000011101111101011100010011
00000001100101111001011110010011
00000000111001111110011110110011
11111110010001000010011100000011
01000000111101110000011110110011
11111110111101000010001000100011
11111110000001000010011100000011
11111110010001000010011110000011
00000000111101110100011110110011
11111110111101000010000000100011
11111110010001000010011110000011
00000001000001111001011100010011
00000001000001111101011110010011
00000000111001111110011110110011
11111110000001000010011100000011
01000000111101110000011110110011
11111110111101000010000000100011
11111110100001000010011100000011
11111110000001000010011110000011
00000000111101110100011110110011
11111110111101000010010000100011
11111110000001000010011110000011
00000000010001111001011100010011
00000001110001111101011110010011
00000000111001111110011110110011
11111110100001000010011100000011
01000000111101110000011110110011
11111110111101000010010000100011
11111110010001000010011100000011
11111110100001000010011110000011
00000000111101110100011110110011
11111110111101000010001000100011
11111110100001000010011110000011
00000000111001111001011100010011
00000001001001111101011110010011
00000000111001111110011110110011
11111110010001000010011100000011
01000000111101110000011110110011
11111110111101000010001000100011
11111110000001000010011100000011
11111110010001000010011110000011
00000000111101110100011110110011
11111110111101000010000000100011
11111110010001000010011110000011
00000000100001111101011100010011
00000001100001111001011110010011
00000000111001111110011110110011
11111110000001000010011100000011
01000000111101110000011110110011
11111110111101000010000000100011
11111110000001000010011110000011
00000000111100000000010100110011
00000010110000010010000010000011
00000010100000010010010000000011
00000011000000010000000100010011
00000000000000001000000001100111
11111010000000010000000100010011
00000100000100010010111000100011
00000100100000010010110000100011
00000101001000010010101000100011
00000101001100010010100000100011
00000101010000010010011000100011
00000101010100010010010000100011
00000101011000010010001000100011
00000101011100010010000000100011
00000011100000010010111000100011
00000011100100010010110000100011
00000011101000010010101000100011
00000011101100010010100000100011
00000110000000010000010000010011
11111010101001000010110000100011
11111010101101000010111000100011
11111010110001000010101000100011
11111010110101000010100000100011
11111011010001000010011010000011
11111100110101000010011000100011
11111011100001000010011000000011
11111011000001000010011010000011
00000000110101100000011000110011
11011110101011011100011010110111
00000000000001101000011010010011
11101110111101101000011010010011
00000000110101100000011010110011
11111100110101000010000000100011
11111100000001000010011010000011
11111100110101000010001000100011
11111100010001000010011010000011
11111100110101000010010000100011
11111011110001000010011010000011
00000000000001101101011100010011
00000000000000000000011110010011
11111100000001000010011110000011
00000000111001111000011110110011
11111100111101000010000000100011
00011101110000000000000001101111
11111100110001000010010100000011
00000000000000000000000000010011
00000000101000000000011100110011
11111100100001000010011110000011
00000000111001111000011110110011
11111100111101000010010000100011
11111100110001000010011110000011
00000000010001111000011110010011
00000000111100000000010100110011
00000000000000000000000000010011
00000000101000000000011100110011
11111100010001000010011110000011
00000000111001111000011110110011
11111100111101000010001000100011
11111100110001000010011110000011
00000000100001111000011110010011
00000000111100000000010100110011
00000000000000000000000000010011
00000000101000000000011100110011
11111100000001000010011110000011
00000000111001111000011110110011
11111100111101000010000000100011
11111100100001000010011100000011
11111100000001000010011110000011
01000000111101110000011110110011
11111100111101000010010000100011
11111100000001000010011110000011
00000000010001111001011100010011
00000001110001111101011110010011
00000000111001111110011110110011
11111100100001000010011100000011
00000000111101110100011110110011
11111100111101000010010000100011
11111100000001000010011100000011
11111100010001000010011110000011
00000000111101110000011110110011
11111100111101000010000000100011
11111100010001000010011100000011
11111100100001000010011110000011
01000000111101110000011110110011
11111100111101000010001000100011
11111100100001000010011110000011
00000000011001111001011100010011
00000001101001111101011110010011
00000000111001111110011110110011
11111100010001000010011100000011
00000000111101110100011110110011
11111100111101000010001000100011
11111100100001000010011100000011
11111100000001000010011110000011
00000000111101110000011110110011
11111100111101000010010000100011
11111100000001000010011100000011
11111100010001000010011110000011
01000000111101110000011110110011
11111100111101000010000000100011
11111100010001000010011110000011
00000000100001111001011100010011
00000001100001111101011110010011
00000000111001111110011110110011
11111100000001000010011100000011
00000000111101110100011110110011
11111100111101000010000000100011
11111100010001000010011100000011
11111100100001000010011110000011
00000000111101110000011110110011
11111100111101000010001000100011
11111100100001000010011100000011
11111100000001000010011110000011
01000000111101110000011110110011
11111100111101000010010000100011
11111100000001000010011110000011
00000001000001111001011100010011
00000001000001111101011110010011
00000000111001111110011110110011
11111100100001000010011100000011
00000000111101110100011110110011
11111100111101000010010000100011
11111100000001000010011100000011
11111100010001000010011110000011
00000000111101110000011110110011
11111100111101000010000000100011
11111100010001000010011100000011
11111100100001000010011110000011
01000000111101110000011110110011
11111100111101000010001000100011
11111100100001000010011110000011
00000000110101111101011100010011
00000001001101111001011110010011
00000000111001111110011110110011
11111100010001000010011100000011
00000000111101110100011110110011
11111100111101000010001000100011
11111100100001000010011100000011
11111100000001000010011110000011
00000000111101110000011110110011
11111100111101000010010000100011
11111100000001000010011100000011
11111100010001000010011110000011
01000000111101110000011110110011
11111100111101000010000000100011
11111100010001000010011110000011
00000000010001111001011100010011
00000001110001111101011110010011
00000000111001111110011110110011
11111100000001000010011100000011
00000000111101110100011110110011
11111100111101000010000000100011
11111100010001000010011100000011
11111100100001000010011110000011
00000000111101110000011110110011
11111100111101000010001000100011
11111011000001000010011110000011
11111111010001111000011110010011
11111010111101000010100000100011
11111100110001000010011110000011
00000000110001111000011110010011
11111100111101000010011000100011
11111011000001000010011100000011
00000000110000000000011110010011
11100010111001111110000011100011
11111011000001000010011100000011
00000000110000000000011110010011
00100000111001111110011001100011
11111011000001000010011110000011
00000000001001111001011100010011
00010000000000010000011110110111
00000011010001111000011110010011
00000000111101110000011110110011
00000000000001111010011110000011
00000000000001111000000001100111
11111100000001000010011110000011
00000000111100000000101000110011
00000000000000000000101010010011
11111100010001000010011110000011
11111010111101000010010000100011
11111010000001000010011000100011
11111010100001000010011110000011
00000000000001111001110010010011
00000000000000000000110000010011
00000001100010100000011100110011
00000000111000000000011010110011
00000001010001101011011010110011
00000001100110101000011110110011
00000000111101101000011010110011
00000000110100000000011110110011
00110001110000000000000001101111
11111100110001000010011110000011
00000000100001111000011110010011
00000000111100000000010100110011
00000000000000000000000000010011
00000000101000000000011100110011
11111100000001000010011110000011
00000000111001111000011110110011
11111100111101000010000000100011
11111100110001000010011110000011
00000000010001111000011110010011
00000000111100000000010100110011
00000000000000000000000000010011
00000000101000000000011100110011
11111100010001000010011110000011
00000000111001111000011110110011
11111100111101000010001000100011
11111100110001000010010100000011
00000000000000000000000000010011
00000000101000000000011100110011
11111100100001000010011110000011
00000000111001111000011110110011
11111100111101000010010000100011
00010101010000000000000001101111
11111100110001000010011110000011
00000000101001111000011110010011
00000000000001111100011110000011
00000001000001111001011110010011
11111100000001000010011100000011
00000000111101110000011110110011
11111100111101000010000000100011
11111100110001000010011110000011
00000000100101111000011110010011
00000000000001111100011110000011
00000000100001111001011110010011
11111100000001000010011100000011
00000000111101110000011110110011
11111100111101000010000000100011
11111100110001000010011110000011
00000000100001111000011110010011
00000000000001111100011110000011
00000000111100000000011100110011
11111100000001000010011110000011
00000000111001111000011110110011
11111100111101000010000000100011
11111100110001000010011110000011
00000000010001111000011110010011
00000000111100000000010100110011
00000000000000000000000000010011
00000000101000000000011100110011
11111100010001000010011110000011
00000000111001111000011110110011
11111100111101000010001000100011
11111100110001000010010100000011
00000000000000000000000000010011
00000000101000000000011100110011
11111100100001000010011110000011
00000000111001111000011110110011
11111100111101000010010000100011
00001100010000000000000001101111
11111100110001000010011110000011
00000000011001111000011110010011
00000000000001111100011110000011
00000001000001111001011110010011
11111100010001000010011100000011
00000000111101110000011110110011
11111100111101000010001000100011
11111100110001000010011110000011
00000000010101111000011110010011
00000000000001111100011110000011
00000000100001111001011110010011
11111100010001000010011100000011
00000000111101110000011110110011
11111100111101000010001000100011
11111100110001000010011110000011
00000000010001111000011110010011
00000000000001111100011110000011
00000000111100000000011100110011
11111100010001000010011110000011
00000000111001111000011110110011
11111100111101000010001000100011
11111100110001000010010100000011
00000000000000000000000000010011
00000000101000000000011100110011
11111100100001000010011110000011
00000000111001111000011110110011
11111100111101000010010000100011
00000101010000000000000001101111
11111100110001000010011110000011
00000000001001111000011110010011
00000000000001111100011110000011
00000001000001111001011110010011
11111100100001000010011100000011
00000000111101110000011110110011
11111100111101000010010000100011
11111100110001000010011110000011
00000000000101111000011110010011
00000000000001111100011110000011
00000000100001111001011110010011
11111100100001000010011100000011
00000000111101110000011110110011
11111100111101000010010000100011
11111100110001000010011110000011
00000000000001111100011110000011
00000000111100000000011100110011
11111100100001000010011110000011
00000000111001111000011110110011
11111100111101000010010000100011
11111100000001000010011100000011
11111100010001000010011110000011
00000000111101110100011110110011
11111100111101000010000000100011
11111100010001000010011110000011
00000000111001111001011100010011
00000001001001111101011110010011
00000000111001111110011110110011
11111100000001000010011100000011
01000000111101110000011110110011
11111100111101000010000000100011
11111100100001000010011100000011
11111100000001000010011110000011
00000000111101110100011110110011
11111100111101000010010000100011
11111100000001000010011110000011
00000000101101111001011100010011
00000001010101111101011110010011
00000000111001111110011110110011
11111100100001000010011100000011
01000000111101110000011110110011
11111100111101000010010000100011
11111100010001000010011100000011
11111100100001000010011110000011
00000000111101110100011110110011
11111100111101000010001000100011
11111100100001000010011110000011
00000000011101111101011100010011
00000001100101111001011110010011
00000000111001111110011110110011
11111100010001000010011100000011
01000000111101110000011110110011
11111100111101000010001000100011
11111100000001000010011100000011
11111100010001000010011110000011
00000000111101110100011110110011
11111100111101000010000000100011
11111100010001000010011110000011
00000001000001111001011100010011
00000001000001111101011110010011
00000000111001111110011110110011
11111100000001000010011100000011
01000000111101110000011110110011
11111100111101000010000000100011
11111100100001000010011100000011
11111100000001000010011110000011
00000000111101110100011110110011
11111100111101000010010000100011
11111100000001000010011110000011
00000000010001111001011100010011
00000001110001111101011110010011
00000000111001111110011110110011
11111100100001000010011100000011
01000000111101110000011110110011
11111100111101000010010000100011
11111100010001000010011100000011
11111100100001000010011110000011
00000000111101110100011110110011
11111100111101000010001000100011
11111100100001000010011110000011
00000000111001111001011100010011
00000001001001111101011110010011
00000000111001111110011110110011
11111100010001000010011100000011
01000000111101110000011110110011
11111100111101000010001000100011
11111100000001000010011100000011
11111100010001000010011110000011
00000000111101110100011110110011
11111100111101000010000000100011
11111100010001000010011110000011
00000000100001111101011100010011
00000001100001111001011110010011
00000000111001111110011110110011
11111100000001000010011100000011
01000000111101110000011110110011
11111100111101000010000000100011
11111100000001000010011110000011
00000000111100000000100100110011
00000000000000000000100110010011
11111100010001000010011110000011
00000000111100000000110100110011
00000000000000000000110110010011
00000000000011010001101110010011
00000000000000000000101100010011
00000001011010010000011100110011
00000000111000000000011010110011
00000001001001101011011010110011
00000001011110011000011110110011
00000000111101101000011010110011
00000000110100000000011110110011
00000000111000000000010100110011
00000000111100000000010110110011
00000101110000010010000010000011
00000101100000010010010000000011
00000101010000010010100100000011
00000101000000010010100110000011
00000100110000010010101000000011
00000100100000010010101010000011
00000100010000010010101100000011
00000100000000010010101110000011
00000011110000010010110000000011
00000011100000010010110010000011
00000011010000010010110100000011
00000011000000010010110110000011
00000110000000010000000100010011
00000000000000001000000001100111
