11111101000000010000000100010011
00000010000100010010011000100011
00000010100000010010010000100011
00000011000000010000010000010011
11111100101001000010111000100011
11111100101101000010110000100011
00001001000000000000010100010011
00000000000000000000000000010011
00000000101000000000011110110011
11111110111101000010011000100011
11111101110001000010011100000011
00000000000100000000011110010011
00000010111001111101111001100011
11111101100001000010011110000011
00000000010001111000011110010011
00000000000001111010011110000011
00000000111100000000010100110011
00000000000000000000000000010011
11111101100001000010011110000011
00000000100001111000011110010011
00000000000001111010011110000011
00000000111100000000010100110011
00000000000000000000000000010011
00000000101000000000011100110011
11111110110001000010011110000011
00000000111001111010101000100011
00000001000000000000000001101111
11111110110001000010011110000011
00000001010100000000011100010011
00000000111001111010101000100011
11111101110001000010011100000011
00000000001000000000011110010011
00000100111001111100000001100011
11111110110001000010011110000011
00000001100001111000011110010011
00010000000000010000011100110111
00000000000001110000011100010011
00000000000001110100010100000011
00000000000101110100010110000011
00000000001001110100011000000011
00000000001101110100011010000011
00000000010001110100011100000011
00000000101001111000000000100011
00000000101101111000000010100011
00000000110001111000000100100011
00000000110101111000000110100011
00000000111001111000001000100011
00000011100000000000000001101111
11111101100001000010011110000011
00000000100001111000011110010011
00000000000001111010011110000011
00000000111100000000010100110011
00000000000000000000000000010011
11111110110001000010011110000011
00000001100001111000011100010011
11111101100001000010011110000011
00000001000001111000011110010011
00000000000001111010011110000011
00000000111100000000010110110011
00000000111000000000010100110011
00000000000000000000000000010011
11111110110001000010010100000011
00000000000000000000000000010011
11111110110001000010010100000011
00000000000000000000000000010011
00000000000000000000011110010011
00000000111100000000010100110011
00000010110000010010000010000011
00000010100000010010010000000011
00000011000000010000000100010011
00000000000000001000000001100111
