11111101000000010000000100010011
00000010000100010010011000100011
00000010100000010010010000100011
00000011000000010000010000010011
11111100101001000010111000100011
00000000000000000000000000010011
00000000101000000000011110110011
11111111111100000000011100010011
00000000111001111000011001100011
00000000000001111000100001100011
00000010000000000000000001101111
11111111111100000000011110010011
00010101010000000000000001101111
00000000000000000000000000010011
00000000101000000000011100110011
11111111111100000000011110010011
00000000111101110000100001100011
00000001010000000000000001101111
00000000000000000000010100010011
00000000000000000000000000010011
11111111111100000000011110010011
00010011000000000000000001101111
00000000000000000000000000010011
00000000101000000000011110110011
11111111111100000000011100010011
00000000111001111000011001100011
00000000000001111000100001100011
00000001110000000000000001101111
11111111111100000000011110010011
00010001000000000000000001101111
11111101110001000010011110000011
00000000100001111111011110010011
00000000000001111000100001100011
00000001010000000000000001101111
00000000000000000000010100010011
00000000000000000000000000010011
00000000000000000000010100010011
00000000000000000000000000010011
11111101110001000010011110000011
00000000000101111111011110010011
00000000000001111001100001100011
00010000000000010000011110110111
00000000000001111000010100010011
00000000000000000000000000010011
11111101110001000010011110000011
00000000001001111111011110010011
00000100000001111001100001100011
00000000010000000000010100010011
00000000000000000000000000010011
11111110101001000010011000100011
11111110110001000010011100000011
11111111111100000000011110010011
00000000111101110001100001100011
00000000000000000010011110110111
00000000000001111000011110010011
11111110111101000010011000100011
11111110000001000010010000100011
00000001100000000000000001101111
11111110100001000010010100000011
00000000000000000000000000010011
11111110100001000010011110000011
00000000000101111000011110010011
11111110111101000010010000100011
11111110100001000010011100000011
11111110110001000010011110000011
11111110111101110100001011100011
11111101110001000010011110000011
00000000010001111111011110010011
00000110000001111001100001100011
00000000000000000000010100010011
00000000000000000000000000010011
00000000001000000000010110010011
00010000000000010000011110110111
00000000010001111000010100010011
00000000000000000000000000010011
11111110101001000010010000100011
11111110100001000010011110000011
00000000000001111000011001100011
11111111111100000000011110010011
00000100100000000000000001101111
00000000000100000000010110010011
00000000000000000000010100010011
00000000000000000000000000010011
00000000101000000000011100110011
00000000000100000000011110010011
00000000111101110000011001100011
11111111111100000000011110010011
00000010100000000000000001101111
00000000001000000000010110010011
00000000000000000000010100010011
00000000000000000000000000010011
00000000101000000000011100110011
00000000001000000000011110010011
00000000111101110000011001100011
11111111111100000000011110010011
00000000100000000000000001101111
00000000000000000000011110010011
00000000111100000000010100110011
00000010110000010010000010000011
00000010100000010010010000000011
00000011000000010000000100010011
00000000000000001000000001100111
