11110111000000010000000100010011
00001000000100010010011000100011
00001000100000010010010000100011
00001000100100010010001000100011
00001001000000010000010000010011
11110110101001000010111000100011
11110110101101000010110000100011
11110110110001000010101000100011
00011000000000000000011000010011
00000100001000000000010110010011
11110111100001000010010100000011
00000000000000000000000000010011
11111110101001000010011000100011
11111110110001000010011100000011
11111111111100000000011110010011
00000000111101110001101001100011
11110111100001000010010110000011
00010000000000010000011110110111
00000000000001111000010100010011
00000000000000000000000000010011
11110111010001000010011110000011
00000000000101111111011110010011
00000110000001111000010001100011
00000000000100000000010110010011
11111110110001000010010100000011
00000000000000000000000000010011
11110110101001000010101000100011
11110111010001000010011100000011
11111111111100000000011110010011
00000000111101110001101001100011
11110111100001000010010110000011
00010000000000010000011110110111
00000001110001111000010100010011
00000000000000000000000000010011
11110111010001000010011110000011
00000000000101111110011110010011
11110110111101000010101000100011
11110111010001000010011000000011
00000000001000000000010110010011
11111110110001000010010100000011
00000000000000000000000000010011
00000000101000000000011100110011
11111111111100000000011110010011
00000000111101110001101001100011
11110111100001000010010110000011
00010000000000010000011110110111
00000100000001111000010100010011
00000000000000000000000000010011
00000000000000000000011100010011
00000000000000000000011010010011
00000000000000000000011000010011
00000000000100000000010110010011
11111110110001000010010100000011
00000000000000000000000000010011
00000000101000000000011100110011
11111111111100000000011110010011
00000100111101110001100001100011
00000000000000000000000000010011
00000000101000000000011110110011
00000000000001111010011100000011
00000000101100000000011110010011
00000000111101110000110001100011
00000000000000000000000000010011
00000000101000000000011110110011
00000000000001111010011100000011
00000000110100000000011110010011
00000000111101110001110001100011
11110111110001000010011000000011
11110111100001000010010110000011
00010000000000010000011110110111
00000110010001111000010100010011
00000000000000000000000000010011
11110111100001000010010110000011
00010000000000010000011110110111
00001010000001111000010100010011
00000000000000000000000000010011
00000000000000000000010110010011
11111110110001000010010100000011
00000000000000000000000000010011
00000000101000000000011100110011
11111111111100000000011110010011
00000000111101110001101001100011
11110111100001000010010110000011
00010000000000010000011110110111
00001100000001111000010100010011
00000000000000000000000000010011
00000000000000000000000000010011
00000000101000000000011110110011
11111000100001000000011100010011
00000000111100000000011010110011
00010000000000010000011110110111
00001110010001111000011000010011
00000110010000000000010110010011
00000000111000000000010100110011
00000000000000000000000000010011
11111000100001000000011110010011
00000000111100000000010100110011
00000000000000000000000000010011
00000000101000000000011100110011
11111000100001000000011110010011
00000000111000000000011000110011
00000000111100000000010110110011
11111110110001000010010100000011
00000000000000000000000000010011
00000000101000000000011110110011
00000000111100000000010010110011
11111000100001000000011110010011
00000000111100000000010100110011
00000000000000000000000000010011
00000000101000000000011110110011
00000000111101001000101001100011
11110111100001000010010110000011
00010000000000010000011110110111
00001110110001111000010100010011
00000000000000000000000000010011
11111110110001000010011110000011
00000000111100000000010100110011
00001000110000010010000010000011
00001000100000010010010000000011
00001000010000010010010010000011
00001001000000010000000100010011
00000000000000001000000001100111
