11111011000000010000000100010011
00000100000100010010011000100011
00000100100000010010010000100011
00000101000000010000010000010011
11111010101001000010111000100011
11111010101101000010110000100011
11111010110001000010101000100011
11111100010001000000011110010011
00000010000000000000011000010011
00000000000000000000010110010011
00000000111100000000010100110011
00000000000000000000000000010011
11111100000001000010111000100011
11111100000001000010110000100011
11111110000001000010000000100011
11111100000001000010010000100011
11111011010001000010011110000011
11111100111101000010011000100011
11111100000001000000011100010011
11111100010001000000011110010011
00000000111000000000011010110011
00000000111100000000011000110011
11111011100001000010010110000011
11111011110001000010010100000011
00000000000000000000000000010011
11111110101001000010001000100011
11111110010001000010011110000011
00000000000001111000111001100011
00000000000000000000000000010011
00000000101000000000011100110011
00000010011000000000011110010011
00000000111101110010000000100011
11111111111100000000011110010011
00001100000000000000000001101111
11111100000001000010011110000011
11111110111101000010011000100011
00001000010000000000000001101111
11111110110001000010011110000011
00000000010001111010011100000011
11111110110001000010011110000011
00000000100001111010011010000011
11111110110001000010011110000011
00000000110001111010011110000011
00000000111100000000011000110011
00000000110100000000010110110011
00000000111000000000010100110011
00000000000000000000000000010011
11111110101001000010010000100011
11111110100001000010011100000011
11111111111100000000011110010011
00000010111101110000111001100011
11111110110001000010011110000011
00000001010001111010011100000011
11111110110001000010011110000011
00000001000001111010011110000011
00000000111100000000011000110011
00000000111000000000010110110011
11111110100001000010010100000011
00000000000000000000000000010011
00000000101000000000011100110011
11111111111100000000011110010011
00000010111101110001011001100011
11111110100001000010010100000011
00000000000000000000000000010011
00000000100000000000000001101111
00000000000000000000000000010011
11111110110001000010011110000011
00000001110001111010011110000011
11111110111101000010011000100011
11111110110001000010011110000011
11110110000001111001111011100011
00000000100000000000000001101111
00000000000000000000000000010011
11111100000001000010011110000011
00000000111100000000010100110011
00000000000000000000000000010011
11111110110001000010011110000011
00000000000001111000011001100011
11111110100001000010011110000011
00000000100000000000000001101111
11111111111100000000011110010011
00000000111100000000010100110011
00000100110000010010000010000011
00000100100000010010010000000011
00000101000000010000000100010011
00000000000000001000000001100111
11111001000000010000000100010011
00000110000100010010011000100011
00000110100000010010010000100011
00000111000000010000010000010011
11111010101001000010011000100011
11111010101101000010010000100011
11111010110001000010001000100011
11111010110101000010000000100011
11111000111001000010111000100011
11111100010001000000011110010011
00000010000000000000011000010011
00000000000000000000010110010011
00000000111100000000010100110011
00000000000000000000000000010011
11111100000001000010111000100011
11111100000001000010110000100011
11111110000001000010000000100011
11111010100001000010011110000011
11111100111101000010011000100011
11111100000001000010010000100011
00000000000100000000011110010011
11111100111101000010001000100011
11111100000001000000011100010011
11111100010001000000011110010011
00000000111000000000011010110011
00000000111100000000011000110011
11111010110001000010010110000011
00000000000000000000010100010011
00000000000000000000000000010011
11111110101001000010001000100011
11111110010001000010011110000011
00000000000001111000011001100011
11111111111100000000011110010011
00010110110000000000000001101111
00000000000100000000011110010011
11111010111101000010111000100011
11111100000001000010011110000011
11111110111101000010011000100011
00001100110000000000000001101111
11111110110001000010011110000011
00000000010001111010011100000011
11111110110001000010011110000011
00000000100001111010011010000011
11111110110001000010011110000011
00000000110001111010011110000011
00000000111100000000011000110011
00000000110100000000010110110011
00000000111000000000010100110011
00000000000000000000000000010011
11111110101001000010010000100011
11111110100001000010011100000011
11111111111100000000011110010011
00001000111101110000001001100011
11111010000001000010011110000011
00000100000001111000010001100011
11111011110001000000011110010011
00000000010000000000011100010011
00000000111100000000011010110011
00000000001000000000011000010011
00000000000100000000010110010011
11111110100001000010010100000011
00000000000000000000000000010011
00000000101000000000011100110011
11111111111100000000011110010011
00000010111101110001000001100011
11111110100001000010010100000011
00000000000000000000000000010011
11111100000001000010011110000011
00000000111100000000010100110011
00000000000000000000000000010011
11111111111100000000011110010011
00001101010000000000000001101111
11111110110001000010011110000011
00000001010001111010011100000011
11111110110001000010011110000011
00000001000001111010011110000011
00000000111100000000011000110011
00000000111000000000010110110011
11111110100001000010010100000011
00000000000000000000000000010011
00000000101000000000011110110011
00000010000001111000011001100011
11111110100001000010010100000011
00000000000000000000000000010011
00000000100000000000000001101111
00000000000000000000000000010011
11111110110001000010011110000011
00000001110001111010011110000011
11111110111101000010011000100011
11111110110001000010011110000011
11110010000001111001101011100011
00000000100000000000000001101111
00000000000000000000000000010011
11111110110001000010011110000011
00000010000001111000110001100011
11111010000001000010011110000011
00000010000001111000100001100011
11111001110001000010010110000011
11111110100001000010010100000011
00000000000000000000000000010011
00000000101000000000011100110011
11111111111100000000011110010011
00000000111101110001110001100011
11111100000001000010011110000011
00000000111100000000010100110011
00000000000000000000000000010011
11111111111100000000011110010011
00000100010000000000000001101111
11111110110001000010011110000011
00000000000001111000111001100011
11111010010001000010011110000011
00000000000001111000101001100011
11111110110001000010011110000011
00000001000001111010011100000011
11111010010001000010011110000011
00000000111001111010000000100011
11111100000001000010011110000011
00000000111100000000010100110011
00000000000000000000000000010011
11111110110001000010011110000011
00000000000001111000011001100011
11111110100001000010011110000011
00000000100000000000000001101111
11111111111100000000011110010011
00000000111100000000010100110011
00000110110000010010000010000011
00000110100000010010010000000011
00000111000000010000000100010011
00000000000000001000000001100111
11111110000000010000000100010011
00000000000100010010111000100011
00000000100000010010110000100011
00000010000000010000010000010011
11111110101001000010011000100011
11111110101101000010010000100011
11111110110001000010001000100011
11111110100001000010011100000011
00000000000100000000011010010011
11111110010001000010011000000011
00000000000100000000010110010011
11111110110001000010010100000011
00000000000000000000000000010011
00000000101000000000011110110011
00000000111100000000010100110011
00000001110000010010000010000011
00000001100000010010010000000011
00000010000000010000000100010011
00000000000000001000000001100111
11111110000000010000000100010011
00000000000100010010111000100011
00000000100000010010110000100011
00000010000000010000010000010011
11111110101001000010011000100011
11111110101101000010010000100011
11111110110001000010001000100011
00000000000000000000011100010011
00000000000000000000011010010011
11111110010001000010011000000011
11111110100001000010010110000011
11111110110001000010010100000011
00000000000000000000000000010011
00000000101000000000011110110011
00000000111100000000010100110011
00000001110000010010000010000011
00000001100000010010010000000011
00000010000000010000000100010011
00000000000000001000000001100111
10111011000000010000000100010011
01000100000100010010011000100011
01000100100000010010010000100011
01000101000000010000010000010011
10111010101001000010111000100011
10111010101101000010110000100011
10111010110001000010101000100011
10111010110101000010100000100011
10111100110001000000011100010011
10111110110001000000011000010011
00000000001000000000100000010011
00000010000000000000011110010011
01000000000100000000011010010011
10111011100001000010010110000011
10111011110001000010010100000011
00000000000000000000000000010011
00000000101000000000011110110011
00000010000001111001010001100011
10111011000001000010010110000011
10111100110001000000011100010011
10111110110001000000011110010011
00000000111100000000011010110011
00010000000000010000011110110111
00000000000001111000011000010011
10111011010001000010010100000011
00000000000000000000000000010011
00000001110000000000000001101111
10111011000001000010011100000011
00010000000000010000011110110111
00000000110001111000011000010011
00000000111000000000010110110011
10111011010001000010010100000011
00000000000000000000000000010011
10111011000001000010011110000011
11111111111101111000011110010011
10111011010001000010011100000011
00000000111101110000011110110011
00000000000001111000000000100011
10111011010001000010011110000011
00000000111100000000010100110011
01000100110000010010000010000011
01000100100000010010010000000011
01000101000000010000000100010011
00000000000000001000000001100111
