11111101000000010000000100010011
00000010000100010010011000100011
00000010100000010010010000100011
00000011000000010000010000010011
11111100101001000010111000100011
11111100101101000010110000100011
00000011101000000000010110010011
11111101110001000010010100000011
00000000000000000000000000010011
11111110101001000010011000100011
11111110110001000010011110000011
00000000000001111000011001100011
11111110110001000010011110000011
00000000000001111000000000100011
00000010111100000000010110010011
11111101110001000010010100000011
00000000000000000000000000010011
11111110101001000010010000100011
11111110100001000010011110000011
00000000000001111000011001100011
11111110100001000010011110000011
00000000000001111000000000100011
11111101110001000010010100000011
00000000000000000000000000010011
00000000101000000000011100110011
11111101100001000010011110000011
00000000111001111010010000100011
11111110100001000010011110000011
00000000000001111000111001100011
11111110100001000010011110000011
00000000000101111000011110010011
00000000111100000000010100110011
00000000000000000000000000010011
00000000101000000000011100110011
00000000100000000000000001101111
00000000000000000000011100010011
11111101100001000010011110000011
00000000111001111010011000100011
11111110110001000010011110000011
00000000000001111001110001100011
11111101100001000010011110000011
00000000000001111010000000100011
11111101100001000010011110000011
00000000000001111010001000100011
00000111010000000000000001101111
11111110110001000010011110000011
00000000000101111000011110010011
00000010111100000000010110010011
00000000111100000000010100110011
00000000000000000000000000010011
11111110101001000010010000100011
11111110100001000010011110000011
00000000000001111000011001100011
11111110100001000010011110000011
00000000000001111000000000100011
11111110110001000010011110000011
00000000000101111000011110010011
00000000111100000000010100110011
00000000000000000000000000010011
00000000101000000000011100110011
11111101100001000010011110000011
00000000111001111010000000100011
11111110100001000010011110000011
00000000000001111000111001100011
11111110100001000010011110000011
00000000000101111000011110010011
00000000111100000000010100110011
00000000000000000000000000010011
00000000101000000000011100110011
00000000100000000000000001101111
00000000000000000000011100010011
11111101100001000010011110000011
00000000111001111010001000100011
00000000000000000000000000010011
00000010110000010010000010000011
00000010100000010010010000000011
00000011000000010000000100010011
00000000000000001000000001100111
