11111100000000010000000100010011
00000010000100010010111000100011
00000010100000010010110000100011
00000011001000010010101000100011
00000011001100010010100000100011
00000011010000010010011000100011
00000011010100010010010000100011
00000100000000010000010000010011
11111100101001000010011000100011
11111100101101000010010000100011
11111101100001000000011110010011
00000000111100000000010110110011
11111100100001000010010100000011
00000000000000000000000000010011
00000000101000000000011100110011
11111111111100000000011110010011
00000000111101110001011001100011
11111111111100000000011110010011
00001101010000000000000001101111
11111100110001000010010110000011
00010000000000010000011110110111
00000000000001111000010100010011
00000000000000000000000000010011
11111101100001000010011100000011
11111111111100000000011110010011
00000000111101110001101001100011
00010000000000010000011110110111
00000000110001111000010100010011
00000000000000000000000000010011
00000100000000000000000001101111
11111101100001000010011100000011
11111111111100000000011110010011
00000000111101110001101001100011
00010000000000010000011110110111
00000001100001111000010100010011
00000000000000000000000000010011
00000010010000000000000001101111
11111101100001000010011110000011
00000000111100000000101000110011
00000000000000000000101010010011
00000001010000000000011000110011
00000001010100000000011010110011
00010000000000010000011110110111
00000010100001111000010100010011
00000000000000000000000000010011
00010000000000010000011110110111
00000011000001111000010100010011
00000000000000000000000000010011
11111101110001000010011100000011
11111111111100000000011110010011
00000000111101110001101001100011
00010000000000010000011110110111
00000000110001111000010100010011
00000000000000000000000000010011
00000100000000000000000001101111
11111101110001000010011100000011
11111111111100000000011110010011
00000000111101110001101001100011
00010000000000010000011110110111
00000001100001111000010100010011
00000000000000000000000000010011
00000010010000000000000001101111
11111101110001000010011110000011
00000000111100000000100100110011
00000000000000000000100110010011
00000001001000000000011000110011
00000001001100000000011010110011
00010000000000010000011110110111
00000011100001111000010100010011
00000000000000000000000000010011
00000000000000000000011110010011
00000000111100000000010100110011
00000011110000010010000010000011
00000011100000010010010000000011
00000011010000010010100100000011
00000011000000010010100110000011
00000010110000010010101000000011
00000010100000010010101010000011
00000100000000010000000100010011
00000000000000001000000001100111
