11111110000000010000000100010011
00000000000100010010111000100011
00000000100000010010110000100011
00000000100100010010101000100011
00000010000000010000010000010011
11111110101001000010011000100011
11111110101101000010010000100011
11111110110001000010011110000011
00000000000001111000101001100011
11111110110001000010010110000011
00010000000000010000011110110111
00000000000001111000010100010011
00000000000000000000000000010011
11111110100001000010011110000011
00000111111101111111011110010011
00000010000001111001001001100011
11111110100001000010011110000011
01000000100001111101011110010011
00001111111101111111011110010011
00000000111100000000010110110011
00010000000000010000011110110111
00000000010001111000010100010011
00000000000000000000000000010011
00010000110000000000000001101111
11111110100001000010011110000011
00001111111101111111011110010011
00000111111101111111011110010011
00001111111101111111011110010011
00000000000101111000011110010011
00001111111101111111011110010011
00000001100001111001011110010011
01000001100001111101011110010011
01000000000101111101011110010011
00000001100001111001011110010011
01000001100001111101011110010011
00000100111100000101110001100011
11111110100001000010011110000011
00000111111101111111010010010011
11111110100001000010011110000011
00000111111101111111011110010011
00000000111100000000010100110011
00000000000000000000000000010011
00000000101000000000011110110011
00000000111100000000011000110011
00000000100100000000010110110011
00010000000000010000011110110111
00000010000001111000010100010011
00000000000000000000000000010011
11111110100001000010011110000011
00001000000001111111011110010011
00000000000001111000100001100011
00010000000000010000011110110111
00000100000001111000010100010011
00000000000000000000000000010011
00000000101000000000010100010011
00000000000000000000000000010011
00001000100000000000000001101111
11111110100001000010011110000011
00001111111101111111011100010011
00000111111100000000011110010011
00000100111101110001000001100011
11111110100001000010011110000011
01000000100001111101011110010011
00001111111101111111010010010011
11111110100001000010011110000011
01000000100001111101011110010011
00001111111101111111011110010011
00000000111100000000010100110011
00000000000000000000000000010011
00000000101000000000011110110011
00000000111100000000011000110011
00000000100100000000010110110011
00010000000000010000011110110111
00000101000001111000010100010011
00000000000000000000000000010011
00000011110000000000000001101111
11111110100001000010011100000011
00000000000000010000011110110111
00000000000001111000011110010011
11111111111101111000011110010011
00000000111101110001101001100011
00010000000000010000011110110111
00000111010001111000010100010011
00000000000000000000000000010011
00000001100000000000000001101111
11111110100001000010011110000011
00000000111100000000010110110011
00010000000000010000011110110111
00001000010001111000010100010011
00000000000000000000000000010011
00000000000000000000000000010011
00000001110000010010000010000011
00000001100000010010010000000011
00000001010000010010010010000011
00000010000000010000000100010011
00000000000000001000000001100111
