10111101000000010000000100010011
01000010000100010010011000100011
01000010100000010010010000100011
01000011000000010000010000010011
10111110101001000010011000100011
10111110101101000010010000100011
10111110110001000010001000100011
10111110110101000010000000100011
10111100111001000010111000100011
10111111100001000000011110010011
00111110100000000000010110010011
00000000111100000000010100110011
00000000000000000000000000010011
11111110101001000010011000100011
11111110110001000010011100000011
11111111111100000000011110010011
00000000111101110001011001100011
11111111111100000000011110010011
00100010100000000000000001101111
10111110100001000010011110000011
00000100000001111000101001100011
10111111100001000000011110010011
00000000111100000000010100110011
00000000000000000000000000010011
00000000101000000000011100110011
10111110010001000010011110000011
00000000111101110111111001100011
10111111100001000000011110010011
10111110010001000010011000000011
00000000111100000000010110110011
10111110100001000010010100000011
00000000000000000000000000010011
00000010010000000000000001101111
11111110110001000010010100000011
00000000000000000000000000010011
00000000000000000000000000010011
00000000101000000000011100110011
00000100101100000000011110010011
00000000111101110010000000100011
11111111111100000000011110010011
00011101000000000000000001101111
00000000000000000000000000010011
00000000101000000000011110110011
11111110111101000010010000100011
11111110100001000010011100000011
11111111111100000000011110010011
00000010111101110001101001100011
00000000000000000000000000010011
00000000101000000000011110110011
00000000000001111010011110000011
11111110111101000010000000100011
11111110110001000010010100000011
00000000000000000000000000010011
00000000000000000000000000010011
00000000101000000000011100110011
11111110000001000010011110000011
00000000111101110010000000100011
11111111111100000000011110010011
00011000100000000000000001101111
11111110100001000010011110000011
00000000000001111000110001100011
10111110110001000010011110000011
11111110110001000010011100000011
00000000111001111010000000100011
11111110100001000010011110000011
00010110110000000000000001101111
00000000000000000000000000010011
00000000101000000000011100110011
11111111111100000000011110010011
00000000111101110001100001100011
00010000000000010000011110110111
00000000000001111000010100010011
00000000000000000000000000010011
11111110110001000010010100000011
00000000000000000000000000010011
10111111100001000000011110010011
00000000001000000000010110010011
00000000111100000000010100110011
00000000000000000000000000010011
11111110101001000010001000100011
11111110010001000010011100000011
11111111111100000000011110010011
00000000111101110001100001100011
00010000000000010000011110110111
00000001000001111000010100010011
00000000000000000000000000010011
00000000000000000000011000010011
00000000000000000101011110110111
00000000000001111000011110010011
01000000111001111000010110010011
11111110010001000010010100000011
00000000000000000000000000010011
00000000101000000000011100110011
11111111111100000000011110010011
00000000111101110001100001100011
00010000000000010000011110110111
00000010010001111000010100010011
00000000000000000000000000010011
10111110000001000010011110000011
00000010000001111000011001100011
10111110000001000010011000000011
00000000000000000000010110010011
11111110010001000010010100000011
00000000000000000000000000010011
00000000101000000000011100110011
11111111111100000000011110010011
00000000111101110001100001100011
00010000000000010000011110110111
00000011110001111000010100010011
00000000000000000000000000010011
10111101110001000010011110000011
00000010000001111000101001100011
10111101110001000010011000000011
00000000000000000101011110110111
00000000000001111000011110010011
01000001010001111000010110010011
11111110010001000010010100000011
00000000000000000000000000010011
00000000101000000000011100110011
11111111111100000000011110010011
00000000111101110001100001100011
00010000000000010000011110110111
00000101000001111000010100010011
00000000000000000000000000010011
00000000000000000000010110010011
11111110010001000010010100000011
00000000000000000000000000010011
00000000101000000000011110110011
00000000000001111000100001100011
00010000000000010000011110110111
00000110110001111000010100010011
00000000000000000000000000010011
00000000000100000000010110010011
11111110010001000010010100000011
00000000000000000000000000010011
00000000101000000000011100110011
00000000000100000000011110010011
00000000111101110000100001100011
00010000000000010000011110110111
00001000100001111000010100010011
00000000000000000000000000010011
00000000001000000000010110010011
11111110010001000010010100000011
00000000000000000000000000010011
00000000101000000000011100110011
00000000001000000000011110010011
00000000111101110000100001100011
00010000000000010000011110110111
00001010010001111000010100010011
00000000000000000000000000010011
11111110010001000010011100000011
00000000001000000000011110010011
00000000111001111101011001100011
11111110010001000010010100000011
00000000000000000000000000010011
00000000000000000000011110010011
00000000111100000000010100110011
01000010110000010010000010000011
01000010100000010010010000000011
01000011000000010000000100010011
00000000000000001000000001100111
