11111101000000010000000100010011
00000010000100010010011000100011
00000010100000010010010000100011
00000011000000010000010000010011
11111100101001000010111000100011
11111100101101000010110000100011
11111100110001000010101000100011
11111110000001000010010000100011
00000000000100000000011110010011
11111110111101000010011000100011
00000101100000000000000001101111
11111110110001000010010110000011
11111101010001000010010100000011
00000000000000000000000000010011
00000000101000000000011110110011
00000010000001111000110001100011
11111110100001000010011110000011
00000000000101111000011110010011
11111110111101000010010000100011
11111110110001000010010100000011
00000000000000000000000000010011
00000000101000000000011110110011
00000000111100000000011100110011
11111110110001000010011010000011
11111101100001000010011000000011
00010000000000010000011110110111
00000000000001111000010110010011
11111101110001000010010100000011
00000000000000000000000000010011
11111110110001000010011110000011
00000000000101111000011110010011
11111110111101000010011000100011
11111110110001000010011100000011
00000100000000000000011110010011
11111010111001111101001011100011
11111110100001000010011110000011
00000000000001111001110001100011
11111101100001000010011000000011
00010000000000010000011110110111
00000000110001111000010110010011
11111101110001000010010100000011
00000000000000000000000000010011
00000000000000000000000000010011
00000010110000010010000010000011
00000010100000010010010000000011
00000011000000010000000100010011
00000000000000001000000001100111
11110110000000010000000100010011
00001000000100010010111000100011
00001000100000010010110000100011
00001010000000010000010000010011
11110110101001000010011000100011
11110110101101000010010000100011
11110110100001000010011110000011
00000000000001111000100001100011
11110110110001000010010110000011
11110110100001000010010100000011
00000000000000000000000000010011
11110111000001000000011110010011
00000000111100000000011000110011
00000000000000000000010110010011
00000000000000000000010100010011
00000000000000000000000000010011
00000000101000000000011100110011
11111111111100000000011110010011
00000000111101110001011001100011
11111111111100000000011110010011
00000010000000000000000001101111
11110111000001000000011110010011
00000000111100000000011000110011
00010000000000010000011110110111
00000010010001111000010110010011
11110110110001000010010100000011
00000000000000000000000000010011
00000000000000000000011110010011
00000000111100000000010100110011
00001001110000010010000010000011
00001001100000010010010000000011
00001010000000010000000100010011
00000000000000001000000001100111
11110110000000010000000100010011
00001000000100010010111000100011
00001000100000010010110000100011
00001010000000010000010000010011
11110110101001000010011000100011
11110110101101000010010000100011
11110110100001000010011110000011
00000000000001111000100001100011
11110110110001000010010110000011
11110110100001000010010100000011
00000000000000000000000000010011
11110111000001000000011110010011
00000000111100000000010100110011
00000000000000000000000000010011
00000000101000000000011100110011
11111111111100000000011110010011
00000000111101110001011001100011
11111111111100000000011110010011
00000010000000000000000001101111
11110111000001000000011110010011
00000000111100000000011000110011
00010000000000010000011110110111
00000010010001111000010110010011
11110110110001000010010100000011
00000000000000000000000000010011
00000000000000000000011110010011
00000000111100000000010100110011
00001001110000010010000010000011
00001001100000010010010000000011
00001010000000010000000100010011
00000000000000001000000001100111
