11111010000000010000000100010011
00000100000100010010111000100011
00000100100000010010110000100011
00000110000000010000010000010011
11111010101001000010011000100011
11111010101101000010010000100011
11111011010001000000011110010011
00000000111100000000010110110011
11111010110001000010010100000011
00000000000000000000000000010011
00000000101000000000011100110011
11111111111100000000011110010011
00000000111101110001011001100011
11111111111100000000011110010011
00001000100000000000000001101111
11111010100001000010011110000011
00000010000001111000001001100011
11111010100001000010011110000011
00000000111100000000011010110011
11111011010001000000011110010011
00000011110000000000011100010011
00000000111000000000011000110011
00000000111100000000010110110011
00000000110100000000010100110011
00000000000000000000000000010011
11111100000001000010011110000011
11111111010101111111011110010011
11111100111101000010000000100011
11111100000001000010011110000011
00000000000101111110011110010011
11111100111101000010000000100011
11111011010001000010011110000011
11101111111101111111011110010011
11111010111101000010101000100011
00000000000100000000011110010011
11111100111101000000010110100011
11111100000001000000010100100011
11111011010001000000011110010011
00000000111100000000011000110011
00000000001000000000010110010011
11111010110001000010010100000011
00000000000000000000000000010011
00000000101000000000011100110011
11111111111100000000011110010011
00000000111101110001011001100011
11111111111100000000011110010011
00000000100000000000000001101111
00000000000000000000011110010011
00000000111100000000010100110011
00000101110000010010000010000011
00000101100000010010010000000011
00000110000000010000000100010011
00000000000000001000000001100111
11111010000000010000000100010011
00000100000100010010111000100011
00000100100000010010110000100011
00000110000000010000010000010011
11111010101001000010011000100011
11111010101101000010010000100011
11111011010001000000011110010011
00000000111100000000010110110011
11111010110001000010010100000011
00000000000000000000000000010011
00000000101000000000011100110011
11111111111100000000011110010011
00000000111101110001011001100011
11111111111100000000011110010011
00001001010000000000000001101111
11111010100001000010011110000011
00000010000001111000001001100011
11111010100001000010011110000011
00000000111100000000011010110011
11111011010001000000011110010011
00000011110000000000011100010011
00000000111000000000011000110011
00000000111100000000010110110011
00000000110100000000010100110011
00000000000000000000000000010011
11111100000001000010011100000011
11111111111111111000011110110111
00000000000001111000011110010011
11111111010001111000011110010011
00000000111101110111011110110011
11111100111101000010000000100011
11111011010001000010011110000011
10100000010001111111011110010011
11111010111101000010101000100011
11111011100001000010011110000011
11111111111001111111011110010011
11111010111101000010110000100011
00000000000100000000011110010011
11111100111101000000010110100011
11111100000001000000010100100011
11111011010001000000011110010011
00000000111100000000011000110011
00000000001000000000010110010011
11111010110001000010010100000011
00000000000000000000000000010011
00000000101000000000011100110011
11111111111100000000011110010011
00000000111101110001011001100011
11111111111100000000011110010011
00000000100000000000000001101111
00000000000000000000011110010011
00000000111100000000010100110011
00000101110000010010000010000011
00000101100000010010010000000011
00000110000000010000000100010011
00000000000000001000000001100111
