11111110000000010000000100010011
00000000000100010010111000100011
00000000100000010010110000100011
00000000100100010010101000100011
00000010000000010000010000010011
11111110101001000010011000100011
11111110101101000010010000100011
11111110100001000010011100000011
11111110110001000010011110000011
00000000111001111101011001100011
11111111111100000000011110010011
00000101110000000000000001101111
11111110110001000010011100000011
11111110100001000010011110000011
00000000111101110000011001100011
11111110100001000010011110000011
00000000000001111001011001100011
00000000000100000000011110010011
00000100000000000000000001101111
11111110110001000010011110000011
11111111111101111000011100010011
11111110100001000010011110000011
11111111111101111000011110010011
00000000111100000000010110110011
00000000111000000000010100110011
00000000000000000000000000010011
00000000101000000000010010110011
11111110110001000010011110000011
11111111111101111000011110010011
11111110100001000010010110000011
00000000111100000000010100110011
00000000000000000000000000010011
00000000101000000000011110110011
00000000111101001000011110110011
00000000111100000000010100110011
00000001110000010010000010000011
00000001100000010010010000000011
00000001010000010010010010000011
00000010000000010000000100010011
00000000000000001000000001100111
11111101000000010000000100010011
00000010000100010010011000100011
00000010100000010010010000100011
00000011000000010000010000010011
11111100101001000010111000100011
11111100101101000010110000100011
11111101110001000010011100000011
00000000001100000000011110010011
00000010111101110000001001100011
11111101100001000010011110000011
00000000000001111010011110000011
00000000111100000000010110110011
00010000000000010000011110110111
00000000000001111000010100010011
00000000000000000000000000010011
00000000000100000000011110010011
00000110000000000000000001101111
11111101100001000010011110000011
00000000010001111000011110010011
00000000000001111010011110000011
00000000111100000000010100110011
00000000000000000000000000010011
11111110101001000010011000100011
11111101100001000010011110000011
00000000100001111000011110010011
00000000000001111010011110000011
00000000111100000000010100110011
00000000000000000000000000010011
11111110101001000010010000100011
11111110100001000010010110000011
11111110110001000010010100000011
00000000000000000000000000010011
11111110101001000010001000100011
11111110010001000010011010000011
11111110100001000010011000000011
11111110110001000010010110000011
00010000000000010000011110110111
00000001010001111000010100010011
00000000000000000000000000010011
00000000000000000000011110010011
00000000111100000000010100110011
00000010110000010010000010000011
00000010100000010010010000000011
00000011000000010000000100010011
00000000000000001000000001100111
