11111101000000010000000100010011
00000010000100010010011000100011
00000010100000010010010000100011
00000011000000010000010000010011
11111100101001000010111000100011
11111101110001000010010100000011
00000000000000000000000000010011
11111110101001000010011000100011
11111110110001000010011110000011
00000000000001111000100001100011
11111110110001000010011110000011
00000000000001111010011110000011
00000000100000000000000001101111
00000000000000000000011110010011
00000000111100000000010100110011
00000010110000010010000010000011
00000010100000010010010000000011
00000011000000010000000100010011
00000000000000001000000001100111
11111101000000010000000100010011
00000010000100010010011000100011
00000010100000010010010000100011
00000011000000010000010000010011
11111100101001000010111000100011
11111101110001000010011110000011
00000000000001111000100001100011
11111101110001000010011110000011
00000000000001111100011110000011
00000000000001111001011001100011
11111111111100000000011110010011
00000101100000000000000001101111
11111110010001000000011110010011
00000000101000000000011000010011
00000000111100000000010110110011
11111101110001000010010100000011
00000000000000000000000000010011
00000000101000000000011110110011
11111110111101000010011000100011
11111110010001000010011110000011
00000000000001111100011110000011
00000000000001111001011001100011
11111110110001000010011110000011
00000010100000000000000001101111
11111101110001000010010100000011
00000000000000000000000000010011
11111110101001000010010000100011
11111110100001000010011110000011
00000000000001111001011001100011
11111111111100000000011110010011
00000000110000000000000001101111
11111110100001000010011110000011
00000000100001111010011110000011
00000000111100000000010100110011
00000010110000010010000010000011
00000010100000010010010000000011
00000011000000010000000100010011
00000000000000001000000001100111
11111101000000010000000100010011
00000010000100010010011000100011
00000010100000010010010000100011
00000011000000010000010000010011
11111100101001000010111000100011
11111101110001000010010100000011
00000000000000000000000000010011
11111110101001000010011000100011
11111110110001000010011110000011
00000000000001111000100001100011
11111110110001000010011110000011
00000000000001111010011110000011
00000000100000000000000001101111
00000000000000000000011110010011
00000000111100000000010100110011
00000010110000010010000010000011
00000010100000010010010000000011
00000011000000010000000100010011
00000000000000001000000001100111
11111101000000010000000100010011
00000010000100010010011000100011
00000010100000010010010000100011
00000011000000010000010000010011
11111100101001000010111000100011
11111101110001000010011110000011
00000000000001111000100001100011
11111101110001000010011110000011
00000000000001111100011110000011
00000000000001111001011001100011
11111111111100000000011110010011
00000101100000000000000001101111
11111110010001000000011110010011
00000000101000000000011000010011
00000000111100000000010110110011
11111101110001000010010100000011
00000000000000000000000000010011
00000000101000000000011110110011
11111110111101000010011000100011
11111110010001000010011110000011
00000000000001111100011110000011
00000000000001111001011001100011
11111110110001000010011110000011
00000010100000000000000001101111
11111101110001000010010100000011
00000000000000000000000000010011
11111110101001000010010000100011
11111110100001000010011110000011
00000000000001111001011001100011
11111111111100000000011110010011
00000000110000000000000001101111
11111110100001000010011110000011
00000000100001111010011110000011
00000000111100000000010100110011
00000010110000010010000010000011
00000010100000010010010000000011
00000011000000010000000100010011
00000000000000001000000001100111
