11111101000000010000000100010011
00000010100000010010011000100011
00000011000000010000010000010011
11111100101001000010111000100011
11111100101101000010110000100011
11111100110001000010101000100011
11111110000001000010011000100011
00000011110000000000000001101111
11111110110001000010011110000011
00000000001001111001011110010011
11111101100001000010011100000011
00000000111101110000011110110011
00000000000001111010000000100011
11111110110001000010011110000011
00000000001001111001011110010011
11111101010001000010011100000011
00000000111101110000011110110011
11111111111100000000011100010011
00000000111001111010000000100011
11111110110001000010011110000011
00000000000101111000011110010011
11111110111101000010011000100011
11111101110001000010011110000011
00000000100001111010011110000011
11111110110001000010011100000011
11111010111001111101111011100011
00000000000000000000000000010011
00000000000000000000000000010011
00000010110000010010010000000011
00000011000000010000000100010011
00000000000000001000000001100111
11111100000000010000000100010011
00000010000100010010111000100011
00000010100000010010110000100011
00000100000000010000010000010011
11111100101001000010111000100011
11111100101101000010110000100011
11111100110001000010101000100011
11111100110101000010100000100011
11111100111001000010011000100011
00000000000000000000000000010011
11111110101001000010010000100011
11111101100001000010011110000011
00000000001001111001011110010011
11111101010001000010011100000011
00000000111101110000011110110011
00000000000100000000011100010011
00000000111001111010000000100011
11111101100001000000011110010011
00000000111100000000010110110011
11111110100001000010010100000011
00000000000000000000000000010011
00011001100000000000000001101111
11111110100001000010010100000011
00000000000000000000000000010011
00000000101000000000011110110011
00000000000001111010011110000011
11111110111101000010001000100011
11111110010001000010011110000011
00000000001001111001011110010011
11111101010001000010011100000011
00000000111101110000011110110011
00000000000100000000011100010011
00000000111001111010000000100011
11111100110001000010011110000011
00000000000001111000101001100011
11111100110001000010011110000011
00000000000001111010011110000011
11111110010001000010010100000011
00000000000001111000000011100111
11111101110001000010011110000011
00000000000001111010011100000011
11111110010001000010011110000011
00000000001001111001011110010011
00000000111101110000011110110011
00000000000001111010011110000011
11111110111101000010011000100011
00001111110000000000000001101111
11111101110001000010011110000011
00000000010001111010011100000011
11111110010001000010011110000011
00000000001001111001011110010011
00000000111101110000011110110011
00000000000001111010011100000011
11111101110001000010011110000011
00000000010001111010011010000011
11111110010001000010011110000011
00000000001001111001011110010011
00000000111101101000011110110011
00000000000101110000011100010011
00000000111001111010000000100011
11111110110001000010011110000011
11111110111101000010000000100011
11111110000001000010011110000011
00000000000001111010011110000011
00000000001001111001011110010011
11111101010001000010011100000011
00000000111101110000011110110011
00000000000001111010011110000011
00000100000001111001010001100011
11111110000001000010011110000011
00000000000001111010011110000011
00000000001001111001011110010011
11111101010001000010011100000011
00000000111101110000011110110011
00000000000100000000011100010011
00000000111001111010000000100011
11111110000001000010010110000011
11111110100001000010010100000011
00000000000000000000000000010011
11111110000001000010011110000011
00000000000001111010011110000011
00000000001001111001011110010011
11111101000001000010011100000011
00000000111101110000011110110011
11111110010001000010011100000011
00000000111001111010000000100011
11111101110001000010011110000011
00000001000001111100011110000011
00000010000001111001001001100011
11111110000001000010011110000011
00000000000001111010011110000011
00000000001001111001011110010011
11111101010001000010011100000011
00000000111101110000011110110011
00000000000001111010011100000011
00000000001000000000011110010011
00000010111101110000010001100011
11111100110001000010011110000011
00000010000001111000000001100011
11111100110001000010011110000011
00000000100001111010011100000011
11111110000001000010011110000011
00000000000001111010011110000011
00000000111100000000010110110011
11111110010001000010010100000011
00000000000001110000000011100111
11111110110001000010011110000011
00000000100001111010011110000011
11111110111101000010011000100011
11111110110001000010011110000011
11110000000001111001001011100011
11111110010001000010011110000011
00000000001001111001011110010011
11111101010001000010011100000011
00000000111101110000011110110011
00000000001000000000011100010011
00000000111001111010000000100011
11111100110001000010011110000011
00000000000001111000101001100011
11111100110001000010011110000011
00000000010001111010011110000011
11111110010001000010010100000011
00000000000001111000000011100111
11111110100001000010010100000011
00000000000000000000000000010011
00000000101000000000011110110011
11100110000001111000000011100011
00000000000000000000000000010011
00000000000000000000000000010011
00000011110000010010000010000011
00000011100000010010010000000011
00000100000000010000000100010011
00000000000000001000000001100111
11111100000000010000000100010011
00000010000100010010111000100011
00000010100000010010110000100011
00000100000000010000010000010011
11111100101001000010111000100011
11111100101101000010110000100011
11111100110001000010101000100011
11111100110101000010100000100011
11111100111001000010011000100011
11111101100001000010011110000011
00000000001001111001011110010011
11111101010001000010011100000011
00000000111101110000011110110011
00000000000100000000011100010011
00000000111001111010000000100011
11111100110001000010011110000011
00000000000001111000101001100011
11111100110001000010011110000011
00000000010001111010011110000011
11111101100001000010010100000011
00000000000001111000000011100111
11111101110001000010011110000011
00000000000001111010011100000011
11111101100001000010011110000011
00000000001001111001011110010011
00000000111101110000011110110011
00000000000001111010011110000011
11111110111101000010011000100011
00001110100000000000000001101111
11111110110001000010011110000011
11111110111101000010010000100011
11111110100001000010011110000011
00000000000001111010011110000011
00000000001001111001011110010011
11111101010001000010011100000011
00000000111101110000011110110011
00000000000001111010011110000011
00000110000001111001010001100011
11111110100001000010011110000011
00000000000001111010011110000011
00000000001001111001011110010011
11111101000001000010011100000011
00000000111101110000011110110011
11111101100001000010011100000011
00000000111001111010000000100011
11111100110001000010011110000011
00000010000001111000000001100011
11111100110001000010011110000011
00000000100001111010011100000011
11111110100001000010011110000011
00000000000001111010011110000011
00000000111100000000010110110011
11111101100001000010010100000011
00000000000001110000000011100111
11111110100001000010011110000011
00000000000001111010011110000011
11111100110001000010011100000011
11111101000001000010011010000011
11111101010001000010011000000011
00000000111100000000010110110011
11111101110001000010010100000011
00000000000000000000000000010011
00000101010000000000000001101111
11111101110001000010011110000011
00000001000001111100011110000011
00000010000001111001001001100011
11111110100001000010011110000011
00000000000001111010011110000011
00000000001001111001011110010011
11111101010001000010011100000011
00000000111101110000011110110011
00000000000001111010011100000011
00000000001000000000011110010011
00000010111101110001010001100011
11111100110001000010011110000011
00000010000001111000000001100011
11111100110001000010011110000011
00000000100001111010011100000011
11111110100001000010011110000011
00000000000001111010011110000011
00000000111100000000010110110011
11111101100001000010010100000011
00000000000001110000000011100111
11111110110001000010011110000011
00000000100001111010011110000011
11111110111101000010011000100011
11111110110001000010011110000011
11110000000001111001110011100011
11111101100001000010011110000011
00000000001001111001011110010011
11111101010001000010011100000011
00000000111101110000011110110011
00000000001000000000011100010011
00000000111001111010000000100011
11111100110001000010011110000011
00000000000001111000101001100011
11111100110001000010011110000011
00000000010001111010011110000011
11111101100001000010010100000011
00000000000001111000000011100111
00000000000000000000000000010011
00000011110000010010000010000011
00000011100000010010010000000011
00000100000000010000000100010011
00000000000000001000000001100111
