11111101000000010000000100010011
00000010100000010010011000100011
00000011000000010000010000010011
11111100101001000010111000100011
00000000000000000001011110110111
00000000000001111000011110010011
01010000010101111000011110010011
11111110111101000010011000100011
00000010000000000000000001101111
11111110110001000010011110000011
00000000010101111001011100010011
11111110110001000010011110000011
00000000111101110000011100110011
11111110100001000010011110000011
00000000111101110000011110110011
11111110111101000010011000100011
11111101110001000010011110000011
00000000000101111000011100010011
11111100111001000010111000100011
00000000000001111100011110000011
11111110111101000010010000100011
11111110100001000010011110000011
11111100000001111001011011100011
11111110110001000010011110000011
00000000111100000000010100110011
00000010110000010010010000000011
00000011000000010000000100010011
00000000000000001000000001100111
