11001010000000010000000100010011
00110100000100010010111000100011
00110100100000010010110000100011
00110110000000010000010000010011
11001010101001000010011000100011
11001010110001000010011110000011
00000010000001111001000001100011
00010000000000010000011110110111
00000000000001111000010100010011
00000000000000000000000000010011
00000000101000000000011110110011
00000000000101111011011110010011
00001111111101111111011110010011
00011111100000000000000001101111
11110110100001000000011110010011
00000000111100000000010100110011
00000000000000000000000000010011
11110110100001000000011110010011
00000001000100000000010110010011
00000000111100000000010100110011
00000000000000000000000000010011
11101110100001000000011100010011
11110110100001000000011110010011
00000000111000000000011000110011
00000000111100000000010110110011
00000000000000000000010100010011
00000000000000000000000000010011
00000000000100000000011110010011
11100100111101000010111000100011
11101110000001000010000000100011
11100101110001000000011110010011
00000000010001111000011110010011
00000000111100000000010100110011
00000000000000000000000000010011
11010100010001000000011100010011
11100101110001000000011110010011
00000000111000000000011000110011
00000000111100000000010110110011
00000000001000000000010100010011
00000000000000000000000000010011
11011101000001000000011100010011
11100101110001000000011110010011
00000000111000000000011000110011
00000000111100000000010110110011
00000000001100000000010100010011
00000000000000000000000000010011
00000000000000000000000000010011
00000000101000000000011110110011
11111110111101000010011000100011
11111110110001000010011100000011
11111111111100000000011110010011
00000000111101110000100001100011
11111110110001000010011110000011
00000000000001111000101001100011
00001010100000000000000001101111
11111111111100000000011110010011
11001010111101000010101000100011
00001110100000000000000001101111
11001010000001000010110000100011
11010010000001000010111000100011
11001011100001000000011110010011
00000000010001111000011110010011
00000000111100000000010100110011
00000000000000000000000000010011
11010100010001000010011100000011
00000000000100000000011110010011
00000000111101110000110001100011
11001011100001000000011110010011
00000000000000000000011000010011
00000000111100000000010110110011
00000000001000000000010100010011
00000000000000000000000000010011
11011101000001000010011100000011
00000000000100000000011110010011
00000000111101110000110001100011
11001011100001000000011110010011
00000000000000000000011000010011
00000000111100000000010110110011
00000000001100000000010100010011
00000000000000000000000000010011
11101110100001000000011110010011
00000000000000000000011000010011
00000000111100000000010110110011
00000000001000000000010100010011
00000000000000000000000000010011
00000000000000000000011100010011
11001010110001000010011010000011
00010000000000010000011110110111
00000000010001111000011000010011
00010000000000010000011110110111
00000000100001111000010110010011
00010000000000010000011110110111
00000000110001111000010100010011
00000000000000000000000000010011
00000111111100000000010100010011
00000000000000000000000000010011
00000010100000000000000001101111
00000000000000000000000000010011
00000000101000000000011110110011
00000000000001111010011100000011
00000000010000000000011110010011
00000000111101110000101001100011
11111111111100000000011110010011
11001010111101000010101000100011
00000000000000000000000000010011
00000010010000000000000001101111
11001011010001000000011110010011
00000000000000000000011000010011
00000000111100000000010110110011
11111110110001000010010100000011
00000000000000000000000000010011
00000000101000000000011100110011
11111111111100000000011110010011
11111100111101110000000011100011
00000000000000000000000000010011
00000000000000000000000000010011
00000000101000000000011110110011
00000000000001111010011110000011
11111110111101000010010000100011
11101110100001000000011110010011
00000000000000000000011000010011
00000000111100000000010110110011
00000000001000000000010100010011
00000000000000000000000000010011
11010100010001000000011110010011
00000000000000000000011000010011
00000000111100000000010110110011
00000000001000000000010100010011
00000000000000000000000000010011
11011101000001000000011110010011
00000000000000000000011000010011
00000000111100000000010110110011
00000000001100000000010100010011
00000000000000000000000000010011
00000000000000000000000000010011
00000000101000000000011100110011
11111110100001000010011110000011
00000000111101110010000000100011
11001011010001000010011110000011
00000000111100000000010100110011
00110101110000010010000010000011
00110101100000010010010000000011
00110110000000010000000100010011
00000000000000001000000001100111
