11111110000000010000000100010011
00000000000100010010111000100011
00000000100000010010110000100011
00000010000000010000010000010011
11111110101001000010011000100011
11111110101101000010010000100011
00010000000000010000011110110111
00000000000001111000010100010011
00000000000000000000000000010011
00000000000000000000000000010011
00010000000000010000011110110111
00000001000001111000010100010011
00000000000000000000000000010011
00000000000000000000000000010011
00010000000000010000011110110111
00000010000001111000010100010011
00000000000000000000000000010011
00000000000000000000000000010011
00010000000000010000011110110111
00000011010001111000010100010011
00000000000000000000000000010011
00000000000000000000000000010011
00000000000000000000010100010011
00000000000000000000000000010011
