11111110000000010000000100010011
00000000000100010010111000100011
00000000100000010010110000100011
00000000100100010010101000100011
00000010000000010000010000010011
11111110101001000010011000100011
11111110110001000010010100000011
00000000000000000000000000010011
00000000101000000000010010110011
11111110110001000010010100000011
00000000000000000000000000010011
00000000101000000000011110110011
00000010111101001000011110110011
00000000111100000000010100110011
00000001110000010010000010000011
00000001100000010010010000000011
00000001010000010010010010000011
00000010000000010000000100010011
00000000000000001000000001100111
