11110101000000010000000100010011
00001010000100010010011000100011
00001010100000010010010000100011
00001011000000010000010000010011
11110100101001000010111000100011
11110100101101000010110000100011
11110110000001000000011110010011
00000000111100000000011000110011
00000000000000000000010110010011
11110101110001000010010100000011
00000000000000000000000000010011
11111110101001000010011000100011
11111110110001000010011100000011
11111111111100000000011110010011
00000000111101110001011001100011
11111111111100000000011110010011
00000101010000000000000001101111
11110101100001000010011110000011
00000010000001111000000001100011
11111110010001000010011100000011
11110000000000000000011110110111
00000000000001111000011110010011
11111111111101111000011110010011
00000000111101110111011110110011
11111110111101000010001000100011
00000001100000000000000001101111
11111110010001000010011100000011
00010000000000000000011110110111
00000000000001111000011110010011
00000000111101110110011110110011
11111110111101000010001000100011
11110110000001000000011110010011
00000000000000000000011000010011
00000000111100000000010110110011
11110101110001000010010100000011
00000000000000000000000000010011
00000000101000000000011110110011
00000000111100000000010100110011
00001010110000010010000010000011
00001010100000010010010000000011
00001011000000010000000100010011
00000000000000001000000001100111
