11111101000000010000000100010011
00000010000100010010011000100011
00000010100000010010010000100011
00000011000000010000010000010011
11111111111111111111001100110111
00000000000000110000001100010011
00000000011000010000000100110011
11111111111111111111011110110111
00000000000001111000011110010011
11111111000001000000011100010011
00000000111101110000011110110011
11111110101001111010011000100011
11111111111111111111011110110111
00000000000001111000011110010011
11111111000001000000011100010011
00000000111101110000011110110011
11111111111111111111011100110111
00000000000001110000011100010011
11111111000001000000011010010011
00000000111001101000011100110011
11111110110001111010011010000011
00010000000000010000011110110111
00000000000001111000011000010011
00000000000000000001010110110111
00000000000001011000010110010011
00000000111000000000010100110011
00000000000000000000000000010011
00000000101000000000011110110011
00000100000001111100010001100011
11111111111111111111011110110111
00000000000001111000011110010011
11111111110001111000011110010011
11111111000001000000011100010011
00000000111101110000011010110011
11111111111111111111011110110111
00000000000001111000011110010011
11111111000001000000011100010011
00000000111101110000011100110011
00000000110100000000011000110011
00010000000000010000011110110111
00000010100001111000010110010011
00000000111000000000010100110011
00000000000000000000000000010011
00000000101000000000011100110011
00000000000100000000011110010011
00000000111101110000011001100011
00000000000000000000011110010011
00001111110000000000000001101111
11111111111111111111011110110111
00000000000001111000011110010011
11111111000001000000011100010011
00000000111101110000011110110011
11111111111111111111011100110111
00000000000001110000011100010011
11111111000001000000011010010011
00000000111001101000011100110011
11111110110001111010011010000011
00010000000000010000011110110111
00000010110001111000011000010011
00000000000000000001010110110111
00000000000001011000010110010011
00000000111000000000010100110011
00000000000000000000000000010011
00000000101000000000011110110011
00000100000001111100010001100011
11111111111111111111011110110111
00000000000001111000011110010011
11111111100001111000011110010011
11111111000001000000011100010011
00000000111101110000011010110011
11111111111111111111011110110111
00000000000001111000011110010011
11111111000001000000011100010011
00000000111101110000011100110011
00000000110100000000011000110011
00010000000000010000011110110111
00000010100001111000010110010011
00000000111000000000010100110011
00000000000000000000000000010011
00000000101000000000011100110011
00000000000100000000011110010011
00000000111101110000011001100011
00000000000000000000011110010011
00000110110000000000000001101111
11111111111111111111011110110111
00000000000001111000011110010011
11111111000001000000011100010011
00000000111101110000011110110011
11111111110001111010011110000011
00000000000001111001011001100011
00000000000000000000011110010011
00000100110000000000000001101111
11111111111111111111011110110111
00000000000001111000011110010011
11111111000001000000011100010011
00000000111101110000011110110011
11111111100001111010011100000011
00000110010000000000011110010011
00000010111101110000011100110011
11111111111111111111011110110111
00000000000001111000011110010011
11111111000001000000011010010011
00000000111101101000011110110011
11111111110001111010011110000011
00000010111101110100011110110011
00000000111100000000010110110011
00010000000000010000011110110111
00000010100001111000010100010011
00000000000000000000000000010011
00000000101000000000011110110011
00000000111100000000010100110011
00000000000000000001001100110111
00000000000000110000001100010011
00000000011000010000000100110011
00000010110000010010000010000011
00000010100000010010010000000011
00000011000000010000000100010011
00000000000000001000000001100111
