11111101000000010000000100010011
00000010000100010010011000100011
00000010100000010010010000100011
00000011000000010000010000010011
11111101100001000000011110010011
00000000001100000000010110010011
00000000111100000000010100110011
00000000000000000000000000010011
00000000101000000000011110110011
00000000000001111101110001100011
00010000000000010000011110110111
00000000000001111000010100010011
00000000000000000000000000010011
00000000000000000000011110010011
00000011010000000000000001101111
11111101100001000010011000000011
11111101110001000010011010000011
11111110000001000010011100000011
11111110010001000010011110000011
11111110100001000010010100000011
11111110110001000010010110000011
00000000101000000000100000110011
00000000101100000000100010110011
00010000000000010000010110110111
00000010110001011000010100010011
00000000000000000000000000010011
00000000101000000000011110110011
00000000111100000000010100110011
00000010110000010010000010000011
00000010100000010010010000000011
00000011000000010000000100010011
00000000000000001000000001100111
