11111101000000010000000100010011
00000010000100010010011000100011
00000010100000010010010000100011
00000011000000010000010000010011
11111100101001000010111000100011
11111101110001000010010100000011
00000000000000000000000000010011
11111110101001000010010000100011
11111110100001000010011110000011
00000000000001111001111001100011
11111101110001000010010110000011
00010000000000010000011110110111
00000000000001111000010100010011
00000000000000000000000000010011
00000000000000000000011110010011
00001000110000000000000001101111
11111110000001000010011000100011
00000101010000000000000001101111
11111110010001000010011110000011
00000000101101111000011100010011
00010000000000010000011110110111
00000001000001111000010110010011
00000000111000000000010100110011
00000000000000000000000000010011
00000000101000000000011110110011
00000010000001111000101001100011
11111110010001000010011110000011
00000000101101111000011100010011
00010000000000010000011110110111
00000001010001111000010110010011
00000000111000000000010100110011
00000000000000000000000000010011
00000000101000000000011110110011
00000000000001111001010001100011
00000001000000000000000001101111
11111110110001000010011110000011
00000000000101111000011110010011
11111110111101000010011000100011
11111110100001000010010100000011
00000000000000000000000000010011
11111110101001000010001000100011
11111110010001000010011110000011
11111010000001111001000011100011
11111110100001000010010100000011
00000000000000000000000000010011
11111110110001000010010110000011
00010000000000010000011110110111
00000001100001111000010100010011
00000000000000000000000000010011
00000000101000000000011110110011
00000000111100000000010100110011
00000010110000010010000010000011
00000010100000010010010000000011
00000011000000010000000100010011
00000000000000001000000001100111
