11101101000000010000000100010011
00010010000100010010011000100011
00010010100000010010010000100011
00010011000000010000010000010011
11101101100001000000011110010011
00000000111100000000010110110011
00000000011100000000010100010011
00000000000000000000000000010011
00000000101000000000011110110011
00000010000001111101101001100011
11101110000001000000011100010011
00000000011100000000011010010011
00010000000000010000011110110111
00000000000001111000011000010011
00010000000000000000010110010011
00000000111000000000010100110011
00000000000000000000000000010011
11101110000001000000011110010011
00000000111100000000010100110011
00000000000000000000000000010011
00000000000000000000011110010011
00000110110000000000000001101111
11101101100001000010011100000011
00000000000000000001011110110111
00000000000001111000011110010011
11100001000001111000011110010011
00000010111101110100011110110011
11111110111101000010010000100011
01000001111101111101011110010011
11111110111101000010011000100011
11101101100001000010011100000011
00000000000000000001011110110111
00000000000001111000011110010011
11100001000001111000011110010011
00000010111101110110011100110011
00000011110000000000011110010011
00000010111101110100011110110011
11111110111101000010000000100011
01000001111101111101011110010011
11111110111101000010001000100011
11111110000001000010011100000011
11111110010001000010011110000011
11111110100001000010011000000011
11111110110001000010011010000011
00010000000000010000010110110111
00000001010001011000010100010011
00000000000000000000000000010011
00000000101000000000011110110011
00000000111100000000010100110011
00010010110000010010000010000011
00010010100000010010010000000011
00010011000000010000000100010011
00000000000000001000000001100111
