11110110000000010000000100010011
00001000000100010010111000100011
00001000100000010010110000100011
00001010000000010000010000010011
11110110101001000010011000100011
00010000000000010000011110110111
00010000000001111000011100010011
11110111110001000000011110010011
00000000111000000000011010110011
00000110010000000000011100010011
00000000111000000000011000110011
00000000110100000000010110110011
00000000111100000000010100110011
00000000000000000000000000010011
00000000000000000001011110110111
00000000000001111000011110010011
10000000000001111000010110010011
11110110110001000010010100000011
00000000000000000000000000010011
11111110101001000010010000100011
11111110100001000010011110000011
00000000000001111101111001100011
11110110110001000010010110000011
00010000000000010000011110110111
00001011000001111000010100010011
00000000000000000000000000010011
00000000000000000000011110010011
00010001100000000000000001101111
11111110000001000000011110010011
00000000111100000000011000110011
10000000000001000101011110110111
00000000000001111000011110010011
11011111111001111000010110010011
11111110100001000010010100000011
00000000000000000000000000010011
00000000101000000000011110110011
00000010000001111101000001100011
00010000000000010000011110110111
00001011110001111000010100010011
00000000000000000000000000010011
11111110100001000010010100000011
00000000000000000000000000010011
00000000000000000000011110010011
00001101100000000000000001101111
11111110000001000010011000100011
00001010000000000000000001101111
11111110000001000010011100000011
11111110110001000010011110000011
01000000111101110101011110110011
00000000000101111111011110010011
00001000000001111000000001100011
11111110110001000010011110000011
00000000001001111001011110010011
11111111000001000000011100010011
00000000111101110000011110110011
11111000110001111010011110000011
00000000111100000000010110110011
00010000000000010000011110110111
00000000000001111000010100010011
00000000000000000000000000010011
00000000101000000000011110110011
00000100000001111001101001100011
11111110110001000010011100000011
10000000000001000101011110110111
00000000000001111000011110010011
11010000000001111000011110010011
00000000111101110110011110110011
11111110010001000000011100010011
00000000111000000000011000110011
00000000111100000000010110110011
11111110100001000010010100000011
00000000000000000000000000010011
00000000101000000000011110110011
00000010000001111101001001100011
11111110110001000010010110000011
00010000000000010000011110110111
00001110000001111000010100010011
00000000000000000000000000010011
11111110100001000010010100000011
00000000000000000000000000010011
00000000000000000000011110010011
00000100000000000000000001101111
11111110110001000010011110000011
00000000000101111000011110010011
11111110111101000010011000100011
11111110110001000010011100000011
00000001100000000000011110010011
11110100111001111111111011100011
11111110100001000010010100000011
00000000000000000000000000010011
11111110010001000010011110000011
00001111111101111111011110010011
00000000111100000000010110110011
00010000000000010000011110110111
00001111110001111000010100010011
00000000000000000000000000010011
00000000101000000000011110110011
00000000111100000000010100110011
00001001110000010010000010000011
00001001100000010010010000000011
00001010000000010000000100010011
00000000000000001000000001100111
