11111101000000010000000100010011
00000010000100010010011000100011
00000010100000010010010000100011
00000011000000010000010000010011
11111111111111111111001100110111
00000000000000110000001100010011
00000000011000010000000100110011
11111111111111111111011110110111
00000000000001111000011110010011
11111111000001000000011100010011
00000000111101110000011110110011
11111110101001111010011000100011
11111111111111111111011110110111
00000000000001111000011110010011
11111111000001000000011100010011
00000000111101110000011100110011
11111111111111111111011110110111
00000000000001111000011110010011
11111111110001111000011110010011
11111111000001000000011010010011
00000000111101101000010100110011
00010000000000010000011110110111
00000011100001111000011110010011
11111110110001110010011100000011
00010000000000010000011010110111
00000100010001101000011010010011
00010000000000010000011000110111
00000110000001100000011000010011
00000000000000000001010110110111
00000000000001011000010110010011
00000000000000000000000000010011
11111110110001000000011010010011
11111111111111111111011110110111
00000000000001111000011110010011
11111111110001111000011110010011
11111111000001000000011100010011
00000000111101110000011100110011
00000000110100000000011000110011
00010000000000010000011110110111
00000110100001111000010110010011
00000000111000000000010100110011
00000000000000000000000000010011
00000000101000000000011100110011
00000000000100000000011110010011
00000010111101110001000001100011
11111110110001000010011110000011
00000000111100000000010110110011
00010000000000010000011110110111
00000110110001111000010100010011
00000000000000000000000000010011
00000000101000000000011110110011
00000000100000000000000001101111
00000000000000000000011110010011
00000000111100000000010100110011
00000000000000000001001100110111
00000000000000110000001100010011
00000000011000010000000100110011
00000010110000010010000010000011
00000010100000010010010000000011
00000011000000010000000100010011
00000000000000001000000001100111
11111101000000010000000100010011
00000010000100010010011000100011
00000010100000010010010000100011
00000011000000010000010000010011
11111111111111111111001100110111
00000000000000110000001100010011
00000000011000010000000100110011
11111111111111111111011110110111
00000000000001111000011110010011
11111111000001000000011100010011
00000000111101110000011110110011
11111110101001111010011000100011
11111111111111111111011110110111
00000000000001111000011110010011
11111111000001000000011100010011
00000000111101110000011100110011
11111111111111111111011110110111
00000000000001111000011110010011
11111111110001111000011110010011
11111111000001000000011010010011
00000000111101101000010100110011
00010000000000010000011110110111
00000111000001111000011110010011
11111110110001110010011100000011
00010000000000010000011010110111
00000100010001101000011010010011
00010000000000010000011000110111
00000110000001100000011000010011
00000000000000000001010110110111
00000000000001011000010110010011
00000000000000000000000000010011
11111110110001000000011010010011
11111111111111111111011110110111
00000000000001111000011110010011
11111111110001111000011110010011
11111111000001000000011100010011
00000000111101110000011100110011
00000000110100000000011000110011
00010000000000010000011110110111
00000110100001111000010110010011
00000000111000000000010100110011
00000000000000000000000000010011
00000000101000000000011100110011
00000000000100000000011110010011
00000100111101110001000001100011
11111110110001000010011100000011
00000000000001111010011110110111
00000000000001111000011110010011
00010010000001111000011110010011
00000000111101110000011100110011
00000000000011110100011110110111
00000000000001111000011110010011
00100100000001111000011110010011
00000010111101110100011110110011
00000000111100000000010110110011
00010000000000010000011110110111
00000110110001111000010100010011
00000000000000000000000000010011
00000000101000000000011110110011
00000000100000000000000001101111
00000000000000000000011110010011
00000000111100000000010100110011
00000000000000000001001100110111
00000000000000110000001100010011
00000000011000010000000100110011
00000010110000010010000010000011
00000010100000010010010000000011
00000011000000010000000100010011
00000000000000001000000001100111
11111011000000010000000100010011
00000100000100010010011000100011
00000100100000010010010000100011
00000101000000010000010000010011
11111111111111111111001100110111
00000000000000110000001100010011
00000000011000010000000100110011
11111111111111111111011110110111
00000000000001111000011110010011
11111111000001000000011100010011
00000000111101110000011110110011
11111100101001111010011000100011
00010000000000010000011110110111
00001001000001111000011110010011
00000000000001111010100010000011
00000000010001111010100000000011
00000000100001111010010100000011
00000000110001111010010110000011
00000001000001111010011000000011
00000001010001111010011010000011
00000001100001111010011100000011
00000001110001111010011110000011
11111101000101000010011000100011
11111101000001000010100000100011
11111100101001000010101000100011
11111100101101000010110000100011
11111100110001000010111000100011
11111110110101000010000000100011
11111110111001000010001000100011
11111110111101000010010000100011
11111111111111111111011110110111
00000000000001111000011110010011
11111111000001000000011100010011
00000000111101110000011100110011
11111111111111111111011110110111
00000000000001111000011110010011
11111101110001111000011110010011
11111111000001000000011010010011
00000000111101101000010100110011
00010000000000010000011110110111
00000111110001111000011110010011
11111100110001110010011100000011
00010000000000010000011010110111
00000100010001101000011010010011
00010000000000010000011000110111
00000110000001100000011000010011
00000000000000000001010110110111
00000000000001011000010110010011
00000000000000000000000000010011
11111111111111111111011110110111
00000000000001111000011110010011
11111101000001111000011110010011
11111111000001000000011100010011
00000000111101110000011010110011
11111111111111111111011110110111
00000000000001111000011110010011
11111101110001111000011110010011
11111111000001000000011100010011
00000000111101110000011100110011
00000000110100000000011000110011
00010000000000010000011110110111
00001000010001111000010110010011
00000000111000000000010100110011
00000000000000000000000000010011
00000000101000000000011100110011
00000000000100000000011110010011
00000000111101110000011001100011
00000000000000000000011110010011
00001001010000000000000001101111
11111110000001000010011000100011
00000100110000000000000001101111
11111110110001000010011110000011
00000000001101111001011110010011
11111111000001000000011100010011
00000000111101110000011110110011
11111101110001111010011100000011
11111111111111111111011110110111
00000000000001111000011110010011
11111101000001111000011110010011
11111111000001000000011010010011
00000000111101101000011110110011
00000000111100000000010110110011
00000000111000000000010100110011
00000000000000000000000000010011
00000000101000000000011110110011
00000010000001111000000001100011
11111110110001000010011110000011
00000000000101111000011110010011
11111110111101000010011000100011
11111110110001000010011100000011
00000000001100000000011110010011
11111010111001111111100011100011
00000000100000000000000001101111
00000000000000000000000000010011
11111110110001000010011100000011
00000000010000000000011110010011
00000000111101110000111001100011
11111110110001000010011110000011
00000000001101111001011110010011
11111111000001000000011100010011
00000000111101110000011110110011
11111110000001111010011110000011
00000000110000000000000001101111
00010000000000010000011110110111
00001000110001111000011110010011
00000000111100000000010100110011
00000000000000000001001100110111
00000000000000110000001100010011
00000000011000010000000100110011
00000100110000010010000010000011
00000100100000010010010000000011
00000101000000010000000100010011
00000000000000001000000001100111
