11111010000000010000000100010011
00000100000100010010111000100011
00000100100000010010110000100011
00000110000000010000010000010011
11111110000001000010011000100011
11111010010001000000011110010011
00000000111100000000010100110011
00000000000000000000000000010011
11111010010001000010011110000011
11111110111101000010011000100011
11111110110001000010011100000011
00000000000000000001011110110111
00000000000001111000011110010011
11100001000001111000011110010011
00000010111101110100011110110011
11111110111101000010010000100011
11111110100001000010011100000011
11111111111111111111011110110111
00000000000001111000011110010011
00011111000001111000011110010011
00000010111101110000011100110011
11111110110001000010011110000011
00000000111101110000011100110011
00000011110000000000011110010011
00000010111101110100011110110011
11111110111101000010001000100011
11111110010001000010011000000011
11111110100001000010010110000011
00010000000000010000011110110111
00000000000001111000010100010011
00000000000000000000000000010011
00000000101000000000011110110011
00000000111100000000010100110011
00000101110000010010000010000011
00000101100000010010010000000011
00000110000000010000000100010011
00000000000000001000000001100111
