11111110000000010000000100010011
00000000000100010010111000100011
00000000100000010010110000100011
00000010000000010000010000010011
00000000110000000000010100010011
00000000000000000000000000010011
00000000101000000000011110110011
11111110111101000010011000100011
00000000000000000000010100010011
00000000000000000000000000010011
00000000101000000000011100110011
11111110110001000010011110000011
00000000111001111010000000100011
00000000000000000000010100010011
00000000000000000000000000010011
00000000101000000000011100110011
11111110110001000010011110000011
00000000111001111010001000100011
11111110110001000010011110000011
00000000000001111010011110000011
11111110110001000010011100000011
00000000010001110010011100000011
00000000111001111010010000100011
11111110110001000010011110000011
00000000010001111010011110000011
11111110110001000010011100000011
00000000000001110010011100000011
00000000111001111010000000100011
11111110110001000010011110000011
00000000000001111010010000100011
11111110110001000010011110000011
00000000111100000000010100110011
00000001110000010010000010000011
00000001100000010010010000000011
00000010000000010000000100010011
00000000000000001000000001100111
11111110000000010000000100010011
00000000000100010010111000100011
00000000100000010010110000100011
00000010000000010000010000010011
11111110101001000010011000100011
11111110110001000010010100000011
00000000000000000000000000010011
11111110110001000010011110000011
00000000000001111010011110000011
00000000111100000000010100110011
00000000000000000000000000010011
11111110110001000010011110000011
00000000010001111010011110000011
00000000111100000000010100110011
00000000000000000000000000010011
11111110110001000010010100000011
00000000000000000000000000010011
00000000000000000000000000010011
00000001110000010010000010000011
00000001100000010010010000000011
00000010000000010000000100010011
00000000000000001000000001100111
11111101000000010000000100010011
00000010000100010010011000100011
00000010100000010010010000100011
00000011000000010000010000010011
11111100101001000010111000100011
00000000000000000000000000010011
11111110101001000010011000100011
11111101110001000010010100000011
00000000000000000000000000010011
11111110101001000010010000100011
00000001110000000000000001101111
11111110100001000010010100000011
00000000000000000000000000010011
00000000101000000000011110110011
00000000111100000000010110110011
11111110110001000010010100000011
00000000000000000000000000010011
11111110100001000010010100000011
00000000000000000000000000010011
00000000101000000000011110110011
11111100000001111001111011100011
11111110100001000010010100000011
00000000000000000000000000010011
11111110110001000010011110000011
00000000111100000000010100110011
00000010110000010010000010000011
00000010100000010010010000000011
00000011000000010000000100010011
00000000000000001000000001100111
11111101000000010000000100010011
00000010000100010010011000100011
00000010100000010010010000100011
00000011000000010000010000010011
11111100101001000010111000100011
00000000110000000000010100010011
00000000000000000000000000010011
00000000101000000000011110110011
11111110111101000010011000100011
11111110110001000010011110000011
00000000000001111010000000100011
11111110110001000010011110000011
11111101110001000010011100000011
00000000111001111010001000100011
11111110110001000010011110000011
00000000000001111010010000100011
11111110110001000010011110000011
00000000111100000000010100110011
00000010110000010010000010000011
00000010100000010010010000000011
00000011000000010000000100010011
00000000000000001000000001100111
11111110000000010000000100010011
00000000000100010010111000100011
00000000100000010010110000100011
00000010000000010000010000010011
11111110101001000010011000100011
11111110110001000010010100000011
00000000000000000000000000010011
00000000000000000000000000010011
00000001110000010010000010000011
00000001100000010010010000000011
00000010000000010000000100010011
00000000000000001000000001100111
11111101000000010000000100010011
00000010000100010010011000100011
00000010100000010010010000100011
00000011000000010000010000010011
11111100101001000010111000100011
11111100101101000010110000100011
11111101100001000010011110000011
00000000000001111100101001100011
11111101110001000010011110000011
00000000100001111010011110000011
11111101100001000010011100000011
00000010111101110100001001100011
00010000000000010000011110110111
00010101110001111000011010010011
00000100011000000000011000010011
00010000000000010000011110110111
00000000000001111000010110010011
00010000000000010000011110110111
00001001000001111000010100010011
00000000000000000000000000010011
11111101110001000010011110000011
00000000000001111010011110000011
11111110111101000010011000100011
11111110000001000010010000100011
00000001110000000000000001101111
11111110110001000010011110000011
00000000100001111010011110000011
11111110111101000010011000100011
11111110100001000010011110000011
00000000000101111000011110010011
11111110111101000010010000100011
11111110100001000010011100000011
11111101100001000010011110000011
11111110111001111101000011100011
11111110110001000010011110000011
00000000111100000000010100110011
00000010110000010010000010000011
00000010100000010010010000000011
00000011000000010000000100010011
00000000000000001000000001100111
11111110000000010000000100010011
00000000000100010010111000100011
00000000100000010010110000100011
00000010000000010000010000010011
11111110101001000010011000100011
11111110101101000010010000100011
11111110100001000010010110000011
11111110110001000010010100000011
00000000000000000000000000010011
00000000101000000000011110110011
00000000010001111010011110000011
00000000111100000000010100110011
00000001110000010010000010000011
00000001100000010010010000000011
00000010000000010000000100010011
00000000000000001000000001100111
11111101000000010000000100010011
00000010000100010010011000100011
00000010100000010010010000100011
00000011000000010000010000010011
11111100101001000010111000100011
11111100101101000010110000100011
11111100110001000010101000100011
11111101100001000010010110000011
11111101110001000010010100000011
00000000000000000000000000010011
11111110101001000010011000100011
11111110110001000010011110000011
11111101010001000010011100000011
00000000111001111010001000100011
00000000000000000000000000010011
00000010110000010010000010000011
00000010100000010010010000000011
00000011000000010000000100010011
00000000000000001000000001100111
11111110000000010000000100010011
00000000100000010010111000100011
00000010000000010000010000010011
11111110101001000010011000100011
11111110101101000010010000100011
11111110110001000010001000100011
11111110010001000010011110000011
11111110100001000010011100000011
00000000111001111010000000100011
11111110100001000010011110000011
00000000100001111010011100000011
11111110010001000010011110000011
00000000111001111010010000100011
11111110100001000010011110000011
00000000100001111010011110000011
11111110010001000010011100000011
00000000111001111010000000100011
11111110100001000010011110000011
11111110010001000010011100000011
00000000111001111010010000100011
11111110110001000010011110000011
00000000100001111010011110000011
00000000000101111000011100010011
11111110110001000010011110000011
00000000111001111010010000100011
00000000000000000000000000010011
00000001110000010010010000000011
00000010000000010000000100010011
00000000000000001000000001100111
11111101000000010000000100010011
00000010000100010010011000100011
00000010100000010010010000100011
00000011000000010000010000010011
11111100101001000010111000100011
11111100101101000010110000100011
11111100110001000010101000100011
11111101100001000010011110000011
00000000000001111100101001100011
11111101110001000010011110000011
00000000100001111010011110000011
11111101100001000010011100000011
00000010111001111101001001100011
00010000000000010000011110110111
00010111000001111000011010010011
00000110010000000000011000010011
00010000000000010000011110110111
00000000000001111000010110010011
00010000000000010000011110110111
00001011100001111000010100010011
00000000000000000000000000010011
11111101100001000010011110000011
00000000000001111001101001100011
11111101010001000010010110000011
11111101110001000010010100000011
00000000000000000000000000010011
00000101100000000000000001101111
11111101110001000010011110000011
00000000100001111010011110000011
11111101100001000010011100000011
00000000111101110001101001100011
11111101010001000010010110000011
11111101110001000010010100000011
00000000000000000000000000010011
00000011100000000000000001101111
11111101100001000010011110000011
11111111111101111000011110010011
00000000111100000000010110110011
11111101110001000010010100000011
00000000000000000000000000010011
11111110101001000010011000100011
11111101010001000010010100000011
00000000000000000000000000010011
11111110101001000010010000100011
11111110100001000010011000000011
11111110110001000010010110000011
11111101110001000010010100000011
00000000000000000000000000010011
00000000000000000000000000010011
00000010110000010010000010000011
00000010100000010010010000000011
00000011000000010000000100010011
00000000000000001000000001100111
11111110000000010000000100010011
00000000000100010010111000100011
00000000100000010010110000100011
00000000100100010010101000100011
00000010000000010000010000010011
11111110101001000010011000100011
11111110101101000010010000100011
11111110110001000010011110000011
00000000000001111010010010000011
11111110100001000010010100000011
00000000000000000000000000010011
00000000101000000000011110110011
00000000111100000000011000110011
00000000100100000000010110110011
11111110110001000010010100000011
00000000000000000000000000010011
00000000000000000000000000010011
00000001110000010010000010000011
00000001100000010010010000000011
00000001010000010010010010000011
00000010000000010000000100010011
00000000000000001000000001100111
11111110000000010000000100010011
00000000000100010010111000100011
00000000100000010010110000100011
00000000100100010010101000100011
00000010000000010000010000010011
11111110101001000010011000100011
11111110101101000010010000100011
11111110110001000010011110000011
00000000010001111010011110000011
00000000000001111010010010000011
11111110100001000010010100000011
00000000000000000000000000010011
00000000101000000000011110110011
00000000111100000000011000110011
00000000100100000000010110110011
11111110110001000010010100000011
00000000000000000000000000010011
00000000000000000000000000010011
00000001110000010010000010000011
00000001100000010010010000000011
00000001010000010010010010000011
00000010000000010000000100010011
00000000000000001000000001100111
11111101000000010000000100010011
00000010000100010010011000100011
00000010100000010010010000100011
00000011000000010000010000010011
11111100101001000010111000100011
11111100101101000010110000100011
11111101100001000010011110000011
00000000010001111010011110000011
11111110111101000010011000100011
11111101100001000010011110000011
00000000000001111010011110000011
11111101100001000010011100000011
00000000100001110010011100000011
00000000111001111010010000100011
11111101100001000010011110000011
00000000100001111010011110000011
11111101100001000010011100000011
00000000000001110010011100000011
00000000111001111010000000100011
11111101100001000010010100000011
00000000000000000000000000010011
11111101110001000010011110000011
00000000100001111010011110000011
11111111111101111000011100010011
11111101110001000010011110000011
00000000111001111010010000100011
11111110110001000010011110000011
00000000111100000000010100110011
00000010110000010010000010000011
00000010100000010010010000000011
00000011000000010000000100010011
00000000000000001000000001100111
11111110000000010000000100010011
00000000000100010010111000100011
00000000100000010010110000100011
00000010000000010000010000010011
11111110101001000010011000100011
11111110101101000010010000100011
11111110100001000010011110000011
00000000000001111100101001100011
11111110110001000010011110000011
00000000100001111010011110000011
11111110100001000010011100000011
00000010111101110100001001100011
00010000000000010000011110110111
00010111110001111000011010010011
00001000100100000000011000010011
00010000000000010000011110110111
00000000000001111000010110010011
00010000000000010000011110110111
00001001000001111000010100010011
00000000000000000000000000010011
11111110100001000010010110000011
11111110110001000010010100000011
00000000000000000000000000010011
00000000101000000000011110110011
00000000111100000000010110110011
11111110110001000010010100000011
00000000000000000000000000010011
00000000101000000000011110110011
00000000111100000000010100110011
00000001110000010010000010000011
00000001100000010010010000000011
00000010000000010000000100010011
00000000000000001000000001100111
11111110000000010000000100010011
00000000000100010010111000100011
00000000100000010010110000100011
00000010000000010000010000010011
11111110101001000010011000100011
11111110110001000010011110000011
00000000100001111010011110000011
00000010111100000100001001100011
00010000000000010000011110110111
00011000110001111000011010010011
00001000111100000000011000010011
00010000000000010000011110110111
00000000000001111000010110010011
00010000000000010000011110110111
00001110000001111000010100010011
00000000000000000000000000010011
11111110110001000010011110000011
00000000000001111010011110000011
00000000100001111010011110000011
00000000111100000000010110110011
11111110110001000010010100000011
00000000000000000000000000010011
00000000101000000000011110110011
00000000111100000000010100110011
00000001110000010010000010000011
00000001100000010010010000000011
00000010000000010000000100010011
00000000000000001000000001100111
11111110000000010000000100010011
00000000000100010010111000100011
00000000100000010010110000100011
00000010000000010000010000010011
11111110101001000010011000100011
11111110110001000010011110000011
00000000100001111010011110000011
00000010111100000100001001100011
00010000000000010000011110110111
00011010000001111000011010010011
00001001010100000000011000010011
00010000000000010000011110110111
00000000000001111000010110010011
00010000000000010000011110110111
00001110000001111000010100010011
00000000000000000000000000010011
11111110110001000010011110000011
00000000010001111010011110000011
00000000000001111010011110000011
00000000111100000000010110110011
11111110110001000010010100000011
00000000000000000000000000010011
00000000101000000000011110110011
00000000111100000000010100110011
00000001110000010010000010000011
00000001100000010010010000000011
00000010000000010000000100010011
00000000000000001000000001100111
11111110000000010000000100010011
00000000000100010010111000100011
00000000100000010010110000100011
00000010000000010000010000010011
11111110101001000010011000100011
11111110110001000010011110000011
00000000000001111010011110000011
00000000111100000000010110110011
11111110110001000010010100000011
00000000000000000000000000010011
00000000101000000000011110110011
00000000111100000000010100110011
00000001110000010010000010000011
00000001100000010010010000000011
00000010000000010000000100010011
00000000000000001000000001100111
11111110000000010000000100010011
00000000000100010010111000100011
00000000100000010010110000100011
00000010000000010000010000010011
11111110101001000010011000100011
11111110110001000010011110000011
00000000010001111010011110000011
00000000111100000000010110110011
11111110110001000010010100000011
00000000000000000000000000010011
00000000101000000000011110110011
00000000111100000000010100110011
00000001110000010010000010000011
00000001100000010010010000000011
00000010000000010000000100010011
00000000000000001000000001100111
11111101000000010000000100010011
00000010000100010010011000100011
00000010100000010010010000100011
00000011000000010000010000010011
11111100101001000010111000100011
11111101110001000010010100000011
00000000000000000000000000010011
11111110101001000010011000100011
00000001010000000000000001101111
11111110110001000010010100000011
00000000000000000000000000010011
11111110110001000010010100000011
00000000000000000000000000010011
11111110110001000010010100000011
00000000000000000000000000010011
00000000101000000000011110110011
11111110000001111001001011100011
11111110110001000010010100000011
00000000000000000000000000010011
00000000000000000000000000010011
00000010110000010010000010000011
00000010100000010010010000000011
00000011000000010000000100010011
00000000000000001000000001100111
11111110000000010000000100010011
00000000100000010010111000100011
00000010000000010000010000010011
11111110101001000010011000100011
11111110110001000010011110000011
00000000100001111010011110000011
00000000111100000000010100110011
00000001110000010010010000000011
00000010000000010000000100010011
00000000000000001000000001100111
11111101000000010000000100010011
00000010000100010010011000100011
00000010100000010010010000100011
00000011000000010000010000010011
11111100101001000010111000100011
11111101110001000010011110000011
00000000100001111010011110000011
00000000001001111001011110010011
00000000111100000000010100110011
00000000000000000000000000010011
00000000101000000000011110110011
11111110111101000010010000100011
11111110100001000010011110000011
11111110111101000010011000100011
11111101110001000010010100000011
00000000000000000000000000010011
11111110101001000010001000100011
00000010010000000000000001101111
11111110010001000010010100000011
00000000000000000000000000010011
00000000101000000000011100110011
11111110110001000010011110000011
00000000111001111010000000100011
11111110110001000010011110000011
00000000010001111000011110010011
11111110111101000010011000100011
11111110010001000010010100000011
00000000000000000000000000010011
00000000101000000000011110110011
11111100000001111001101011100011
11111110100001000010011110000011
00000000111100000000010100110011
00000010110000010010000010000011
00000010100000010010010000000011
00000011000000010000000100010011
00000000000000001000000001100111
11111101000000010000000100010011
00000010000100010010011000100011
00000010100000010010010000100011
00000011000000010000010000010011
11111100101001000010111000100011
11111100101101000010110000100011
00000001000000000000010100010011
00000000000000000000000000010011
00000000101000000000011110110011
11111110111101000010011000100011
11111110110001000010011110000011
11111101110001000010011100000011
00000000111001111010000000100011
11111110110001000010011110000011
11111101100001000010011100000011
00000000111001111010010000100011
11111101100001000010011110000011
00000000000001111010011100000011
11111110110001000010011110000011
00000000111001111010001000100011
11111101100001000010011110000011
00000000100001111010011100000011
11111110110001000010011110000011
00000000111001111010011000100011
11111110110001000010011110000011
00000000111100000000010100110011
00000010110000010010000010000011
00000010100000010010010000000011
00000011000000010000000100010011
00000000000000001000000001100111
11111110000000010000000100010011
00000000000100010010111000100011
00000000100000010010110000100011
00000010000000010000010000010011
11111110101001000010011000100011
11111110110001000010010100000011
00000000000000000000000000010011
00000000000000000000000000010011
00000001110000010010000010000011
00000001100000010010010000000011
00000010000000010000000100010011
00000000000000001000000001100111
11111110000000010000000100010011
00000000100000010010111000100011
00000010000000010000010000010011
11111110101001000010011000100011
11111110110001000010011110000011
00000000110001111010011110000011
00000000100001111010011110000011
00000000111100000011011110110011
00001111111101111111011110010011
00000000111100000000010100110011
00000001110000010010010000000011
00000010000000010000000100010011
00000000000000001000000001100111
11111110000000010000000100010011
00000000100000010010111000100011
00000010000000010000010000010011
11111110101001000010011000100011
11111110110001000010011110000011
00000000010001111010011110000011
00000000000001111010011110000011
00000000111100000011011110110011
00001111111101111111011110010011
00000000111100000000010100110011
00000001110000010010010000000011
00000010000000010000000100010011
00000000000000001000000001100111
11111110000000010000000100010011
00000000000100010010111000100011
00000000100000010010110000100011
00000010000000010000010000010011
11111110101001000010011000100011
11111110110001000010010100000011
00000000000000000000000000010011
00000000101000000000011110110011
00000010000001111001001001100011
00010000000000010000011110110111
00011011010001111000011010010011
00001101011100000000011000010011
00010000000000010000011110110111
00000000000001111000010110010011
00010000000000010000011110110111
00001111010001111000010100010011
00000000000000000000000000010011
11111110110001000010011110000011
00000000110001111010011100000011
11111110110001000010011110000011
00000000111001111010010000100011
11111110110001000010011110000011
00000000100001111010011110000011
00000000000001111010011100000011
11111110110001000010011110000011
00000000111001111010001000100011
11111110110001000010011110000011
00000000100001111010011110000011
00000000100001111010011100000011
11111110110001000010011110000011
00000000111001111010011000100011
11111110110001000010011110000011
00000000100001111010011110000011
00000000010001111010011110000011
00000000111100000000010100110011
00000001110000010010000010000011
00000001100000010010010000000011
00000010000000010000000100010011
00000000000000001000000001100111
11111110000000010000000100010011
00000000000100010010111000100011
00000000100000010010110000100011
00000010000000010000010000010011
11111110101001000010011000100011
11111110110001000010010100000011
00000000000000000000000000010011
00000000101000000000011110110011
00000010000001111001001001100011
00010000000000010000011110110111
00011100100001111000011010010011
00001110000100000000011000010011
00010000000000010000011110110111
00000000000001111000010110010011
00010000000000010000011110110111
00010001100001111000010100010011
00000000000000000000000000010011
11111110110001000010011110000011
00000000010001111010011100000011
11111110110001000010011110000011
00000000111001111010010000100011
11111110110001000010011110000011
00000000100001111010011110000011
00000000000001111010011100000011
11111110110001000010011110000011
00000000111001111010001000100011
11111110110001000010011110000011
00000000100001111010011110000011
00000000100001111010011100000011
11111110110001000010011110000011
00000000111001111010011000100011
11111110110001000010011110000011
00000000100001111010011110000011
00000000010001111010011110000011
00000000111100000000010100110011
00000001110000010010000010000011
00000001100000010010010000000011
00000010000000010000000100010011
00000000000000001000000001100111
11111110000000010000000100010011
00000000000100010010111000100011
00000000100000010010110000100011
00000010000000010000010000010011
11111110101001000010011000100011
11111110110001000010011110000011
00000000100001111010011110000011
00000010000001111001001001100011
00010000000000010000011110110111
00011110000001111000011010010011
00001110101100000000011000010011
00010000000000010000011110110111
00000000000001111000010110010011
00010000000000010000011110110111
00010100000001111000010100010011
00000000000000000000000000010011
11111110110001000010011110000011
00000000100001111010011110000011
00000000010001111010011110000011
00000000111100000000010100110011
00000001110000010010000010000011
00000001100000010010010000000011
00000010000000010000000100010011
00000000000000001000000001100111
11111110000000010000000100010011
00000000000100010010111000100011
00000000100000010010110000100011
00000010000000010000010000010011
11111110101001000010011000100011
11111110110001000010010100000011
00000000000000000000000000010011
00000000101000000000011110110011
00000010000001111001001001100011
00010000000000010000011110110111
00011111010001111000011010010011
00001111000100000000011000010011
00010000000000010000011110110111
00000000000001111000010110010011
00010000000000010000011110110111
00001111010001111000010100010011
00000000000000000000000000010011
11111110110001000010011110000011
00000000110001111010011110000011
00000000010001111010011110000011
00000000111100000000010100110011
00000001110000010010000010000011
00000001100000010010010000000011
00000010000000010000000100010011
00000000000000001000000001100111
11111110000000010000000100010011
00000000000100010010111000100011
00000000100000010010110000100011
00000010000000010000010000010011
11111110101001000010011000100011
11111110110001000010010100000011
00000000000000000000000000010011
00000000101000000000011110110011
00000010000001111001001001100011
00010000000000010000011110110111
00100000110001111000011010010011
00001111011100000000011000010011
00010000000000010000011110110111
00000000000001111000010110010011
00010000000000010000011110110111
00010001100001111000010100010011
00000000000000000000000000010011
11111110110001000010011110000011
00000000010001111010011110000011
00000000010001111010011110000011
00000000111100000000010100110011
00000001110000010010000010000011
00000001100000010010010000000011
00000010000000010000000100010011
00000000000000001000000001100111
11111110000000010000000100010011
00000000000100010010111000100011
00000000100000010010110000100011
00000010000000010000010000010011
11111110101001000010011000100011
11111110101101000010010000100011
11111110110001000010011110000011
00000000100001111010011110000011
00000010000001111001001001100011
00010000000000010000011110110111
00100010100001111000011010010011
00001111110100000000011000010011
00010000000000010000011110110111
00000000000001111000010110010011
00010000000000010000011110110111
00010100000001111000010100010011
00000000000000000000000000010011
11111110110001000010011110000011
00000000100001111010011110000011
11111110100001000010011100000011
00000000111001111010001000100011
00000000000000000000000000010011
00000001110000010010000010000011
00000001100000010010010000000011
00000010000000010000000100010011
00000000000000001000000001100111
11111101000000010000000100010011
00000010000100010010011000100011
00000010100000010010010000100011
00000011000000010000010000010011
11111100101001000010111000100011
11111101110001000010011110000011
00000000100001111010011110000011
00000000010001111010011110000011
11111110111101000010011000100011
11111101110001000010011110000011
00000000000001111010011100000011
11111101110001000010011110000011
00000000100001111010011110000011
00000000111100000000010110110011
00000000111000000000010100110011
00000000000000000000000000010011
11111101110001000010011110000011
00000000000001111010010000100011
11111110110001000010011110000011
00000000111100000000010100110011
00000010110000010010000010000011
00000010100000010010010000000011
00000011000000010000000100010011
00000000000000001000000001100111
