10111100000000010000000100010011
01000010000100010010111000100011
01000010100000010010110000100011
01000100000000010000010000010011
10111100101001000010011000100011
10111100101101000010010000100011
00000000000000000000000000010011
11111110101001000010011000100011
10111100110001000010011110000011
10111100111101000010101000100011
10111100110001000010011110000011
10111100111101000010110000100011
11111110000001000010001000100011
10111100100001000010011110000011
00001010000001111000010001100011
10111100100001000010011110000011
00000000000001111010000000100011
00001001110000000000000001101111
10111101010001000000011110010011
00000000110001111000011110010011
11111110111101000010000000100011
10111100000001000010111000100011
10111101010001000000011110010011
00000000111100000000010100110011
00000000000000000000000000010011
11111110010001000010011110000011
00000010000001111000000001100011
10111100100001000010011110000011
00000000000001111000100001100011
11111110010001000010011100000011
10111100100001000010011110000011
00000000111001111010000000100011
00000000000000000000011110010011
00000110110000000000000001101111
11111110000001000010011100000011
10111101010001000000011110010011
00000000110001111000011110010011
00000100111101110000011001100011
11111110000001000010011110000011
00000000000001111000000000100011
00000000000000000000000000010011
11111110101001000010010000100011
10111101010001000000011110010011
00000000110001111000011110010011
00000000111100000000010100110011
00000000000000000000000000010011
00000000101000000000011110110011
00000000111100000000011100110011
11111110100001000010011110000011
00000000111001111010001000100011
10111101110001000010011100000011
11111110100001000010011110000011
00000000111001111010000000100011
11111110100001000010010110000011
11111110110001000010010100000011
00000000000000000000000000010011
10111101100001000010011110000011
00000000000001111100011110000011
11110110000001111001000011100011
11111110110001000010011110000011
00000000111100000000010100110011
01000011110000010010000010000011
01000011100000010010010000000011
01000100000000010000000100010011
00000000000000001000000001100111
11111101000000010000000100010011
00000010000100010010011000100011
00000010100000010010010000100011
00000011000000010000010000010011
11111100101001000010111000100011
11111101110001000010010100000011
00000000000000000000000000010011
11111110101001000010011000100011
00000001100000000000000001101111
11111110110001000010010100000011
00000000000000000000000000010011
00000000101000000000011110110011
00000000111100000000010100110011
00000000000000000000000000010011
11111110110001000010010100000011
00000000000000000000000000010011
00000000101000000000011110110011
11111110000001111001000011100011
11111110110001000010010100000011
00000000000000000000000000010011
11111101110001000010010100000011
00000000000000000000000000010011
00000000000000000000000000010011
00000010110000010010000010000011
00000010100000010010010000000011
00000011000000010000000100010011
00000000000000001000000001100111
11111101000000010000000100010011
00000010000100010010011000100011
00000010100000010010010000100011
00000011000000010000010000010011
11111100101001000010111000100011
11111100101101000010110000100011
00000000100000000000010100010011
00000000000000000000000000010011
00000000101000000000011110110011
11111110111101000010011000100011
11111110110001000010011110000011
00000000000001111010001000100011
11111110110001000010011110000011
00000000000001111010000000100011
11111110110001000010011110000011
00000000111100000000010100110011
00000010110000010010000010000011
00000010100000010010010000000011
00000011000000010000000100010011
00000000000000001000000001100111
11111110000000010000000100010011
00000000000100010010111000100011
00000000100000010010110000100011
00000010000000010000010000010011
11111110101001000010011000100011
11111110110001000010011110000011
00000000010001111010011110000011
00000000111100000000010100110011
00000000000000000000000000010011
11111110110001000010010100000011
00000000000000000000000000010011
00000000000000000000000000010011
00000001110000010010000010000011
00000001100000010010010000000011
00000010000000010000000100010011
00000000000000001000000001100111
11111110000000010000000100010011
00000000000100010010111000100011
00000000100000010010110000100011
00000010000000010000010000010011
11111110101001000010011000100011
11111110110001000010011110000011
00000000010001111010011110000011
00000000000001111100011110000011
00000000111100000000010100110011
00000000000000000000000000010011
00000000101000000000011110110011
00000000000001111000100001100011
11111110110001000010010100000011
00000000000000000000000000010011
00001101110000000000000001101111
11111110110001000010011110000011
00000000010001111010011110000011
00000000000001111100011110000011
00000000111100000000010100110011
00000000000000000000000000010011
00000000101000000000011110110011
00000000000001111000100001100011
11111110110001000010010100000011
00000000000000000000000000010011
00001011010000000000000001101111
11111110110001000010011110000011
00000000010001111010011110000011
00000000000001111100011100000011
00000101110000000000011110010011
00000000111101110001100001100011
11111110110001000010010100000011
00000000000000000000000000010011
00001001010000000000000001101111
11111110110001000010011110000011
00000000010001111010011110000011
00000000000001111100011100000011
00000010011100000000011110010011
00000000111101110000110001100011
11111110110001000010011110000011
00000000010001111010011110000011
00000000000001111100011100000011
00000010001000000000011110010011
00000000111101110001100001100011
11111110110001000010010100000011
00000000000000000000000000010011
00000110000000000000000001101111
11111110110001000010011110000011
00000000010001111010011110000011
00000000000001111100011110000011
00000000111100000000010100110011
00000000000000000000000000010011
00000000101000000000011110110011
00000000000001111000100001100011
11111110110001000010010100000011
00000000000000000000000000010011
00000011100000000000000001101111
11111110110001000010011110000011
00000000010001111010011110000011
00000000000001111100011110000011
00000000111100000000010100110011
00000000000000000000000000010011
00000000101000000000011110110011
00000000000001111000100001100011
11111110110001000010010100000011
00000000000000000000000000010011
00000001000000000000000001101111
11111110110001000010011110000011
00111110011100000000011100010011
01000000111001111010100000100011
00000000000000000000000000010011
00000001110000010010000010000011
00000001100000010010010000000011
00000010000000010000000100010011
00000000000000001000000001100111
11111110000000010000000100010011
00000000000100010010111000100011
00000000100000010010110000100011
00000010000000010000010000010011
11111110101001000010011000100011
00000001100000000000000001101111
11111110110001000010011110000011
00000000010001111010011110000011
00000000000101111000011100010011
11111110110001000010011110000011
00000000111001111010001000100011
11111110110001000010011110000011
00000000010001111010011110000011
00000000000001111100011110000011
00000000111100000000010100110011
00000000000000000000000000010011
00000000101000000000011110110011
11111100000001111001101011100011
11111110110001000010011110000011
00000000000100000000011100010011
00000000111001111010010000100011
00000000000000000000000000010011
00000001110000010010000010000011
00000001100000010010010000000011
00000010000000010000000100010011
00000000000000001000000001100111
10111110000000010000000100010011
01000000000100010010111000100011
01000000100000010010110000100011
01000000100100010010101000100011
01000010000000010000010000010011
10111110101001000010011000100011
10111110110001000010011110000011
00000000010001111010011110000011
00000000000001111100011110000011
00000000111100000000010100110011
00000000000000000000000000010011
00000000101000000000011110110011
00000100000001111000010001100011
10111110110001000010011110000011
00000000010001111010011100000011
10111110110001000010011110000011
01000000110001111010011110000011
00000000000001110100011100000011
00000000111001111000000000100011
10111110110001000010011110000011
01000000110001111010011110000011
00000000000101111000011100010011
10111110110001000010011110000011
01000000111001111010011000100011
10111110110001000010011110000011
00000000010001111010011110000011
00000000000101111000011100010011
10111110110001000010011110000011
00000000111001111010001000100011
11111010010111111111000001101111
10111110110001000010011110000011
00000000010001111010011110000011
00000000000001111100011100000011
00000101110000000000011110010011
00000000111101110001100001100011
10111110110001000010010100000011
00000000000000000000000000010011
11111000010111111111000001101111
00000000000000000000000000010011
10111110110001000010011110000011
00000000110001111100011100000011
00000111111000000000011110010011
00001000111101110001010001100011
10111110110001000010011110000011
01000000110001111010011110000011
00000000000001111000000000100011
00010000000000010000011110110111
00000000000001111000010100010011
00000000000000000000000000010011
00000000101000000000011100110011
10111111000001000000011110010011
00000000111000000000010110110011
00000000111100000000010100110011
00000000000000000000000000010011
10111110110001000010011110000011
00000000110001111000011110010011
00000000000101111000011100010011
10111111000001000000011110010011
00000000111000000000010110110011
00000000111100000000010100110011
00000000000000000000000000010011
10111110110001000010011110000011
00000000110001111000011110010011
10111111000001000000011100010011
00000000111000000000010110110011
00000000111100000000010100110011
00000000000000000000000000010011
10111110110001000010011110000011
00000000110001111000010010010011
10111111000001000000011110010011
00000000111100000000010100110011
00000000000000000000000000010011
00000000101000000000011110110011
00000000111101001000011100110011
10111110110001000010011110000011
01000000111001111010011000100011
10111110110001000010011110000011
00000000001000000000011100010011
00000000111001111010010000100011
00000000000000000000000000010011
01000001110000010010000010000011
01000001100000010010010000000011
01000001010000010010010010000011
01000010000000010000000100010011
00000000000000001000000001100111
11111110000000010000000100010011
00000000000100010010111000100011
00000000100000010010110000100011
00000010000000010000010000010011
11111110101001000010011000100011
11111110110001000010011110000011
00000000010001111010011110000011
00000000000101111000011100010011
11111110110001000010011110000011
00000000111001111010001000100011
11111110110001000010011110000011
00000000010001111010011100000011
11111110110001000010011110000011
01000000110001111010011110000011
00000000000001110100011100000011
00000000111001111000000000100011
11111110110001000010011110000011
01000000110001111010011110000011
00000000000101111000011100010011
11111110110001000010011110000011
01000000111001111010011000100011
11111110110001000010011110000011
00000000010001111010011110000011
00000000000101111000011100010011
11111110110001000010011110000011
00000000111001111010001000100011
11111110110001000010010100000011
00000000000000000000000000010011
00000000000000000000000000010011
00000001110000010010000010000011
00000001100000010010010000000011
00000010000000010000000100010011
00000000000000001000000001100111
11111110000000010000000100010011
00000000000100010010111000100011
00000000100000010010110000100011
00000010000000010000010000010011
11111110101001000010011000100011
11111110110001000010011110000011
00000000010001111010011110000011
00000000000001111100011100000011
00000010011100000000011110010011
00000000111101110001100001100011
11111110110001000010010100000011
00000000000000000000000000010011
00000010000000000000000001101111
11111110110001000010011110000011
00000000010001111010011110000011
00000000000001111100011100000011
00000010001000000000011110010011
00000000111101110001011001100011
11111110110001000010010100000011
00000000000000000000000000010011
11111110110001000010011110000011
00000000001100000000011100010011
00000000111001111010010000100011
00000000000000000000000000010011
00000001110000010010000010000011
00000001100000010010010000000011
00000010000000010000000100010011
00000000000000001000000001100111
11111110000000010000000100010011
00000000100000010010111000100011
00000010000000010000010000010011
11111110101001000010011000100011
11111110110001000010011110000011
00000000010001111010011110000011
00000000000101111000011100010011
11111110110001000010011110000011
00000000111001111010001000100011
11111110110001000010011110000011
00000000010001111010011110000011
00000000000001111100011110000011
00000000000001111001101001100011
11111110110001000010011110000011
00000110010000000000011100010011
01000000111001111010100000100011
00000111010000000000000001101111
11111110110001000010011110000011
00000000010001111010011110000011
00000000000001111100011100000011
00000010011100000000011110010011
00000100111101110000010001100011
11111110110001000010011110000011
00000000010001111010011100000011
11111110110001000010011110000011
01000000110001111010011110000011
00000000000001110100011100000011
00000000111001111000000000100011
11111110110001000010011110000011
01000000110001111010011110000011
00000000000101111000011100010011
11111110110001000010011110000011
01000000111001111010011000100011
11111110110001000010011110000011
00000000010001111010011110000011
00000000000101111000011100010011
11111110110001000010011110000011
00000000111001111010001000100011
11111000110111111111000001101111
00000000000000000000000000010011
11111110110001000010011110000011
00000000010001111010011110000011
00000000000101111000011100010011
11111110110001000010011110000011
00000000111001111010001000100011
00000001110000010010010000000011
00000010000000010000000100010011
00000000000000001000000001100111
11111110000000010000000100010011
00000000100000010010111000100011
00000010000000010000010000010011
11111110101001000010011000100011
11111110110001000010011110000011
00000000010001111010011110000011
00000000000101111000011100010011
11111110110001000010011110000011
00000000111001111010001000100011
11111110110001000010011110000011
00000000010001111010011110000011
00000000000001111100011110000011
00000000000001111001101001100011
11111110110001000010011110000011
00000110010100000000011100010011
01000000111001111010100000100011
00000111010000000000000001101111
11111110110001000010011110000011
00000000010001111010011110000011
00000000000001111100011100000011
00000010001000000000011110010011
00000100111101110000010001100011
11111110110001000010011110000011
00000000010001111010011100000011
11111110110001000010011110000011
01000000110001111010011110000011
00000000000001110100011100000011
00000000111001111000000000100011
11111110110001000010011110000011
01000000110001111010011110000011
00000000000101111000011100010011
11111110110001000010011110000011
01000000111001111010011000100011
11111110110001000010011110000011
00000000010001111010011110000011
00000000000101111000011100010011
11111110110001000010011110000011
00000000111001111010001000100011
11111000110111111111000001101111
00000000000000000000000000010011
11111110110001000010011110000011
00000000010001111010011110000011
00000000000101111000011100010011
11111110110001000010011110000011
00000000111001111010001000100011
00000001110000010010010000000011
00000010000000010000000100010011
00000000000000001000000001100111
11111110000000010000000100010011
00000000100000010010111000100011
00000010000000010000010000010011
11111110101001000010011000100011
11111110110001000010011110000011
00000000010001111010011100000011
11111110110001000010011110000011
01000000110001111010011110000011
00000000000001110100011100000011
00000000111001111000000000100011
11111110110001000010011110000011
01000000110001111010011110000011
00000000000101111000011100010011
11111110110001000010011110000011
01000000111001111010011000100011
11111110110001000010011110000011
00000000010001111010011110000011
00000000000101111000011100010011
11111110110001000010011110000011
00000000111001111010001000100011
11111110110001000010011110000011
00000000010000000000011100010011
00000000111001111010010000100011
00000000000000000000000000010011
00000001110000010010010000000011
00000010000000010000000100010011
00000000000000001000000001100111
11111110000000010000000100010011
00000000000100010010111000100011
00000000100000010010110000100011
00000010000000010000010000010011
11111110101001000010011000100011
11111110110001000010011110000011
00000000010001111010011110000011
00000000000101111000011110010011
00000000000001111100011110000011
00000000111100000000010100110011
00000000000000000000000000010011
00000000101000000000011110110011
00000000000001111000100001100011
11111110110001000010010100000011
00000000000000000000000000010011
00000000110000000000000001101111
11111110110001000010010100000011
00000000000000000000000000010011
00000000000000000000000000010011
00000001110000010010000010000011
00000001100000010010010000000011
00000010000000010000000100010011
00000000000000001000000001100111
11111101000000010000000100010011
00000010100000010010011000100011
00000011000000010000010000010011
11111100101001000010111000100011
00000000000100000000011110010011
11111110111101000010011000100011
00000101000000000000000001101111
11111101110001000010011110000011
00000000010001111010011100000011
11111101110001000010011110000011
01000000110001111010011110000011
00000000000001110100011100000011
00000000111001111000000000100011
11111101110001000010011110000011
01000000110001111010011110000011
00000000000101111000011100010011
11111101110001000010011110000011
01000000111001111010011000100011
11111101110001000010011110000011
00000000010001111010011110000011
00000000000101111000011100010011
11111101110001000010011110000011
00000000111001111010001000100011
11111110110001000010011110000011
00000000000101111000011110010011
11111110111101000010011000100011
11111110110001000010011100000011
00000000001000000000011110010011
11111010111001111101011011100011
11111101110001000010011110000011
00000000010100000000011100010011
00000000111001111010010000100011
00000000000000000000000000010011
00000010110000010010010000000011
00000011000000010000000100010011
00000000000000001000000001100111
11111110000000010000000100010011
00000000000100010010111000100011
00000000100000010010110000100011
00000010000000010000010000010011
00000000101000000000011110110011
11111110111101000000011110100011
11111110111101000100011110000011
00000110000001111000011001100011
11111110111101000100011110000011
00000000111100000000010100110011
00000000000000000000000000010011
00000000101000000000011110110011
00000100000001111001110001100011
11111110111101000100011110000011
00000000111100000000010100110011
00000000000000000000000000010011
00000000101000000000011110110011
00000100000001111001001001100011
11111110111101000100011100000011
00000010011100000000011110010011
00000010111101110000110001100011
11111110111101000100011100000011
00000010001000000000011110010011
00000010111101110000011001100011
11111110111101000100011110000011
00000000111100000000010100110011
00000000000000000000000000010011
00000000101000000000011110110011
00000000000001111001110001100011
11111110111101000100011100000011
00000101110000000000011110010011
00000000111101110000011001100011
00000000000100000000011110010011
00000000100000000000000001101111
00000000000000000000011110010011
00000000111100000000010100110011
00000001110000010010000010000011
00000001100000010010010000000011
00000010000000010000000100010011
00000000000000001000000001100111
11111110000000010000000100010011
00000000000100010010111000100011
00000000100000010010110000100011
00000010000000010000010000010011
00000000101000000000011110110011
11111110111101000000011110100011
11111110111101000100011110000011
00000010000001111000010001100011
11111110111101000100011110000011
00000000111100000000010110110011
00010000000000010000011110110111
00000000100001111000010100010011
00000000000000000000000000010011
00000000101000000000011110110011
00000000000001111000011001100011
00000000000100000000011110010011
00000000100000000000000001101111
00000000000000000000011110010011
00000000111100000000010100110011
00000001110000010010000010000011
00000001100000010010010000000011
00000010000000010000000100010011
00000000000000001000000001100111
11111110000000010000000100010011
00000000000100010010111000100011
00000000100000010010110000100011
00000010000000010000010000010011
00000000101000000000011110110011
11111110111101000000011110100011
11111110111101000100011110000011
00000010000001111000010001100011
11111110111101000100011110000011
00000000111100000000010110110011
00010000000000010000011110110111
00000000110001111000010100010011
00000000000000000000000000010011
00000000101000000000011110110011
00000000000001111000011001100011
00000000000100000000011110010011
00000000100000000000000001101111
00000000000000000000011110010011
00000000111100000000010100110011
00000001110000010010000010000011
00000001100000010010010000000011
00000010000000010000000100010011
00000000000000001000000001100111
11111110000000010000000100010011
00000000000100010010111000100011
00000000100000010010110000100011
00000010000000010000010000010011
00000000101000000000011110110011
11111110111101000000011110100011
11111110111101000100011110000011
00000010000001111000010001100011
11111110111101000100011110000011
00000000111100000000010110110011
00010000000000010000011110110111
00000001010001111000010100010011
00000000000000000000000000010011
00000000101000000000011110110011
00000000000001111000011001100011
00000000000100000000011110010011
00000000100000000000000001101111
00000000000000000000011110010011
00000000111100000000010100110011
00000001110000010010000010000011
00000001100000010010010000000011
00000010000000010000000100010011
00000000000000001000000001100111
11111110000000010000000100010011
00000000100000010010111000100011
00000010000000010000010000010011
11111110101001000010011000100011
11111110110001000010011100000011
00000110010000000000011110010011
00000000111101110000101001100011
11111110110001000010011100000011
00000110010100000000011110010011
00000000111101110000101001100011
00000001110000000000000001101111
00010000000000010000011110110111
00000001100001111000011110010011
00000001100000000000000001101111
00010000000000010000011110110111
00000010100001111000011110010011
00000000110000000000000001101111
00010000000000010000011110110111
00000011100001111000011110010011
00000000111100000000010100110011
00000001110000010010010000000011
00000010000000010000000100010011
00000000000000001000000001100111
