10111110000000010000000100010011
01000000000100010010111000100011
01000000100000010010110000100011
01000010000000010000010000010011
10111110101001000010011000100011
10111110101101000010010000100011
10111110110001000010011110000011
00000101101100000000011100010011
00000000111001111000000000100011
00000000000001111000000010100011
10111111000001000000011110010011
00111111111100000000010110010011
00000000111100000000010100110011
00000000000000000000000000010011
10111111000001000000011110010011
00000000111100000000010110110011
10111110110001000010010100000011
00000000000000000000000000010011
10111110110001000010010100000011
00000000000000000000000000010011
00000000101000000000011110110011
00000000111100000000011100110011
10111110110001000010011110000011
00000000111001111000011110110011
00000011101000000000011100010011
00000000111001111000000000100011
00000000000001111000000010100011
10111111000001000000011110010011
00111111111100000000010110010011
00000000111100000000010100110011
00000000000000000000000000010011
10111111000001000000011110010011
00000000111100000000010110110011
10111110110001000010010100000011
00000000000000000000000000010011
10111110110001000010010100000011
00000000000000000000000000010011
00000000101000000000011110110011
00000000111100000000011100110011
10111110110001000010011110000011
00000000111001111000011110110011
00000101110100000000011100010011
00000000111001111000000000100011
00000010000000000000011100010011
00000000111001111000000010100011
00000000000001111000000100100011
10111111000001000000011110010011
00111111111100000000010110010011
00000000111100000000010100110011
00000000000000000000000000010011
10111111000001000000011110010011
00000000111100000000010110110011
10111110110001000010010100000011
00000000000000000000000000010011
10111110110001000010010100000011
00000000000000000000000000010011
00000000101000000000011110110011
00000000111100000000011100110011
10111110110001000010011110000011
00000000111001111000011110110011
00000010010100000000011100010011
00000000111001111000000000100011
00000010000000000000011100010011
00000000111001111000000010100011
00000000000001111000000100100011
10111110110001000010011110000011
00000000111100000000010100110011
01000001110000010010000010000011
01000001100000010010010000000011
01000010000000010000000100010011
00000000000000001000000001100111
11111101000000010000000100010011
00000010000100010010011000100011
00000010100000010010010000100011
00000011000000010000010000010011
11111100101001000010111000100011
11111100101101000010110000100011
11111101100001000010010110000011
11111101110001000010010100000011
00000000000000000000000000010011
00000000101000000000011110110011
00000000000001111101011001100011
00000000000000000000011110010011
00000100010000000000000001101111
00000010111000000000010110010011
11111101110001000010010100000011
00000000000000000000000000010011
11111110101001000010011000100011
11111110110001000010011110000011
00000010000001111000010001100011
00000001100000000000000001101111
11111110110001000010011110000011
00000000000001111000000000100011
11111110110001000010011110000011
00000000000101111000011110010011
11111110111101000010011000100011
11111110110001000010011110000011
00000000000001111100011110000011
11111110000001111001001011100011
11111101110001000010011110000011
00000000111100000000010100110011
00000010110000010010000010000011
00000010100000010010010000000011
00000011000000010000000100010011
00000000000000001000000001100111
11111101000000010000000100010011
00000010000100010010011000100011
00000010100000010010010000100011
00000011000000010000010000010011
11111100101001000010111000100011
11111100101101000010110000100011
11111101100001000010010110000011
11111101110001000010010100000011
00000000000000000000000000010011
00000000101000000000011110110011
00000000000001111001011001100011
00000000000000000000011110010011
00000101100000000000000001101111
00000010111100000000010110010011
11111101110001000010010100000011
00000000000000000000000000010011
11111110101001000010011000100011
11111110110001000010011110000011
00000010000001111000111001100011
11111101110001000010010100000011
00000000000000000000000000010011
11111110101001000010010000100011
11111110110001000010011110000011
00000000000101111000011110010011
11111110111101000010011000100011
11111110100001000010011000000011
11111110110001000010010110000011
11111101110001000010010100000011
00000000000000000000000000010011
11111101110001000010011100000011
11111110100001000010011110000011
00000000111101110000011110110011
00000000000001111000000000100011
11111101110001000010011110000011
00000000111100000000010100110011
00000010110000010010000010000011
00000010100000010010010000000011
00000011000000010000000100010011
00000000000000001000000001100111
11111110000000010000000100010011
00000000000100010010111000100011
00000000100000010010110000100011
00000010000000010000010000010011
11111110101001000010011000100011
11111110101101000010010000100011
11111110100001000010010110000011
11111110110001000010010100000011
00000000000000000000000000010011
11111110110001000010011110000011
00000000111100000000010100110011
00000001110000010010000010000011
00000001100000010010010000000011
00000010000000010000000100010011
00000000000000001000000001100111
11111100000000010000000100010011
00000010000100010010111000100011
00000010100000010010110000100011
00000100000000010000010000010011
11111100101001000010011000100011
11111100101101000010010000100011
11111100110001000010001000100011
11111100110101000010000000100011
11111100100001000010010100000011
00000000000000000000000000010011
11111110101001000010001000100011
11111100010001000010010100000011
00000000000000000000000000010011
11111110101001000010000000100011
11111100000001000010010100000011
00000000000000000000000000010011
11111100101001000010111000100011
11111101110001000010011100000011
11111110000001000010011110000011
01000000111101110000011110110011
11111100111101000010110000100011
11111110000001000010011000100011
11111100010001000010010110000011
11111100100001000010010100000011
00000000000000000000000000010011
11111110101001000010010000100011
11111110100001000010011110000011
00000010000001111001111001100011
11111100100001000010010100000011
00000000000000000000000000010011
00000000101000000000011110110011
00001101110000000000000001101111
11111110100001000010011100000011
11111110000001000010011110000011
00000000111101110000011110110011
11111100010001000010010110000011
00000000111100000000010100110011
00000000000000000000000000010011
11111110101001000010010000100011
11111110110001000010011110000011
00000000000101111000011110010011
11111110111101000010011000100011
11111110100001000010011110000011
11111100000001111001101011100011
11111110110001000010011100000011
11111101100001000010011110000011
00000010111101110000011110110011
00000000111100000000011100110011
11111110010001000010011110000011
00000000111101110000011110110011
11111100111101000010101000100011
11111101010001000010011110000011
00000000000101111000011110010011
00000000111100000000011000110011
00000000000000000000010110010011
11111100110001000010010100000011
00000000000000000000000000010011
11111100010001000010010110000011
11111100100001000010010100000011
00000000000000000000000000010011
11111110101001000010010000100011
00000100110000000000000001101111
11111110100001000010011100000011
11111100100001000010011110000011
01000000111101110000011110110011
00000000111100000000011000110011
11111100100001000010010110000011
11111100110001000010010100000011
00000000000000000000000000010011
11111100000001000010010110000011
11111100110001000010010100000011
00000000000000000000000000010011
11111110100001000010011100000011
11111110000001000010011110000011
00000000111101110000011110110011
11111100111101000010010000100011
11111100010001000010010110000011
11111100100001000010010100000011
00000000000000000000000000010011
11111110101001000010010000100011
11111110100001000010011110000011
11111010000001111001101011100011
11111100100001000010010110000011
11111100110001000010010100000011
00000000000000000000000000010011
11111100110001000010011110000011
00000000111100000000010100110011
00000011110000010010000010000011
00000011100000010010010000000011
00000100000000010000000100010011
00000000000000001000000001100111
11110111000000010000000100010011
00001000000100010010011000100011
00001000100000010010010000100011
00001001000000010000010000010011
11110110101001000010111000100011
11111000100001000000011110010011
00000000111100000000010110110011
11110111110001000010010100000011
00000000000000000000000000010011
00000000101000000000011110110011
00000000000101111011011110010011
00001111111101111111011110010011
00000000111100000000010100110011
00001000110000010010000010000011
00001000100000010010010000000011
00001001000000010000000100010011
00000000000000001000000001100111
11111101000000010000000100010011
00000010000100010010011000100011
00000010100000010010010000100011
00000011000000010000010000010011
11111100101001000010111000100011
11111101110001000010011110000011
00000000000101111000011110010011
00000000111100000000010100110011
00000000000000000000000000010011
11111110101001000010011000100011
11111110110001000010010100000011
00000000000000000000000000010011
00000000101000000000011110110011
11111110111101000010010000100011
11111101110001000010010110000011
11111110100001000010010100000011
00000000000000000000000000010011
11111110100001000010011110000011
00000000111100000000010100110011
00000010110000010010000010000011
00000010100000010010010000000011
00000011000000010000000100010011
00000000000000001000000001100111
