11111110000000010000000100010011
00000000000100010010111000100011
00000000100000010010110000100011
00000010000000010000010000010011
11111110101001000010011000100011
11111110101101000010010000100011
11111110110001000010001000100011
11111110010001000010011110000011
00000001000001111010011110000011
00000010000001111001111001100011
11111110010001000010011110000011
00000000010001111010100000000011
11111110010001000010011110000011
00000000000001111010011100000011
11111110010001000010011110000011
00000000100001111010011110000011
00000000111100000000011010110011
11111110100001000010011000000011
11111110110001000010010110000011
00000000111000000000010100110011
00000000000010000000000011100111
00000000101000000000011100110011
11111110010001000010011110000011
00000000111001111010100000100011
00000000000000000000000000010011
00000001110000010010000010000011
00000001100000010010010000000011
00000010000000010000000100010011
00000000000000001000000001100111
11111101000000010000000100010011
00000010000100010010011000100011
00000010100000010010010000100011
00000011000000010000010000010011
11111100101001000010111000100011
11111100101101000010110000100011
11111101110001000010011110000011
00001111111101111111011110010011
11111110111101000000011110100011
11111110111101000000011110010011
11111101100001000010011000000011
00000000000100000000010110010011
00000000111100000000010100110011
00000000000000000000000000010011
00000000000000000000000000010011
00000010110000010010000010000011
00000010100000010010010000000011
00000011000000010000000100010011
00000000000000001000000001100111
11111110000000010000000100010011
00000000000100010010111000100011
00000000100000010010110000100011
00000010000000010000010000010011
11111110101001000010011000100011
11111110101101000010010000100011
11111110110001000000011110010011
11111110100001000010011000000011
00000000010000000000010110010011
00000000111100000000010100110011
00000000000000000000000000010011
00000000000000000000000000010011
00000001110000010010000010000011
00000001100000010010010000000011
00000010000000010000000100010011
00000000000000001000000001100111
11111110000000010000000100010011
00000000000100010010111000100011
00000000100000010010110000100011
00000010000000010000010000010011
11111110101001000010010000100011
11111110101101000010011000100011
11111110110001000010001000100011
11111110100001000000011110010011
11111110010001000010011000000011
00000000100000000000010110010011
00000000111100000000010100110011
00000000000000000000000000010011
00000000000000000000000000010011
00000001110000010010000010000011
00000001100000010010010000000011
00000010000000010000000100010011
00000000000000001000000001100111
11111110000000010000000100010011
00000000000100010010111000100011
00000000100000010010110000100011
00000010000000010000010000010011
11111110101001000010011000100011
11111110101101000010010000100011
11111110110001000010001000100011
11111110110101000010000000100011
11111110000001000010010110000011
11111110100001000010010100000011
00000000000000000000000000010011
11111110100001000010011100000011
11111110010001000010011110000011
00000010111101110000011110110011
11111110000001000010011000000011
00000000111100000000010110110011
11111110110001000010010100000011
00000000000000000000000000010011
00000000000000000000000000010011
00000001110000010010000010000011
00000001100000010010010000000011
00000010000000010000000100010011
00000000000000001000000001100111
11111101000000010000000100010011
00000010000100010010011000100011
00000010100000010010010000100011
00000011000000010000010000010011
11111100101001000010111000100011
11111100101101000010110000100011
11111101110001000010011110000011
00000000000001111000100001100011
11111101110001000010011110000011
00000001000001111000011110010011
00000010000001111001000001100011
11111110000001000010011000100011
11111110110001000000011110010011
11111101100001000010011000000011
00000000010000000000010110010011
00000000111100000000010100110011
00000000000000000000000000010011
00000100100000000000000001101111
11111101110001000010011110000011
00000000110001111010011110000011
00000000000101111000011110010011
11111110111101000010010000100011
11111110100001000000011110010011
11111101100001000010011000000011
00000000010000000000010110010011
00000000111100000000010100110011
00000000000000000000000000010011
11111101110001000010011110000011
00000001000001111000011110010011
11111110100001000010011100000011
11111101100001000010011000000011
00000000111000000000010110110011
00000000111100000000010100110011
00000000000000000000000000010011
00000000000000000000000000010011
00000000000000000000000000010011
00000010110000010010000010000011
00000010100000010010010000000011
00000011000000010000000100010011
00000000000000001000000001100111
11111101000000010000000100010011
00000010000100010010011000100011
00000010100000010010010000100011
00000011000000010000010000010011
11111100101001000010111000100011
11111100101101000010110000100011
11111101110001000010011110000011
00000010100001111010011110000011
11111110111101000010010000100011
11111101100001000010010110000011
11111110100001000010010100000011
00000000000000000000000000010011
11111110000001000010011000100011
00001101000000000000000001101111
11111101110001000010011110000011
00000000100001111010011100000011
11111110110001000010011110000011
00000000010001111001011110010011
00000000111101110000011110110011
11111110111101000010001000100011
11111110010001000010011110000011
00000000100001111010011110000011
11111101100001000010010110000011
00000000111100000000010100110011
00000000000000000000000000010011
11111110010001000010011110000011
00000000100001111010011110000011
00000000010000000000011100010011
00000110111001111000001001100011
00000000010000000000011100010011
00000110111101110100101001100011
00000000001100000000011100010011
00000010111001111000101001100011
00000000001100000000011100010011
00000110111101110100001001100011
00000110000001111000010001100011
00000000000100000000011100010011
00000000111001111000010001100011
00000101010000000000000001101111
11111110010001000010011110000011
00000000000001111010011110000011
11111101100001000010010110000011
00000000111100000000010100110011
00000000000000000000000000010011
00000100100000000000000001101111
11111110010001000010011110000011
00000000000001111010011100000011
00000000010001111010011110000011
11111101100001000010011000000011
00000000111000000000010100110011
00000000111100000000010110110011
00000000000000000000000000010011
00000010100000000000000001101111
11111110010001000010011110000011
00000000000001111010011110000011
11111101100001000010010110000011
00000000111100000000010100110011
00000000000000000000000000010011
00000001000000000000000001101111
00000000000000000000000000010011
00000000100000000000000001101111
00000000000000000000000000010011
11111110110001000010011110000011
00000000000101111000011110010011
11111110111101000010011000100011
11111110110001000010011100000011
11111110100001000010011110000011
11110010111101110100011011100011
11111101110001000010011110000011
00000011010001111010011110000011
11111110111101000010010000100011
11111101100001000010010110000011
11111110100001000010010100000011
00000000000000000000000000010011
11111110000001000010011000100011
00000100000000000000000001101111
11111101110001000010011110000011
00000001000001111010011100000011
11111110110001000010011110000011
00000000001001111001011110010011
00000000111101110000011110110011
00000000000001111010011100000011
11111101110001000010011110000011
00000010000001111010011110000011
11111101100001000010011000000011
00000000111100000000010110110011
00000000111000000000010100110011
00000000000000000000000000010011
11111110110001000010011110000011
00000000000101111000011110010011
11111110111101000010011000100011
11111110110001000010011100000011
11111110100001000010011110000011
11111010111101110100111011100011
00000000000000000000000000010011
00000000000000000000000000010011
00000010110000010010000010000011
00000010100000010010010000000011
00000011000000010000000100010011
00000000000000001000000001100111
11111101000000010000000100010011
00000010000100010010011000100011
00000010100000010010010000100011
00000011000000010000010000010011
11111100101001000010111000100011
11111100101101000010110000100011
11111101100001000010011110000011
00000000110001111010011110000011
00000000000001111001100001100011
11111101110001000010011110000011
00000011000001111010011110000011
00000000100000000000000001101111
00000000000000000000011110010011
11111110111101000010010000100011
11111101110001000010011110000011
00000001010001111010011110000011
11111101100001000010011010000011
00000000010000000000011000010011
11111110100001000010010110000011
00000000111100000000010100110011
00000000000000000000000000010011
11111101100001000010011110000011
00000000110001111010011110000011
00000000000001111001100001100011
11111101110001000010011110000011
00000011100001111010011110000011
00000000100000000000000001101111
00000000000000000000011110010011
11111110111101000010010000100011
11111101100001000010010110000011
11111110100001000010010100000011
00000000000000000000000000010011
11111110000001000010011000100011
00001010000000000000000001101111
11111101110001000010011110000011
00000001100001111010011010000011
11111110110001000010011100000011
00000000111000000000011110110011
00000000000101111001011110010011
00000000111001111000011110110011
00000000001001111001011110010011
00000000111101101000011110110011
00000000000001111010011110000011
11111101100001000010010110000011
00000000111100000000010100110011
00000000000000000000000000010011
11111101110001000010011110000011
00000001100001111010011010000011
11111110110001000010011100000011
00000000111000000000011110110011
00000000000101111001011110010011
00000000111001111000011110110011
00000000001001111001011110010011
00000000111101101000011110110011
00000000010001111010011110000011
11111101100001000010010110000011
00000000111100000000010100110011
00000000000000000000000000010011
11111101110001000010011110000011
00000001100001111010011010000011
11111110110001000010011100000011
00000000111000000000011110110011
00000000000101111001011110010011
00000000111001111000011110110011
00000000001001111001011110010011
00000000111101101000011110110011
00000000100001111010011110000011
11111101100001000010010110000011
00000000111100000000010100110011
00000000000000000000000000010011
11111110110001000010011110000011
00000000000101111000011110010011
11111110111101000010011000100011
11111110110001000010011100000011
11111110100001000010011110000011
11110100111101110100111011100011
11111101100001000010011110000011
00000000110001111010011110000011
00000000000001111001100001100011
11111101110001000010011110000011
00000010010001111010011110000011
00000000100000000000000001101111
00000000000000000000011110010011
11111110111101000010010000100011
11111101100001000010010110000011
11111110100001000010010100000011
00000000000000000000000000010011
11111110000001000010011000100011
00000011010000000000000001101111
11111101110001000010011110000011
00000001110001111010011100000011
11111110110001000010011110000011
00000000001001111001011110010011
00000000111101110000011110110011
00000000000001111010011110000011
11111101100001000010010110000011
00000000111100000000010100110011
00000000000000000000000000010011
11111110110001000010011110000011
00000000000101111000011110010011
11111110111101000010011000100011
11111110110001000010011100000011
11111110100001000010011110000011
11111100111101110100010011100011
00000000000000000000000000010011
00000000000000000000000000010011
00000010110000010010000010000011
00000010100000010010010000000011
00000011000000010000000100010011
00000000000000001000000001100111
11111110000000010000000100010011
00000000000100010010111000100011
00000000100000010010110000100011
00000010000000010000010000010011
11111110101001000010011000100011
11111110101101000010010000100011
11111110110001000010001000100011
11111110110001000010011110000011
00000010000001111010011110000011
11111110100001000010011100000011
00000000111101110000111001100011
11111110010001000010011110000011
00000000110001111010011110000011
00000000000001111001100001100011
11111110110001000010011110000011
00000010000001111010011110000011
00000000100000000000000001101111
00000000000000000000011110010011
11111110010001000010010110000011
00000000111100000000010100110011
00000000000000000000000000010011
11111110110001000010011110000011
00000011110001111010011110000011
11111110010001000010010110000011
00000000111100000000010100110011
00000000000000000000000000010011
11111110110001000010011110000011
00000100000001111010011110000011
11111110010001000010010110000011
00000000111100000000010100110011
00000000000000000000000000010011
11111110110001000010011110000011
00000100100001111100011110000011
11111110010001000010010110000011
00000000111100000000010100110011
00000000000000000000000000010011
11111110110001000010011110000011
00000100100101111100011110000011
11111110010001000010010110000011
00000000111100000000010100110011
00000000000000000000000000010011
11111110110001000010011110000011
00000100101001111100011110000011
11111110010001000010010110000011
00000000111100000000010100110011
00000000000000000000000000010011
11111110110001000010011110000011
00000100101101111100011110000011
11111110010001000010010110000011
00000000111100000000010100110011
00000000000000000000000000010011
11111110110001000010011110000011
00000000110001111010011100000011
11111110110001000010011110000011
00000010110001111010011110000011
11111110010001000010011010000011
00000000010000000000011000010011
00000000111100000000010110110011
00000000111000000000010100110011
00000000000000000000000000010011
11111110010001000010010110000011
11111110110001000010010100000011
00000000000000000000000000010011
11111110010001000010010110000011
11111110110001000010010100000011
00000000000000000000000000010011
00000000000000000000000000010011
00000001110000010010000010000011
00000001100000010010010000000011
00000010000000010000000100010011
00000000000000001000000001100111
11111101000000010000000100010011
00000010000100010010011000100011
00000010100000010010010000100011
00000011000000010000010000010011
11111100101001000010111000100011
11111110010001000000011110010011
00000000111100000000010100110011
00000000000000000000000000010011
11111110010001000000011110010011
11111101110001000010011000000011
00000000110000000000010110010011
00000000111100000000010100110011
00000000000000000000000000010011
00000000000000000000000000010011
00000010110000010010000010000011
00000010100000010010010000000011
00000011000000010000000100010011
00000000000000001000000001100111
11111011000000010000000100010011
00000100000100010010011000100011
00000100100000010010010000100011
00000101000000010000010000010011
11111100101001000010011000100011
11111100101101000010010000100011
11111100110001000010001000100011
11111100110101000010000000100011
11111010111001000010111000100011
11111100110001000010011110000011
11111100111101000010111000100011
11111100010001000010011110000011
11111110111101000010000000100011
11111100000001000010011110000011
11111110111101000010001000100011
11111011110001000010011110000011
11111110111101000010010000100011
11111110000001000010011000100011
11111101110001000000011110010011
00000000111100000000010100110011
00000000000000000000000000010011
11111101110001000000011110010011
00000000111100000000011000110011
00000000000000000000010110010011
11111100100001000010010100000011
00000000000000000000000000010011
11111110110001000010011110000011
00000000111100000000010100110011
00000100110000010010000010000011
00000100100000010010010000000011
00000101000000010000000100010011
00000000000000001000000001100111
