11111110000000010000000100010011
00000000100000010010111000100011
00000010000000010000010000010011
11111110101001000010011000100011
11111110110001000010011110000011
00000001100001111010011100000011
00000000001100000000011110010011
00000000111001111101100001100011
11111110110001000010011110000011
00000000101100000000011100010011
00000000111001111010110000100011
00000000000000000000000000010011
00000001110000010010010000000011
00000010000000010000000100010011
00000000000000001000000001100111
11111101000000010000000100010011
00000010000100010010011000100011
00000010100000010010010000100011
00000011000000010000010000010011
11111100101001000010111000100011
11111100101101000010110000100011
11111101100001000010011110000011
00000000010101111100011110000011
11111111110001111111011110010011
00001111111101111111011100010011
11111101100001000010011110000011
00000000111001111000001010100011
11111101100001000010011110000011
00000000010001111100011110000011
11111111110001111000011110010011
00000000011000000000011100010011
00011010111101110110000001100011
00000000001001111001011100010011
00010000000000010000011110110111
00000000000001111000011110010011
00000000111101110000011110110011
00000000000001111010011110000011
00000000000001111000000001100111
11111101100001000010011110000011
00000000100001111010011110000011
11111110111101000010010000100011
11111101100001000010011110000011
00000000010101111100011110000011
00000000010001111110011110010011
00001111111101111111011100010011
11111101100001000010011110000011
00000000111001111000001010100011
11111110100001000010011110000011
00000010000001111000000001100011
11111110100001000010011110000011
00000000010101111100011110000011
00000000001101111111011110010011
00000000000001111000100001100011
11111110100001000010010110000011
11111101110001000010010100000011
00000000000000000000000000010011
11111101100001000010011110000011
00000000110001111010011110000011
00000000010101111100011110000011
00000000001101111111011110010011
00010010000001111000000001100011
11111101100001000010011110000011
00000000110001111010011110000011
00000000111100000000010110110011
11111101110001000010010100000011
00000000000000000000000000010011
00010000100000000000000001101111
11111101100001000010011110000011
11111110111101000010011000100011
11111110110001000010011110000011
00000000100001111010011110000011
00000000100001111010011100000011
00000000001100000000011110010011
00000010111001111101101001100011
11111110110001000010011110000011
00000000100001111010011110000011
00000000000001111010011110000011
00000000010101111100011110000011
00000000001101111111011110010011
00000000000001111000111001100011
11111110110001000010011110000011
00000000100001111010011110000011
00000000000001111010011110000011
00000000111100000000010110110011
11111101110001000010010100000011
00000000000000000000000000010011
11111110110001000010011110000011
00000000100001111010011100000011
11111110110001000010011110000011
00000001000001111000011110010011
00001010111101110001100001100011
11111101100001000010011110000011
00000000010101111100011110000011
00000000010001111110011110010011
00001111111101111111011100010011
11111101100001000010011110000011
00000000111001111000001010100011
00001001010000000000000001101111
11111101110001000010011110000011
00000010010001111010011100000011
11111101100001000010011110000011
00000000111001111010010000100011
11111101110001000010011110000011
11111101100001000010011100000011
00000010111001111010001000100011
00000111100000000000000001101111
11111101110001000010011110000011
00000010010001111010011100000011
11111101100001000010011110000011
00000000111001111010110000100011
11111101110001000010011110000011
11111101100001000010011100000011
00000010111001111010001000100011
00000101100000000000000001101111
11111101110001000010011110000011
00000010010001111010011100000011
11111101100001000010011110000011
00000110111001111010011000100011
11111101110001000010011110000011
11111101100001000010011100000011
00000010111001111010001000100011
00000011100000000000000001101111
11111101110001000010011110000011
00000010010001111010011100000011
11111101100001000010011110000011
00000100111001111010001000100011
11111101110001000010011110000011
11111101100001000010011100000011
00000010111001111010001000100011
00000001100000000000000001101111
00000000000000000000000000010011
00000001000000000000000001101111
00000000000000000000000000010011
00000000100000000000000001101111
00000000000000000000000000010011
00000010110000010010000010000011
00000010100000010010010000000011
00000011000000010000000100010011
00000000000000001000000001100111
11111101000000010000000100010011
00000010000100010010011000100011
00000010100000010010010000100011
00000011000000010000010000010011
11111100101001000010111000100011
11111101110001000010011110000011
00000011000001111010011110000011
11111110111101000010011000100011
11111110110001000010011110000011
00000110000001111000111001100011
11111110110001000010011110000011
00000000000001111010011110000011
11111110111101000010011000100011
11111110110001000010011110000011
00000000010101111100011110000011
00000001100001111001011110010011
01000001100001111101011110010011
11111111100001111111011110010011
00000001100001111001011100010011
01000001100001110101011100010011
11111101110001000010011110000011
00000001010001111100011110000011
00000001100001111001011110010011
01000001100001111101011110010011
00000000001101111111011110010011
00000001100001111001011110010011
01000001100001111101011110010011
00000000111101110110011110110011
00000001100001111001011110010011
01000001100001111101011110010011
00001111111101111111011100010011
11111110110001000010011110000011
00000000111001111000001010100011
11111110110001000010010110000011
11111101110001000010010100000011
00000000000000000000000000010011
11111101110001000010011110000011
00000011000001111010011110000011
11111110110001000010011100000011
11111000111101110001011011100011
00000000000000000000000000010011
00000010110000010010000010000011
00000010100000010010010000000011
00000011000000010000000100010011
00000000000000001000000001100111
11111101000000010000000100010011
00000010000100010010011000100011
00000010100000010010010000100011
00000011000000010000010000010011
11111100101001000010111000100011
11111100101101000010110000100011
11111101110001000010011110000011
00000001000001111010011110000011
11111110111101000010001000100011
11111110000001000010011000100011
11111110010001000010011110000011
00000111000001111010011110000011
11111110111101000010010000100011
00010100010000000000000001101111
11111110000001000010011110000011
00000000010101111100011110000011
00000000001101111111011110010011
00000000000001111001011001100011
11111101100001000010011110000011
00000000000001111000101001100011
11111110000001000010011110000011
00000000010101111100011110000011
00000000100001111111011110010011
00000000000001111000100001100011
11111110000001000010011110000011
11111110111101000010010000100011
00010001000000000000000001101111
11111110000001000010011110000011
00000000100001111010011110000011
00000100000001111000001001100011
11111110000001000010011110000011
00000000100001111010011110000011
00000000011001111100011110000011
00000000010001111111011110010011
00000010000001111001100001100011
11111110000001000010011110000011
00000000100001111010011100000011
11111101110001000010011110000011
00000001000001111010011110000011
00001100010001111010011110000011
00000000111100000000011000110011
00000000001000000000010110010011
00000000111000000000010100110011
00000000000000000000000000010011
00000000101000000000011110110011
00000010000001111001010001100011
11111110000001000010011110000011
00000000010101111100011110000011
00000000100001111110011110010011
00001111111101111111011100010011
11111110000001000010011110000011
00000000111001111000001010100011
11111110000001000010011110000011
11111110111101000010010000100011
00001010000000000000000001101111
11111110000001000010011110000011
00000001000001111010011100000011
11111110110001000010011110000011
00000000111101110000011110110011
00000001100001111000011110010011
11111110111101000010011000100011
11111110000001000010011110000011
00000000010101111100011110000011
00000000100001111110011110010011
00001111111101111111011100010011
11111110000001000010011110000011
00000000111001111000001010100011
11111110000001000010011110000011
00000000000001111010011100000011
11111110100001000010011110000011
00000000111001111010000000100011
11111110010001000010011110000011
00000011000001111010011110000011
00000010000001111001001001100011
11111110000001000010011110000011
11111110000001000010011100000011
00000000111001111010000000100011
11111110000001000010011110000011
00000000000001111010011100000011
11111110010001000010011110000011
00000010111001111010100000100011
00000011010000000000000001101111
11111110010001000010011110000011
00000011000001111010011110000011
00000000000001111010011100000011
11111110000001000010011110000011
00000000111001111010000000100011
11111110010001000010011110000011
00000011000001111010011110000011
11111110000001000010011100000011
00000000111001111010000000100011
11111110010001000010011110000011
11111110000001000010011100000011
00000010111001111010100000100011
11111110100001000010011110000011
00000000000001111010011110000011
11111110111101000010000000100011
11111110000001000010011110000011
11101010000001111001100011100011
11111110110001000010011110000011
00000000111100000000010100110011
00000010110000010010000010000011
00000010100000010010010000000011
00000011000000010000000100010011
00000000000000001000000001100111
11111100000000010000000100010011
00000010000100010010111000100011
00000010100000010010110000100011
00000100000000010000010000010011
11111100101001000010011000100011
11111100101101000010010000100011
11111110000001000010010000100011
11111110000001000010001000100011
11111100100001000010011110000011
00000000100001111010011110000011
00000010000001111000011001100011
11111100100001000010011110000011
00000000100001111010011110000011
00000000010101111100011110000011
00000000001101111111011110010011
00000000000001111000110001100011
11111100100001000010011110000011
00000000100001111010011110000011
00000000111100000000010110110011
11111100110001000010010100000011
00000000000000000000000000010011
11111100100001000010011110000011
00000000100001111010011110000011
00000100000001111000010001100011
11111100100001000010011110000011
00000000100001111010011110000011
00000000011001111100011110000011
00000000100001111111011110010011
00000010000001111001011001100011
11111100100001000010011110000011
00000000100001111010011100000011
11111100110001000010011110000011
00001100100001111010011110000011
00000000111100000000011000110011
00000000001100000000010110010011
00000000111000000000010100110011
00000000000000000000000000010011
00000000101000000000011110110011
00000001000000000000000001101111
00000000000000000000011110010011
00000000100000000000000001101111
00000000000000000000011110010011
11111110111101000010000000100011
11111110000001000010011110000011
00001110000001111000100001100011
11111110000001000010011110000011
00000000100001111010011100000011
00000000010000000000011110010011
00001110111101110001000001100011
11111110000001000010011110000011
00000000000001111010011110000011
00000001000001111000011110010011
00000110101100000000010110010011
00000000111100000000010100110011
00000000000000000000000000010011
00000000101000000000011110110011
00000000111100000011011110110011
00001111111101111111011110010011
11111110111101000010010000100011
11111110000001000010011110000011
00000000000001111010011110000011
00000001000001111000011110010011
00000111011000000000010110010011
00000000111100000000010100110011
00000000000000000000000000010011
00000000101000000000011110110011
00000000111100000011011110110011
00001111111101111111011110010011
11111110111101000010001000100011
11111110100001000010011110000011
00000000000001111001011001100011
11111110010001000010011110000011
00001000000001111000000001100011
11111100100001000010011110000011
00000000010101111100011110000011
11111110011101111111011110010011
00001111111101111111011100010011
11111100100001000010011110000011
00000000111001111000001010100011
11111100100001000010011110000011
00000000010101111100011100000011
11111110100001000010011110000011
00000000001101111001011110010011
00000001100001111001011010010011
01000001100001101101011010010011
11111110010001000010011110000011
00000000010001111001011110010011
00000001100001111001011110010011
01000001100001111101011110010011
00000000111101101110011110110011
00000001100001111001011110010011
01000001100001111101011110010011
00001111111101111111011110010011
00000000111101110110011110110011
00001111111101111111011100010011
11111100100001000010011110000011
00000000111001111000001010100011
11111100110001000010011110000011
00000010110001111010011100000011
11111100100001000010011110000011
00000000111001111010110000100011
11111100110001000010011110000011
11111100100001000010011100000011
00000010111001111010011000100011
11111110100001000010011110000011
00000000000001111000101001100011
11111110010001000010011110000011
00000000000001111000011001100011
00000000000100000000011110010011
00011000110000000000000001101111
11111110010001000010011110000011
00001000000001111001011001100011
11111100100001000010011110000011
00000001110001111010011110000011
11111110111101000010011000100011
00000110110000000000000001101111
11111100100001000010011110000011
00000000110001111010011100000011
11111110110001000010011110000011
00000000010001111001011110010011
00000000111101110000011110110011
00000000100001111010011100000011
00000000001100000000011110010011
00000100111001111101011001100011
11111100100001000010011110000011
00000000110001111010011100000011
11111110110001000010011110000011
00000000010001111001011110010011
00000000111101110000011110110011
00000000000001111010011110000011
00000000010101111100011110000011
00000000001101111111011110010011
00000010000001111000010001100011
11111100100001000010011110000011
00000000110001111010011100000011
11111110110001000010011110000011
00000000010001111001011110010011
00000000111101110000011110110011
00000000000001111010011110000011
00000000111100000000010110110011
11111100110001000010010100000011
00000000000000000000000000010011
11111110110001000010011110000011
11111111111101111000011100010011
11111110111001000010011000100011
11111000000001111001011011100011
11111100100001000010011110000011
00000000011101111100011110000011
00000000111100000000011100110011
00000000000100000000011110010011
00000000111001111001011110110011
11111110111101000010011000100011
00001011010000000000000001101111
11111100100001000010011110000011
00000001000001111010011100000011
11111110110001000010011110000011
00000000010101111001011110010011
00000000111101110000011110110011
11111100111101000010111000100011
11111101110001000010011110000011
00000000100001111010011110000011
00000000000001111001100001100011
11111101110001000010010100000011
00000000000000000000000000010011
00001000010000000000000001101111
11111110100001000010011110000011
00000010000001111001111001100011
11111101110001000010011110000011
00000001100001111010011100000011
00000000001100000000011110010011
00000010111001111101011001100011
11111101110001000010011110000011
00000001000001111010011110000011
00000000010101111100011110000011
00000000001101111111011110010011
00000000000001111000110001100011
11111101110001000010011110000011
00000001000001111010011110000011
00000000111100000000010110110011
11111100110001000010010100000011
00000000000000000000000000010011
11111110010001000010011110000011
00000010000001111001111001100011
11111101110001000010011110000011
00000000100001111010011100000011
00000000001100000000011110010011
00000010111001111101011001100011
11111101110001000010011110000011
00000000000001111010011110000011
00000000010101111100011110000011
00000000001101111111011110010011
00000000000001111000110001100011
11111101110001000010011110000011
00000000000001111010011110000011
00000000111100000000010110110011
11111100110001000010010100000011
00000000000000000000000000010011
11111110110001000010011110000011
11111111111101111000011100010011
11111110111001000010011000100011
11110100000001111001001011100011
11111110100001000010011110000011
00000000000001111001011001100011
11111110010001000010011110000011
00000000000001111000011001100011
00000000000100000000011110010011
00000000100000000000000001101111
00000000000000000000011110010011
00000000111100000000010100110011
00000011110000010010000010000011
00000011100000010010010000000011
00000100000000010000000100010011
00000000000000001000000001100111
11111101000000010000000100010011
00000010000100010010011000100011
00000010100000010010010000100011
00000011000000010000010000010011
11111100101001000010111000100011
11111100101101000010110000100011
11111101100001000010011110000011
00000010000001111010011110000011
00000010000001111000001001100011
11111101100001000010011110000011
00000010000001111010011110000011
00000000010101111100011100000011
11111101100001000010011110000011
00000010000001111010011110000011
11111111110001110111011100010011
00001111111101110111011100010011
00000000111001111000001010100011
11111110000001000010011000100011
00000111100000000000000001101111
11111101100001000010011110000011
00000000100001111010011100000011
11111110110001000010011110000011
00000000010001111001011110010011
00000000111101110000011110110011
00000000100001111010011100000011
00000000001100000000011110010011
00000100111001111101011001100011
11111101100001000010011110000011
00000000100001111010011100000011
11111110110001000010011110000011
00000000010001111001011110010011
00000000111101110000011110110011
00000000000001111010011110000011
00000000010101111100011110000011
00000000001101111111011110010011
00000010000001111000010001100011
11111101100001000010011110000011
00000000100001111010011100000011
11111110110001000010011110000011
00000000010001111001011110010011
00000000111101110000011110110011
00000000000001111010011110000011
00000000111100000000010110110011
11111101110001000010010100000011
00000000000000000000000000010011
11111110110001000010011110000011
00000000000101111000011110010011
11111110111101000010011000100011
11111101100001000010011110000011
00000010100001111010011110000011
11111110110001000010011100000011
11111000111101110100000011100011
11111110000001000010011000100011
00000110110000000000000001101111
11111101100001000010011110000011
00000001110001111010011100000011
11111110110001000010011110000011
00000000001001111001011110010011
00000000111101110000011110110011
00000000000001111010011110000011
00000100000001111000001001100011
11111101100001000010011110000011
00000001110001111010011100000011
11111110110001000010011110000011
00000000001001111001011110010011
00000000111101110000011110110011
00000000000001111010011110000011
00000000010101111100011100000011
11111101100001000010011110000011
00000001110001111010011010000011
11111110110001000010011110000011
00000000001001111001011110010011
00000000111101101000011110110011
00000000000001111010011110000011
11111111110001110111011100010011
00001111111101110111011100010011
00000000111001111000001010100011
11111110110001000010011110000011
00000000000101111000011110010011
11111110111101000010011000100011
11111101100001000010011110000011
00000010010001111010011110000011
11111110110001000010011100000011
11111000111101110100011011100011
11111110000001000010011000100011
00000111010000000000000001101111
11111101100001000010011110000011
00000001000001111010011100000011
11111110110001000010011110000011
00000000001001111001011110010011
00000000111101110000011110110011
00000000000001111010011110000011
00000100000001111000011001100011
11111101100001000010011110000011
00000001000001111010011100000011
11111110110001000010011110000011
00000000001001111001011110010011
00000000111101110000011110110011
00000000000001111010011110000011
00000000010101111100011110000011
00000000001101111111011110010011
00000010000001111000010001100011
11111101100001000010011110000011
00000001000001111010011100000011
11111110110001000010011110000011
00000000001001111001011110010011
00000000111101110000011110110011
00000000000001111010011110000011
00000000111100000000010110110011
11111101110001000010010100000011
00000000000000000000000000010011
11111110110001000010011110000011
00000000000101111000011110010011
11111110111101000010011000100011
11111101100001000010011110000011
00000011010001111010011110000011
11111110110001000010011100000011
11111000111101110100001011100011
11111110000001000010011000100011
00001001000000000000000001101111
11111101100001000010011110000011
00000001100001111010011010000011
11111110110001000010011100000011
00000000111000000000011110110011
00000000000101111001011110010011
00000000111001111000011110110011
00000000001001111001011110010011
00000000111101101000011110110011
00000000000001111010011110000011
00000100000001111000111001100011
11111101100001000010011110000011
00000001100001111010011010000011
11111110110001000010011100000011
00000000111000000000011110110011
00000000000101111001011110010011
00000000111001111000011110110011
00000000001001111001011110010011
00000000111101101000011110110011
00000000000001111010011110000011
00000000010101111100011010000011
11111101100001000010011110000011
00000001100001111010011000000011
11111110110001000010011100000011
00000000111000000000011110110011
00000000000101111001011110010011
00000000111001111000011110110011
00000000001001111001011110010011
00000000111101100000011110110011
00000000000001111010011110000011
11111111110001101111011100010011
00001111111101110111011100010011
00000000111001111000001010100011
11111110110001000010011110000011
00000000000101111000011110010011
11111110111101000010011000100011
11111101100001000010011110000011
00000011100001111010011110000011
11111110110001000010011100000011
11110110111101110100010011100011
00000000000000000000000000010011
00000000000000000000000000010011
00000010110000010010000010000011
00000010100000010010010000000011
00000011000000010000000100010011
00000000000000001000000001100111
11111101000000010000000100010011
00000010000100010010011000100011
00000010100000010010010000100011
00000011000000010000010000010011
11111100101001000010111000100011
11111100101101000010110000100011
11111101100001000010011110000011
00000000110001111010011110000011
00000000010101111100011110000011
00000000001101111111011110010011
00000000000001111000110001100011
11111101100001000010011110000011
00000000110001111010011110000011
00000000111100000000010110110011
11111101110001000010010100000011
00000000000000000000000000010011
11111101100001000010011110000011
00000000011001111100011110000011
00001000000001111000110001100011
11111110000001000010011000100011
00000111100000000000000001101111
11111101100001000010011100000011
11111110110001000010011110000011
00000000000101111000011110010011
00000000010001111001011110010011
00000000111101110000011110110011
00000001000001111010011100000011
00000000001100000000011110010011
00000100111001111101011001100011
11111101100001000010011100000011
11111110110001000010011110000011
00000000000101111000011110010011
00000000010001111001011110010011
00000000111101110000011110110011
00000000100001111010011110000011
00000000010101111100011110000011
00000000001101111111011110010011
00000010000001111000010001100011
11111101100001000010011100000011
11111110110001000010011110000011
00000000000101111000011110010011
00000000010001111001011110010011
00000000111101110000011110110011
00000000100001111010011110000011
00000000111100000000010110110011
11111101110001000010010100000011
00000000000000000000000000010011
11111110110001000010011110000011
00000000000101111000011110010011
11111110111101000010011000100011
11111101100001000010011110000011
00000000011101111100011110000011
00000000111100000000011100110011
11111110110001000010011110000011
11110110111001111100111011100011
00001001110000000000000001101111
11111101100001000010011110000011
00000001000001111010011110000011
00000000010101111100011110000011
00000000001101111111011110010011
00000000000001111000110001100011
11111101100001000010011110000011
00000001000001111010011110000011
00000000111100000000010110110011
11111101110001000010010100000011
00000000000000000000000000010011
11111110000001000010010000100011
00000101100000000000000001101111
11111101100001000010011100000011
11111110100001000010011110000011
00000000010001111000011110010011
00000000001001111001011110010011
00000000111101110000011110110011
00000000010001111010011110000011
00000000010101111100011110000011
00000000001101111111011110010011
00000010000001111000010001100011
11111101100001000010011100000011
11111110100001000010011110000011
00000000010001111000011110010011
00000000001001111001011110010011
00000000111101110000011110110011
00000000010001111010011110000011
00000000111100000000010110110011
11111101110001000010010100000011
00000000000000000000000000010011
11111110100001000010011110000011
00000000000101111000011110010011
11111110111101000010010000100011
11111101100001000010011110000011
00000000011101111100011110000011
00000000111100000000011100110011
11111110100001000010011110000011
11111000111001111100111011100011
00000000000000000000000000010011
00000010110000010010000010000011
00000010100000010010010000000011
00000011000000010000000100010011
00000000000000001000000001100111
11111101000000010000000100010011
00000010000100010010011000100011
00000010100000010010010000100011
00000011000000010000010000010011
11111100101001000010111000100011
11111100101101000010110000100011
11111101110001000010011110000011
00000001010001111010011100000011
11111101110001000010011110000011
00000010100001111010011110000011
01000000111101110000011110110011
01000000001101111101011100010011
10101010101010101011011110110111
00000000000001111000011110010011
10101010101101111000011110010011
00000010111101110000011110110011
11111110111101000010011000100011
11111101110001000010011110000011
00000010000001111010011110000011
11111101100001000010011100000011
01000000111101110000011110110011
01000000010001111101011110010011
11111110111101000010010000100011
11111101110001000010011110000011
00000011000001111010011100000011
00000000000000000101011110110111
00000000000001111000011110010011
11100010000001111000011110010011
00001000111001111100100001100011
11111110110001000010011110000011
00000000001001111001011100010011
11111101110001000010011110000011
00000011000001111010011110000011
00000010111101110101101001100011
11111101110001000010011110000011
00000011000001111010011100000011
00000001000000000000011110010011
00000010111001111101001001100011
11111101110001000010011110000011
00000011000001111010011110000011
00000001111101111101011100010011
00000000111101110000011110110011
01000000000101111101011110010011
00000000111100000000010110110011
11111101110001000010010100000011
00000000000000000000000000010011
11111110100001000010011110000011
00000000001001111001011100010011
11111101110001000010011110000011
00000010110001111010011110000011
00000010111101110101111001100011
11111101110001000010011110000011
00000010110001111010011100000011
00000101101000000000011110010011
00000010111001111101011001100011
11111101110001000010011110000011
00000010110001111010011110000011
00000001111101111101011100010011
00000000111101110000011110110011
01000000000101111101011110010011
00000000111100000000010110110011
11111101110001000010010100000011
00000000000000000000000000010011
00000000100000000000000001101111
00000000000000000000000000010011
00000010110000010010000010000011
00000010100000010010010000000011
00000011000000010000000100010011
00000000000000001000000001100111
11111101000000010000000100010011
00000010000100010010011000100011
00000010100000010010010000100011
00000011000000010000010000010011
11111100101001000010111000100011
11111100101101000010110000100011
11111101100001000010011110000011
00000101000001111010011100000011
00000000001100000000011110010011
00000010111001111101011001100011
11111101100001000010011110000011
00000100100001111010011110000011
00000000010101111100011110000011
00000000001101111111011110010011
00000000000001111000110001100011
11111101100001000010011110000011
00000100100001111010011110000011
00000000111100000000010110110011
11111101110001000010010100000011
00000000000000000000000000010011
11111101100001000010011110000011
00000000100001111010011110000011
11111110111101000010010000100011
11111101100001000010011110000011
00000010100001111010011110000011
11111110111101000010001000100011
00000010110000000000000001101111
11111110010001000010011110000011
00000000100001111010011110000011
11111110100001000010011100000011
00000000111101110111100001100011
11111110010001000010011110000011
00000000100001111010011110000011
11111110111101000010010000100011
11111110010001000010011110000011
00000001100001111000011110010011
11111110111101000010001000100011
11111101100001000010011110000011
00000001010001111010011110000011
11111110010001000010011100000011
11111100111001111111011011100011
11111101100001000010011110000011
00000010000001111010011110000011
11111110111101000010011000100011
00000100100000000000000001101111
11111110110001000010011110000011
00000000100001111010011100000011
00000000001100000000011110010011
00000010111001111101011001100011
11111110110001000010011110000011
00000000000001111010011110000011
00000000010101111100011110000011
00000000001101111111011110010011
00000000000001111000110001100011
11111110110001000010011110000011
00000000000001111010011110000011
00000000111100000000010110110011
11111101110001000010010100000011
00000000000000000000000000010011
11111110110001000010011110000011
00000001000001111000011110010011
11111110111101000010011000100011
11111101100001000010011110000011
00000000100001111010011110000011
11111110110001000010011100000011
11111010111101110110100011100011
00000001100000000000000001101111
11111110110001000010011110000011
00000000000001111010010000100011
11111110110001000010011110000011
00000001000001111000011110010011
11111110111101000010011000100011
11111110110001000010011100000011
11111110100001000010011110000011
11111110111001111111001011100011
11111110100001000010010110000011
11111101100001000010010100000011
00000000000000000000000000010011
00000000000000000000000000010011
00000010110000010010000010000011
00000010100000010010010000000011
00000011000000010000000100010011
00000000000000001000000001100111
11111100000000010000000100010011
00000010000100010010111000100011
00000010100000010010110000100011
00000100000000010000010000010011
11111100101001000010011000100011
11111100110001000010011110000011
00000010010001111010011110000011
11111110111101000010011000100011
11111110110001000010011110000011
00000000010101111100011110000011
00000000010001111110011110010011
00001111111101111111011100010011
11111110110001000010011110000011
00000000111001111000001010100011
11111110110001000010011110000011
00000000010001111100011110000011
00000000100100000000011100010011
00011000111001111000011001100011
00000000100100000000011100010011
00100000111101110100100001100011
00000000100000000000011100010011
00001110111001111000100001100011
00000000100000000000011100010011
00100000111101110100000001100011
00000000010100000000011100010011
00000000111001111000100001100011
00000000011000000000011100010011
00000110111001111000110001100011
00011110110000000000000001101111
11111110110001000010011110000011
11111100111101000010111000100011
11111101110001000010011110000011
00000001100001111010011100000011
11111100110001000010011110000011
00000010111001111010001000100011
11111101110001000010010110000011
11111100110001000010010100000011
00000000000000000000000000010011
00000000101000000000011110110011
00000000000001111000111001100011
11111110110001000010011110000011
00000000010101111100011110000011
11111111101101111111011110010011
00001111111101111111011100010011
11111110110001000010011110000011
00000000111001111000001010100011
11111101110001000010011110000011
00000001110001111010011110000011
00000000001001111000011110010011
00000000010001111001011100010011
11111101110001000010011110000011
00000000011101111100011110000011
00000000111100000000011010110011
00000010000000000000011110010011
00000000110101111001011110110011
00000000111101110000011110110011
00011000000000000000000001101111
11111110110001000010011110000011
11111110111101000010000000100011
11111110000001000010011110000011
00000000100001111010011100000011
11111100110001000010011110000011
00000010111001111010001000100011
11111110000001000010010110000011
11111100110001000010010100000011
00000000000000000000000000010011
11111110000001000010011110000011
00000000011001111100011110000011
00000000000001111000111001100011
11111110000001000010011110000011
00000000011101111100011110000011
11111111111101111000011110010011
00000000010001111001011110010011
00000010100001111000011110010011
00010011100000000000000001101111
11111110000001000010011110000011
00000000011101111100011110000011
11111111111101111000011110010011
00000000001001111001011110010011
00000001100001111000011110010011
00010010000000000000000001101111
11111110110001000010011110000011
11111110111101000010001000100011
11111110010001000010011110000011
00000110110001111010011100000011
11111100110001000010011110000011
00000010111001111010001000100011
11111100110001000010011110000011
00000010100001111010011100000011
11111110010001000010011110000011
00000110111001111010011000100011
11111100110001000010011110000011
11111110110001000010011100000011
00000010111001111010010000100011
11111110110001000010011110000011
00000000010101111100011110000011
11111111101101111111011110010011
00001111111101111111011100010011
11111110110001000010011110000011
00000000111001111000001010100011
11111110010001000010010110000011
11111100110001000010010100000011
00000000000000000000000000010011
11111110010001000010011110000011
00000010110001111010011110000011
00000000010001111001011100010011
11111110010001000010011110000011
00000011000001111010011110000011
00000000111100000000011010110011
00000000110100000000011110110011
00000000000101111001011110010011
00000000110101111000011110110011
00000000001101111001011110010011
00000000111101110000011110110011
00000111100001111000011110010011
00001001010000000000000001101111
11111110110001000010011110000011
11111110111101000010010000100011
11111110100001000010011110000011
00000100010001111010011100000011
11111100110001000010011110000011
00000010111001111010001000100011
11111110100001000010010110000011
11111100110001000010010100000011
00000000000000000000000000010011
11111110100001000010011110000011
00000010110001111010011110000011
00000000111100000000011100110011
11111110100001000010011110000011
00000011010001111010011110000011
00000000111101110000011100110011
11111110100001000010011110000011
00000010100001111010011110000011
00000000001001111001011110010011
00000000111101110000011110110011
11111110100001000010011100000011
00000011000001110010011100000011
00000000111001111000011100110011
11111110100001000010011110000011
00000011100001111010011110000011
00000000111100000000011010110011
00000000110100000000011110110011
00000000000101111001011110010011
00000000110101111000011110110011
00000000111101110000011110110011
11111110100001000010011100000011
00000010010001110010011100000011
00000000111001111000011110110011
00000001001101111000011110010011
00000000001001111001011110010011
00000000100000000000000001101111
00000000000000000000011110010011
00000000111100000000010100110011
00000011110000010010000010000011
00000011100000010010010000000011
00000100000000010000000100010011
00000000000000001000000001100111
11111101000000010000000100010011
00000010000100010010011000100011
00000010100000010010010000100011
00000011000000010000010000010011
11111100101001000010111000100011
11111110000001000010011000100011
00000010000000000000000001101111
11111101110001000010010100000011
00000000000000000000000000010011
00000000101000000000011110110011
00000000111100000000011100110011
11111110110001000010011110000011
00000000111001111000011110110011
11111110111101000010011000100011
11111101110001000010011110000011
00000010010001111010011110000011
11111100000001111001111011100011
11111110110001000010011110000011
00000000111100000000010100110011
00000010110000010010000010000011
00000010100000010010010000000011
00000011000000010000000100010011
00000000000000001000000001100111
11111110000000010000000100010011
00000000100000010010111000100011
00000010000000010000010000010011
11111110101001000010011000100011
11111110101101000010010000100011
11111110110001000010011110000011
00000000100001111010011100000011
00000000001100000000011110010011
00000000111001111100011001100011
00000000000000000000011110010011
00001000100000000000000001101111
11111110110001000010011110000011
00000000100001111010011100000011
00000000010000000000011110010011
00000010111101110001011001100011
11111110110001000010011110000011
00000000000001111010011110000011
00000000010101111100011100000011
11111110110001000010011110000011
00000000000001111010011110000011
11111111110001110111011100010011
00001111111101110111011100010011
00000000111001111000001010100011
00000000000000000000011110010011
00000101000000000000000001101111
11111110110001000010011110000011
00000000000001111010011110000011
00000000010101111100011110000011
00000000001101111111011110010011
00000010000001111001100001100011
11111110110001000010011110000011
00000000100001111010011100000011
00000000011100000000011110010011
00000010111101110001010001100011
11111110100001000010011110000011
00000010000001111001000001100011
11111110110001000010011110000011
00000000000001111010011110000011
00000000010101111100011110000011
00000000100001111111011110010011
00000000000001111000011001100011
00000000000100000000011110010011
00000000100000000000000001101111
00000000000000000000011110010011
00000000111100000000010100110011
00000001110000010010010000000011
00000010000000010000000100010011
00000000000000001000000001100111
11111101000000010000000100010011
00000010000100010010011000100011
00000010100000010010010000100011
00000011000000010000010000010011
11111100101001000010111000100011
00010001000000000000000001101111
11111101110001000010011110000011
11111110111101000010010000100011
11111110100001000010011110000011
00000001110001111010011110000011
11111110111101000010011000100011
11111110100001000010011110000011
00000000010101111100011110000011
00000001000001111111011110010011
00000100000001111000011001100011
00000011100000000000000001101111
11111110100001000010011110000011
00000000110001111010011100000011
11111110110001000010011110000011
00000000010001111001011110010011
00000000111101110000011110110011
11111110111101000010001000100011
00000000000000000000010110010011
11111110010001000010010100000011
00000000000000000000000000010011
00000000101000000000011110110011
00000000000001111000011001100011
11111110010001000010011110000011
00000000000001111010010000100011
11111110110001000010011110000011
11111111111101111000011100010011
11111110111001000010011000100011
11111100000001111001000011100011
11111110100001000010011110000011
00000000011101111100011110000011
00000000111100000000011100110011
00000000000100000000011110010011
00000000111001111001011110110011
11111110111101000010011000100011
00000110110000000000000001101111
11111110100001000010011110000011
00000001000001111010011100000011
11111110110001000010011110000011
00000000010101111001011110010011
00000000111101110000011110110011
11111110111101000010000000100011
11111110000001000010011110000011
00000000100001111010011110000011
00000100000001111000010001100011
11111110000001000010011110000011
00000001000001111000011110010011
00000000000100000000010110010011
00000000111100000000010100110011
00000000000000000000000000010011
00000000101000000000011110110011
00000000000001111001111001100011
11111110000001000010011110000011
00000000000000000000010110010011
00000000111100000000010100110011
00000000000000000000000000010011
00000000101000000000011110110011
00000000000001111000101001100011
11111110000001000010011110000011
00000000000001111010010000100011
11111110000001000010010100000011
00000000000000000000000000010011
11111110110001000010011110000011
11111111111101111000011100010011
11111110111001000010011000100011
11111000000001111001011011100011
11111110100001000010011110000011
00000001100001111010011110000011
11111100111101000010111000100011
11111101110001000010011110000011
11101110000001111001100011100011
00000000000000000000000000010011
00000000000000000000000000010011
00000010110000010010000010000011
00000010100000010010010000000011
00000011000000010000000100010011
00000000000000001000000001100111
11111110000000010000000100010011
00000000000100010010111000100011
00000000100000010010110000100011
00000010000000010000010000010011
11111110101001000010011000100011
11111110101101000010010000100011
11111110100001000010011110000011
00000000010001111100011110000011
11111111110001111000011110010011
00000000011000000000011100010011
00001100111101110110111001100011
00000000001001111001011100010011
00010000000000010000011110110111
00000001110001111000011110010011
00000000111101110000011110110011
00000000000001111010011110000011
00000000000001111000000001100111
11111110100001000010011110000011
00000000111100000000010110110011
11111110110001000010010100000011
00000000000000000000000000010011
00001011000000000000000001101111
11111110100001000010011110000011
00000000111100000000010110110011
11111110110001000010010100000011
00000000000000000000000000010011
00001001110000000000000001101111
11111110100001000010011110000011
00000000111100000000010110110011
11111110110001000010010100000011
00000000000000000000000000010011
00001000100000000000000001101111
11111110100001000010011110000011
00000000111100000000010110110011
11111110110001000010010100000011
00000000000000000000000000010011
00000111010000000000000001101111
11111110100001000010011110000011
00000000111100000000010110110011
11111110110001000010010100000011
00000000000000000000000000010011
00000110000000000000000001101111
11111110110001000010011110000011
00000001000001111010011110000011
00000000010001111010011100000011
11111111111101110000011100010011
00000000111001111010001000100011
11111110100001000010011110000011
00000000110001111010011110000011
00000001000101111000011110010011
00000000000000000000011010010011
00000000111100000000011000110011
11111110100001000010010110000011
11111110110001000010010100000011
00000000000000000000000000010011
00000010100000000000000001101111
11111110100001000010011110000011
00000001000001111010011110000011
00000001100001111000011110010011
00000000000000000000011010010011
00000000111100000000011000110011
11111110100001000010010110000011
11111110110001000010010100000011
00000000000000000000000000010011
00000000000000000000000000010011
00000000000000000000000000010011
00000001110000010010000010000011
00000001100000010010010000000011
00000010000000010000000100010011
00000000000000001000000001100111
11111101000000010000000100010011
00000010000100010010011000100011
00000010100000010010010000100011
00000011000000010000010000010011
11111100101001000010111000100011
11111100101101000010110000100011
11111100110001000010101000100011
11111101110001000010011110000011
00000001000001111010011110000011
11111110111101000010011000100011
11111110110001000010011110000011
00000001010001111100011110000011
00000000001101111100011110010011
00001111111101111111011110010011
11111110111101000010010000100011
00001110010000000000000001101111
11111110010001000010011110000011
00000000010001111100011100000011
00000000100000000000011110010011
00000000111101110001111001100011
11111110010001000010011110000011
00000110100001111000011110010011
11111111110100000000011000010011
00000000111100000000010110110011
11111101110001000010010100000011
00000000000000000000000000010011
11111110010001000010011110000011
00000000010101111100011110000011
00000000001101111100011110010011
00001111111101111111011110010011
00000000111100000000011100110011
11111110100001000010011110000011
00000000111101110111011110110011
00000110000001111000000001100011
11111110010001000010011110000011
00000000010101111100011110000011
00000001100001111001011110010011
01000001100001111101011110010011
11111111100001111111011110010011
00000001100001111001011100010011
01000001100001110101011100010011
11111110110001000010011110000011
00000001010001111100011110000011
00000001100001111001011110010011
01000001100001111101011110010011
00000000001101111111011110010011
00000001100001111001011110010011
01000001100001111101011110010011
00000000111101110110011110110011
00000001100001111001011110010011
01000001100001111101011110010011
00001111111101111111011100010011
11111110010001000010011110000011
00000000111001111000001010100011
11111110010001000010011110000011
11111100111101000010110000100011
00000100000000000000000001101111
11111110010001000010011110000011
00000000000001111010011100000011
11111101100001000010011110000011
00000000111001111010000000100011
11111110110001000010011110000011
00000001110001111010011110000011
11111110010001000010011100000011
00000000111101110001101001100011
11111110010001000010011110000011
00000000000001111010011100000011
11111110110001000010011110000011
00000000111001111010111000100011
11111110010001000010010110000011
11111101110001000010010100000011
00000000000000000000000000010011
11111101100001000010011110000011
00000000000001111010011110000011
11111110111101000010001000100011
11111110010001000010011110000011
00000000000001111000101001100011
11111101010001000010011110000011
11111111111101111000011100010011
11111100111001000010101000100011
11110000000001111001000011100011
11111101100001000010011110000011
00000000111100000000010100110011
00000010110000010010000010000011
00000010100000010010010000000011
00000011000000010000000100010011
00000000000000001000000001100111
11111101000000010000000100010011
00000010000100010010011000100011
00000010100000010010010000100011
00000011000000010000010000010011
11111100101001000010111000100011
11111101110001000010011110000011
00000001000001111010011110000011
11111110111101000010011000100011
11111110110001000010011110000011
00000000010001111010011100000011
11111110110001000010011110000011
00000000100001111010011110000011
01000001111101111101011010010011
00000000001101101111011010010011
00000000111101101000011110110011
01000000001001111101011110010011
00000010111101110111101001100011
11111110110001000010011110000011
00000000100001111010011100000011
00000100000000000000011110010011
00000010111001111101001001100011
11111110110001000010011110000011
00000000100001111010011110000011
00000001111101111101011100010011
00000000111101110000011110110011
01000000000101111101011110010011
00000000111100000000010110110011
11111101110001000010010100000011
00000000000000000000000000010011
11111110110001000010011110000011
00000011110001111010011100000011
00000100000000000000011110010011
00000110111001111111100001100011
11111110110001000010011110000011
00000011110001111010011110000011
00000000000101111101011110010011
11111110111101000010010000100011
11111110100001000010011110000011
00000000000101111000011100010011
11111111110100000000011110010011
00000010111001111110100001100011
11111110110001000010011110000011
00000011010001111010011100000011
11111110110001000010011110000011
00000011110001111010011110000011
11111110100001000010011010000011
00000000111100000000011000110011
00000000111000000000010110110011
11111101110001000010010100000011
00000000000000000000000000010011
00000000101000000000011110110011
00000001000000000000000001101111
11111101110001000010010100000011
00000000000000000000000000010011
00000000101000000000011110110011
11111110110001000010011100000011
00000010111101110010101000100011
11111110110001000010011110000011
11111110100001000010011100000011
00000010111001111010111000100011
00000000000000000000000000010011
00000010110000010010000010000011
00000010100000010010010000000011
00000011000000010000000100010011
00000000000000001000000001100111
11111011000000010000000100010011
00000100000100010010011000100011
00000100100000010010010000100011
00000101000000010000010000010011
11111010101001000010111000100011
11111011110001000010011110000011
00000001000001111010011110000011
11111110111101000010011000100011
11111110110001000010011110000011
00000011000001111010011110000011
00000000000001111010011110000011
11111110111101000010010000100011
11111110100001000010011110000011
11111110111101000010001000100011
11111110110001000010011110000011
00000011000001111010011110000011
11111110100001000010011100000011
00000000111101110001100001100011
11111110110001000010011110000011
00000010000001111010100000100011
00000001100000000000000001101111
11111110110001000010011110000011
00000011000001111010011110000011
11111110010001000010011100000011
00000000000001110010011100000011
00000000111001111010000000100011
11111110110001000010011110000011
00000111000001111010011110000011
00000000000001111010011100000011
11111110010001000010011110000011
00000000111001111010000000100011
11111110110001000010011110000011
00000111000001111010011110000011
11111110100001000010011100000011
00000000111001111010000000100011
11111110100001000010011110000011
00000000010101111100011110000011
00000001100001111001011110010011
01000001100001111101011110010011
11111111100001111111011110010011
00000001100001111001011100010011
01000001100001110101011100010011
11111110110001000010011110000011
00000001010001111100011110000011
00000001100001111001011110010011
01000001100001111101011110010011
00000000001101111111011110010011
00000001100001111001011110010011
01000001100001111101011110010011
00000000111101110110011110110011
00000001100001111001011110010011
01000001100001111101011110010011
00001111111101111111011100010011
11111110100001000010011110000011
00000000111001111000001010100011
11111110010001000010011110000011
00000000100001111010011110000011
00000100000001111000011001100011
11111110010001000010011110000011
00000000100001111010011110000011
00000000011001111100011110000011
00000000010001111111011110010011
00000010000001111001100001100011
11111110010001000010011110000011
00000000100001111010011100000011
11111011110001000010011110000011
00000001000001111010011110000011
00001100010001111010011110000011
00000000111100000000011000110011
00000000001000000000010110010011
00000000111000000000010100110011
00000000000000000000000000010011
00000000101000000000011110110011
00000001000000000000000001101111
00000000000000000000011110010011
00000000100000000000000001101111
00000000000000000000011110010011
11111110111101000010000000100011
11111110000001000010011110000011
00001110000001111000001001100011
11111011110001000010011110000011
00000011100101111100011110000011
11111100111101000000111110100011
11111110110001000010011110000011
00000100000001111010011110000011
11111100111101000010110000100011
11111011110001000010011110000011
00000010000001111000110010100011
11111110110001000010011110000011
00000100010001111010011110000011
00000000000101111001011100010011
11111110110001000010011110000011
00000100111001111010000000100011
11111110000001000010011110000011
11111100111101000010101000100011
11111011110001000010011110000011
00000000100001111010011110000011
11111100111101000010100000100011
11111101000001000010011010000011
11111101010001000010011110000011
00000000000001111010011100000011
00000000010001111010011110000011
00000000111001101010000000100011
00000000111101101010001000100011
11111101010001000010011110000011
00000000100001111010011100000011
11111101000001000010011110000011
00000000111001111010010000100011
11111011110001000010011110000011
00000000100001111010011110000011
00000001000001111000011110010011
11111100111101000010011000100011
11111100110001000010011110000011
11111110010001000010011100000011
00000000111001111010000000100011
11111100110001000010011110000011
00000000011100000000011100010011
00000000111001111010010000100011
11111011110001000010011110000011
00000000100001111010011110000011
00000010000001111000011100010011
11111011110001000010011110000011
00000000111001111010010000100011
11111011110001000010011110000011
00000000100001111010011110000011
11111110000001111000011110010011
00000000000000000000011000010011
00000000111100000000010110110011
11111011110001000010010100000011
00000000000000000000000000010011
11111011110001000010011110000011
11111101111101000100011100000011
00000010111001111000110010100011
11111110110001000010011110000011
11111101100001000010011100000011
00000100111001111010000000100011
00000000000000000000000000010011
00000100110000010010000010000011
00000100100000010010010000000011
00000101000000010000000100010011
00000000000000001000000001100111
11111110000000010000000100010011
00000000000100010010111000100011
00000000100000010010110000100011
00000010000000010000010000010011
11111110101001000010011000100011
00000000110000000000000001101111
11111110110001000010010100000011
00000000000000000000000000010011
11111110110001000010011110000011
00000001000001111010011110000011
00000011000001111010011110000011
11111110000001111001011011100011
00000000000000000000000000010011
00000000000000000000000000010011
00000001110000010010000010000011
00000001100000010010010000000011
00000010000000010000000100010011
00000000000000001000000001100111
11111101000000010000000100010011
00000010000100010010011000100011
00000010100000010010010000100011
00000011000000010000010000010011
11111100101001000010111000100011
11111101110001000010011110000011
00000001000001111010011110000011
11111110111101000010010000100011
11111110100001000010011110000011
00000100001100000000011100010011
00000000111001111000101000100011
11111110100001000010011110000011
00000001110001111000011110010011
11111111110100000000011000010011
00000000111100000000010110110011
11111101110001000010010100000011
00000000000000000000000000010011
11111110000001000010011000100011
00000011010000000000000001101111
11111110100001000010011110000011
00000000000001111010011100000011
11111110110001000010011110000011
00000000001001111001011110010011
00000000111101110000011110110011
11111111110100000000011000010011
00000000111100000000010110110011
11111101110001000010010100000011
00000000000000000000000000010011
11111110110001000010011110000011
00000000000101111000011110010011
11111110111101000010011000100011
11111110100001000010011110000011
00000000100001111010011110000011
11111110110001000010011100000011
11111100111101110100001011100011
00000000000000000000000000010011
00000000000000000000000000010011
00000010110000010010000010000011
00000010100000010010010000000011
00000011000000010000000100010011
00000000000000001000000001100111
11111101000000010000000100010011
00000010000100010010011000100011
00000010100000010010010000100011
00000011000000010000010000010011
11111100101001000010111000100011
11111110000001000010011000100011
00000111010000000000000001101111
11111101110001000010011100000011
11111110110001000010011110000011
00000010010001111000011110010011
00000000001001111001011110010011
00000000111101110000011110110011
00000000100001111010011110000011
00000100000001111000011001100011
11111101110001000010011100000011
11111110110001000010011110000011
00000010010001111000011110010011
00000000001001111001011110010011
00000000111101110000011110110011
00000000100001111010011110000011
00000000010101111100011110000011
00000000001101111111011110010011
00000010000001111000010001100011
11111101110001000010011100000011
11111110110001000010011110000011
00000010010001111000011110010011
00000000001001111001011110010011
00000000111101110000011110110011
00000000100001111010011110000011
00000000111100000000010110110011
11111101110001000010010100000011
00000000000000000000000000010011
11111110110001000010011110000011
00000000000101111000011110010011
11111110111101000010011000100011
11111110110001000010011100000011
00000000100000000000011110010011
11111000111001111101010011100011
00000000000000000000000000010011
00000000000000000000000000010011
00000010110000010010000010000011
00000010100000010010010000000011
00000011000000010000000100010011
00000000000000001000000001100111
11111101000000010000000100010011
00000010000100010010011000100011
00000010100000010010010000100011
00000011000000010000010000010011
11111100101001000010111000100011
11111101110001000010011110000011
00000001000001111010011110000011
11111110111101000010011000100011
11111110110001000010011110000011
00000010000001111010001000100011
11111110110001000010011110000011
00000010000001111010010000100011
11111110110001000010011110000011
00000010000001111010011000100011
11111110110001000010011110000011
00000111000001111010011110000011
00000000010101111100011110000011
00000000001101111111011110010011
00000000000001111000110001100011
11111110110001000010011110000011
00000111000001111010011110000011
00000000111100000000010110110011
11111110110001000010010100000011
00000000000000000000000000010011
11111110110001000010011110000011
00000111000001111010011110000011
00000101000001111010011100000011
00000000001100000000011110010011
00000010111001111101101001100011
11111110110001000010011110000011
00000111000001111010011110000011
00000100100001111010011110000011
00000000010101111100011110000011
00000000001101111111011110010011
00000000000001111000111001100011
11111110110001000010011110000011
00000111000001111010011110000011
00000100100001111010011110000011
00000000111100000000010110110011
11111110110001000010010100000011
00000000000000000000000000010011
11111101110001000010011110000011
00000001000001111010011110000011
00000110100001111010011100000011
00000000001100000000011110010011
00000010111001111101101001100011
11111101110001000010011110000011
00000001000001111010011110000011
00000110000001111010011110000011
00000000010101111100011110000011
00000000001101111111011110010011
00000000000001111000111001100011
11111101110001000010011110000011
00000001000001111010011110000011
00000110000001111010011110000011
00000000111100000000010110110011
11111110110001000010010100000011
00000000000000000000000000010011
11111110110001000010010100000011
00000000000000000000000000010011
11111110110001000010011110000011
00000000000100000000011100010011
00000000111001111000101010100011
00000000000000000000000000010011
00000010110000010010000010000011
00000010100000010010010000000011
00000011000000010000000100010011
00000000000000001000000001100111
11111101000000010000000100010011
00000010000100010010011000100011
00000010100000010010010000100011
00000011000000010000010000010011
11111100101001000010111000100011
11111101110001000010011110000011
00001000110001111010011110000011
11111110111101000010011000100011
00000111010000000000000001101111
11111110110001000010011110000011
00000000010101111100011110000011
00000000010001111111011110010011
00000100000001111001110001100011
11111110110001000010011110000011
00000000010101111100011110000011
00000000001101111111011110010011
00000100000001111001010001100011
11111110110001000010011110000011
00000000100001111010011110000011
00000000100001111010011100000011
00000000001100000000011110010011
00000010111001111101101001100011
11111110110001000010011110000011
00000000100001111010011110000011
00000000000001111010011110000011
00000000010101111100011110000011
00000000001101111111011110010011
00000000000001111000111001100011
11111110110001000010011110000011
00000000100001111010011110000011
00000000000001111010011110000011
00000000111100000000010110110011
11111101110001000010010100000011
00000000000000000000000000010011
11111110110001000010011110000011
00000001010001111010011110000011
11111110111101000010011000100011
11111101110001000010011110000011
00000111100001111000011110010011
11111110110001000010011100000011
11111000111101110001001011100011
00000000000000000000000000010011
00000000000000000000000000010011
00000010110000010010000010000011
00000010100000010010010000000011
00000011000000010000000100010011
00000000000000001000000001100111
11111101000000010000000100010011
00000010000100010010011000100011
00000010100000010010010000100011
00000011000000010000010000010011
11111100101001000010111000100011
11111101110001000010011110000011
00000001000001111010011110000011
11111110111101000010011000100011
11111110110001000010010100000011
00000000000000000000000000010011
11111110110001000010010100000011
00000000000000000000000000010011
11111110110001000010011110000011
00000010110001111010011100000011
11111110110001000010011110000011
00000010111001111010001000100011
11111110110001000010011110000011
00000010000001111010011000100011
11111101110001000010011110000011
00000000010101111100011110000011
00000000001101111111011110010011
00000000000001111000100001100011
11111101110001000010010110000011
11111110110001000010010100000011
00000000000000000000000000010011
11111110110001000010010100000011
00000000000000000000000000010011
11111110110001000010010100000011
00000000000000000000000000010011
11111110110001000010011110000011
00000010100001111010011100000011
11111110110001000010011110000011
00000010111001111010001000100011
11111110110001000010011110000011
00000010000001111010010000100011
11111110110001000010010100000011
00000000000000000000000000010011
00000000000000000000010110010011
11111101110001000010010100000011
00000000000000000000000000010011
11111110101001000010010000100011
11111110110001000010010100000011
00000000000000000000000000010011
11111110110001000010010100000011
00000000000000000000000000010011
00000000101000000000011100110011
11111110100001000010011110000011
00000000111001111000011110110011
11111110111101000010010000100011
11111110110001000010011110000011
00000010110001111010011110000011
00000000111100000000010100110011
00000000000000000000000000010011
11111110110001000010011110000011
00000001010001111100011110000011
00000000001101111100011110010011
00001111111101111111011100010011
11111110110001000010011110000011
00000000111001111000101000100011
11111110110001000010011110000011
00000000000001111010110000100011
11111110110001000010011110000011
00000001110001111000011100010011
11111110110001000010011110000011
00000010111001111010000000100011
11111110110001000010011110000011
00000000001000000000011100010011
00000000111001111000101010100011
11111110110001000010011110000011
00000100010001111010011100000011
11111110100001000010011110000011
01000000111101110000011100110011
11111110110001000010011110000011
00000100111001111010010000100011
00000000000000000000000000010011
00000010110000010010000010000011
00000010100000010010010000000011
00000011000000010000000100010011
00000000000000001000000001100111
11111101000000010000000100010011
00000010000100010010011000100011
00000010100000010010010000100011
00000011000000010000010000010011
11111100101001000010111000100011
11111101110001000010011110000011
00000001000001111010011110000011
11111110111101000010011000100011
11111110110001000010011110000011
00000001010101111100011110000011
00000000010000000000011100010011
00011010111101110110111001100011
00000000001001111001011100010011
00010000000000010000011110110111
00000011100001111000011110010011
00000000111101110000011110110011
00000000000001111010011110000011
00000000000001111000000001100111
11111101110001000010010100000011
00000000000000000000000000010011
00000000000000000000011110010011
00011001100000000000000001101111
11111110110001000010011110000011
00000010010001111010011110000011
00000000000001111000101001100011
11111110110001000010010100000011
00000000000000000000000000010011
00000000101000000000011110110011
00010111110000000000000001101111
11111101110001000010010100000011
00000000000000000000000000010011
00000000000000000000011110010011
00010110110000000000000001101111
11111110110001000010011110000011
00000100010001111010011110000011
11111110111101000010001000100011
11111110110001000010011110000011
00000000000001111010011100000011
11111110110001000010011110000011
00000001100001111010011110000011
00000000000101111000011000010011
11111110110001000010011010000011
00000000110001101010110000100011
00000000001001111001011110010011
00000000111101110000011110110011
11111111110100000000011000010011
00000000111100000000010110110011
11111101110001000010010100000011
00000000000000000000000000010011
11111110110001000010011110000011
00000001100001111010011100000011
11111110110001000010011110000011
00000000100001111010011110000011
00000000111101110100100001100011
11111110110001000010011110000011
00000000001100000000011100010011
00000000111001111000101010100011
11111110110001000010011110000011
00000100100001111010011100000011
11111110110001000010011110000011
00000100010001111010011010000011
11111110010001000010011110000011
01000000111101101000011110110011
00000000111101110000011100110011
11111110110001000010011110000011
00000100111001111010010000100011
00000000101000000000011110010011
00001110000000000000000001101111
11111110110001000010011110000011
00000100010001111010011110000011
11111110111101000010010000100011
11111110110001000010011110000011
00000010000001111010011110000011
00000010100000000000011000010011
00000000111100000000010110110011
11111101110001000010010100000011
00000000000000000000000000010011
00000000101000000000011100110011
11111110110001000010011110000011
00000010111001111010000000100011
11111110110001000010011110000011
00000010000001111010011110000011
00000000000001111010011110000011
00000000000001111001110001100011
11111101110001000010010100000011
00000000000000000000000000010011
11111110110001000010011110000011
00000000010000000000011100010011
00000000111001111000101010100011
11111110110001000010011110000011
00000100100001111010011100000011
11111110110001000010011110000011
00000100010001111010011010000011
11111110100001000010011110000011
01000000111101101000011110110011
00000000111101110000011100110011
11111110110001000010011110000011
00000100111001111010010000100011
00011001000000000000011110010011
00000110000000000000000001101111
11111110110001000010011110000011
00000011000001111010011110000011
00000010000001111000110001100011
11111101110001000010010100000011
00000000000000000000000000010011
11111110110001000010011110000011
00000100100001111010011100000011
00000110010000000000011110010011
00000000111001111111110001100011
11111110110001000010011110000011
00000100100001111010011110000011
11111001110001111000011100010011
11111110110001000010011110000011
00000100111001111010010000100011
00000110010000000000011110010011
00000010000000000000000001101111
11111110110001000010011110000011
00000000000001111000101010100011
11111110110001000010011110000011
00000100000001111010011000100011
00000000000000000000011110010011
00000000100000000000000001101111
00000000000000000000011110010011
00000000111100000000010100110011
00000010110000010010000010000011
00000010100000010010010000000011
00000011000000010000000100010011
00000000000000001000000001100111
11111101000000010000000100010011
00000010000100010010011000100011
00000010100000010010010000100011
00000011000000010000010000010011
11111100101001000010111000100011
11111101110001000010011110000011
00000001000001111010011110000011
11111110111101000010010000100011
11111110100001000010011110000011
00000101010001111010011110000011
00000000111100000000011100110011
00000000111000000000011110110011
00000000001001111001011110010011
00000000111001111000011110110011
00000000000101111001011110010011
11111110111101000010011000100011
11111110110001000010011110000011
00000000000001111001101001100011
10000000000000000000011110110111
00000000000001111000011110010011
11111111111001111100011110010011
11111110111101000010011000100011
11111110100001000010011110000011
00000100110001111010011100000011
11111110100001000010011110000011
00000100010001111010011010000011
11111110100001000010011110000011
00000100000001111010011110000011
01000000111101101000011110110011
00000000111101110000011100110011
11111110100001000010011110000011
00000100111001111010011000100011
11111101110001000010010100000011
00000000000000000000000000010011
00000000101000000000011100110011
11111110110001000010011110000011
01000000111001111000011110110011
11111110111101000010011000100011
11111110100001000010011110000011
00000001010101111100011110000011
00000000000001111000100001100011
11111110110001000010011110000011
11111100111100000100110011100011
00000000100000000000000001101111
00000000000000000000000000010011
11111110100001000010011110000011
00000001010101111100011110000011
00000100000001111000101001100011
11111110100001000010011110000011
00000100110001111010011100000011
00111111111100000000011110010011
00000000111001111110111001100011
11111110100001000010011110000011
00000100010001111010011110000011
01000000000001111000011100010011
11111110100001000010011110000011
00000100111001111010000000100011
00000101000000000000000001101111
11111110100001000010011110000011
00000100110001111010011110000011
11000000000001111000011100010011
11111110100001000010011110000011
00000100111001111010011000100011
11111110100001000010011110000011
00000100010001111010011100000011
11111110100001000010011110000011
00000100111001111010000000100011
00000010100000000000000001101111
11111110100001000010011110000011
00000100100001111010011100000011
00000110010000000000011110010011
00000010111101110101011110110011
11111110100001000010011100000011
00000101000001110010011100000011
00000010111001111000011100110011
11111110100001000010011110000011
00000100111001111010000000100011
00000000000000000000000000010011
00000010110000010010000010000011
00000010100000010010010000000011
00000011000000010000000100010011
00000000000000001000000001100111
11111101000000010000000100010011
00000010000100010010011000100011
00000010100000010010010000100011
00000011000000010000010000010011
11111100101001000010111000100011
11111101110001000010011110000011
00000001000001111010011110000011
11111110111101000010011000100011
11111110110001000010011110000011
00000001010101111100011100000011
00000000000100000000011110010011
00000100111001111110011001100011
11111110110001000010011110000011
00000000000001111010110000100011
11111110110001000010011110000011
00000001110001111000011100010011
11111110110001000010011110000011
00000010111001111010000000100011
11111110110001000010011110000011
00000010000001111010001000100011
11111110110001000010011110000011
00000010000001111010010000100011
11111110110001000010011110000011
00000010000001111010011000100011
11111110110001000010011110000011
00000000001000000000011100010011
00000000111001111000101010100011
00000000110000000000000001101111
11111101110001000010010100000011
00000000000000000000000000010011
11111110110001000010011110000011
00000001010101111100011100000011
00000000010000000000011110010011
11111110111101110001011011100011
11111101110001000010010100000011
00000000000000000000000000010011
00000000110000000000000001101111
11111101110001000010010100000011
00000000000000000000000000010011
11111110110001000010011110000011
00000001010101111100011110000011
11111110000001111001100011100011
11111110110001000010011110000011
00000100100001111010011100000011
00000110010000000000011110010011
00000010111101110101011110110011
11111110110001000010011100000011
00000101000001110010011100000011
00000010111001111000011100110011
11111110110001000010011110000011
00000100111001111010000000100011
00000000000000000000000000010011
00000010110000010010000010000011
00000010100000010010010000000011
00000011000000010000000100010011
00000000000000001000000001100111
11111101000000010000000100010011
00000010000100010010011000100011
00000010100000010010010000100011
00000011000000010000010000010011
11111100101001000010111000100011
11111100101101000010110000100011
11111100110001000010101000100011
11111101110001000010011110000011
00000001000001111010011110000011
11111110111101000010011000100011
11111110110001000010011110000011
00000001010101111100011100000011
00000000000100000000011110010011
00000000111101110001101001100011
11111101010001000010010110000011
11111110110001000010010100000011
00000000000000000000000000010011
00000101010000000000000001101111
11111101100001000010011110000011
00000000010101111100011110000011
00000001100001111001011110010011
01000001100001111101011110010011
11111111100001111111011110010011
00000001100001111001011100010011
01000001100001110101011100010011
11111110110001000010011110000011
00000001010001111100011110000011
00000001100001111001011110010011
01000001100001111101011110010011
00000000001101111111011110010011
00000001100001111001011110010011
01000001100001111101011110010011
00000000111101110110011110110011
00000001100001111001011110010011
01000001100001111101011110010011
00001111111101111111011100010011
11111101100001000010011110000011
00000000111001111000001010100011
00000000000000000000000000010011
00000010110000010010000010000011
00000010100000010010010000000011
00000011000000010000000100010011
00000000000000001000000001100111
11111101000000010000000100010011
00000010100000010010011000100011
00000011000000010000010000010011
11111100101001000010111000100011
11111100101101000010110000100011
11111101110001000010011110000011
00000001000001111010011110000011
11111110111101000010011000100011
11111101100001000010011110000011
11111110111101000010010000100011
11111110100001000010011110000011
00000000010101111100011110000011
11111111101101111111011110010011
00001111111101111111011100010011
11111110100001000010011110000011
00000000111001111000001010100011
11111110110001000010011110000011
00000010100001111010011100000011
11111101100001000010011110000011
00000000111001111010110000100011
11111110110001000010011110000011
11111110100001000010011100000011
00000010111001111010010000100011
00000000000000000000000000010011
00000010110000010010010000000011
00000011000000010000000100010011
00000000000000001000000001100111
11111101000000010000000100010011
00000010100000010010011000100011
00000011000000010000010000010011
11111100101001000010111000100011
11111100101101000010110000100011
00000000110000000000011110110011
11111100111101000000101110100011
11111101110001000010011110000011
00000001000001111010011110000011
11111110111101000010011000100011
11111110110001000010011110000011
00000001110001111010011100000011
11111101100001000010011110000011
00000000111001111010000000100011
11111110110001000010011110000011
11111101100001000010011100000011
00000000111001111010111000100011
11111110110001000010011110000011
00000001010001111100011110000011
00000000001101111111011110010011
00001111111101111111011100010011
11111101100001000010011110000011
00000000111001111000001010100011
11111101100001000010011110000011
11111101011101000100011100000011
00000000111001111000001000100011
00000000000000000000000000010011
00000010110000010010010000000011
00000011000000010000000100010011
00000000000000001000000001100111
11111101000000010000000100010011
00000010000100010010011000100011
00000010100000010010010000100011
00000011000000010000010000010011
11111100101001000010111000100011
11111100101101000010110000100011
11111101110001000010011110000011
00000001000001111010011110000011
11111110111101000010011000100011
11111101100001000010011110000011
11111110111101000010010000100011
11111110110001000010011110000011
00000001110001111010011100000011
11111110100001000010011110000011
00000000111001111010000000100011
11111110110001000010011110000011
11111110100001000010011100000011
00000000111001111010111000100011
11111110100001000010011110000011
00000000010101111100011110000011
00000000010001111111011110010011
00001110000001111001010001100011
11111110100001000010011110000011
00000000010101111100011110000011
00000000001101111111011110010011
00001100000001111001110001100011
11111110110001000010011110000011
00000001010101111100011100000011
00000000000100000000011110010011
00000110111101110001110001100011
11111110100001000010011110000011
00000000010101111100011110000011
00000000010001111110011110010011
00001111111101111111011100010011
11111110100001000010011110000011
00000000111001111000001010100011
11111101100001000010011110000011
00000000100001111010011110000011
00000000100001111010011100000011
00000000001100000000011110010011
00001000111001111101111001100011
11111101100001000010011110000011
00000000100001111010011110000011
00000000000001111010011110000011
00000000010101111100011110000011
00000000001101111111011110010011
00001000000001111000001001100011
11111101100001000010011110000011
00000000010101111100011110000011
00000000010001111111011110010011
00000110000001111000101001100011
11111101100001000010011110000011
00000000100001111010011110000011
00000000000001111010011110000011
00000000111100000000011000110011
11111101100001000010010110000011
11111101110001000010010100000011
00000000000000000000000000010011
00000101010000000000000001101111
11111110100001000010011110000011
00000000010101111100011110000011
00000001100001111001011110010011
01000001100001111101011110010011
11111111100001111111011110010011
00000001100001111001011100010011
01000001100001110101011100010011
11111110110001000010011110000011
00000001010001111100011110000011
00000001100001111001011110010011
01000001100001111101011110010011
00000000001101111111011110010011
00000001100001111001011110010011
01000001100001111101011110010011
00000000111101110110011110110011
00000001100001111001011110010011
01000001100001111101011110010011
00001111111101111111011100010011
11111110100001000010011110000011
00000000111001111000001010100011
00000000000000000000000000010011
00000010110000010010000010000011
00000010100000010010010000000011
00000011000000010000000100010011
00000000000000001000000001100111
