11111101000000010000000100010011
00000010000100010010011000100011
00000010100000010010010000100011
00000011000000010000010000010011
11111100101001000010111000100011
11111100101101000010110000100011
11111101110001000010011110000011
00000011110001111010011110000011
11111110111101000010011000100011
11111110110001000010011110000011
00000000010001111010011110000011
00000000000101111000011100010011
11111110110001000010011110000011
00000000100001111010011110000011
00001010111001111111010001100011
11111110110001000010011110000011
00000000100001111010011100000011
10000000000000000000011110110111
00000000000001111000011110010011
11111111110101111100011110010011
00000000111001111111110001100011
00000000000000000000011000010011
00010000000000010000011110110111
00010100100001111000010110010011
11111101110001000010010100000011
00000000000000000000000000010011
11111110110001000010011110000011
00000000100001111010011110000011
00000000000101111001011110010011
11111110111101000010010000100011
11111110100001000010011110000011
00000000000101111000011100010011
11111111110100000000011110010011
00000010111001111110101001100011
11111101110001000010011110000011
00000011010001111010011100000011
11111110110001000010011110000011
00000000000001111010010110000011
11111110110001000010011110000011
00000000100001111010011110000011
11111110100001000010011010000011
00000000111100000000011000110011
00000000111000000000010100110011
00000000000000000000000000010011
00000000101000000000011110110011
00000001100000000000000001101111
11111101110001000010011110000011
00000011010001111010011110000011
00000000111100000000010100110011
00000000000000000000000000010011
00000000101000000000011110110011
11111110110001000010011100000011
00000000111101110010000000100011
11111110110001000010011110000011
11111110100001000010011100000011
00000000111001111010010000100011
11111110110001000010011110000011
00000000000001111010011100000011
11111110110001000010011110000011
00000000010001111010011110000011
00000000000101111000011000010011
11111110110001000010011010000011
00000000110001101010001000100011
00000000111101110000011110110011
11111101100001000010011100000011
00001111111101110111011100010011
00000000111001111000000000100011
00000000000000000000000000010011
00000010110000010010000010000011
00000010100000010010010000000011
00000011000000010000000100010011
00000000000000001000000001100111
11111101000000010000000100010011
00000010000100010010011000100011
00000010100000010010010000100011
00000010100100010010001000100011
00000011000000010000010000010011
11111100101001000010111000100011
11111110000001000010011000100011
00001001000000000000000001101111
00010000000000010000011110110111
00001100100001111000011100010011
11111110110001000010011110000011
00000000001001111001011110010011
00000000111101110000011110110011
00000000000001111010010010000011
00010000000000010000011110110111
00001100100001111000011100010011
11111110110001000010011110000011
00000000001001111001011110010011
00000000111101110000011110110011
00000000000001111010011110000011
00000000111100000000010100110011
00000000000000000000000000010011
00000000101000000000011110110011
00000000111100000000011000110011
00000000100100000000010110110011
11111101110001000010010100000011
00000000000000000000000000010011
11111110101001000010010000100011
11111110100001000010011110000011
00000000010101111100011110000011
00000010000001111110011110010011
00001111111101111111011100010011
11111110100001000010011110000011
00000000111001111000001010100011
11111110110001000010011110000011
00001111111101111111011110010011
00000000000101111000011110010011
00001111111101111111011100010011
11111110100001000010011110000011
00000000111001111000001100100011
11111110110001000010011110000011
00000000000101111000011110010011
11111110111101000010011000100011
11111110110001000010011100000011
00000001010000000000011110010011
11110110111001111101011011100011
00000000000000000000000000010011
00000000000000000000000000010011
00000010110000010010000010000011
00000010100000010010010000000011
00000010010000010010010010000011
00000011000000010000000100010011
00000000000000001000000001100111
11111110000000010000000100010011
00000000000100010010111000100011
00000000100000010010110000100011
00000010000000010000010000010011
11111110101001000010011000100011
11111110101101000010010000100011
11111110100001000010011100000011
00010000000000000000011110010011
00000110111001111100100001100011
00000000000000000000000000010011
00000000101000000000011110110011
00000000000001111010011100000011
11111110100001000010011110000011
00000000000101111001011110010011
00000000111101110000011110110011
00000000000001111101011110000011
00000000001001111111011110010011
00000010000001111000010001100011
11111110110001000010011110000011
00000011010001111010011100000011
11111110100001000010011000000011
00010000000000010000011110110111
00010110010001111000010110010011
00000000111000000000010100110011
00000000000000000000000000010011
00000000101000000000011110110011
00000100010000000000000001101111
11111110110001000010011110000011
00000011010001111010011100000011
11111110100001000010011000000011
00010000000000010000011110110111
00010111000001111000010110010011
00000000111000000000010100110011
00000000000000000000000000010011
00000000101000000000011110110011
00000010000000000000000001101111
11111110100001000010011110000011
11101111111101111000011110010011
00010000000000010000011100110111
00001100100001110000011100010011
00000000001001111001011110010011
00000000111101110000011110110011
00000000000001111010011110000011
00000000111100000000010100110011
00000001110000010010000010000011
00000001100000010010010000000011
00000010000000010000000100010011
00000000000000001000000001100111
11111110000000010000000100010011
00000000000100010010111000100011
00000000100000010010110000100011
00000010000000010000010000010011
11111110101001000010011000100011
11111110101101000010010000100011
11111110100001000010011110000011
11101110010001111000011100010011
00000000001000000000011110010011
00000010111001111110000001100011
00000000000000000000010110010011
11111110110001000010010100000011
00000000000000000000000000010011
11111110110001000010011110000011
00000011110001111010011110000011
00000000000001111010011110000011
00000001010000000000000001101111
11111110100001000010010110000011
11111110110001000010010100000011
00000000000000000000000000010011
00000000101000000000011110110011
00000000111100000000010100110011
00000001110000010010000010000011
00000001100000010010010000000011
00000010000000010000000100010011
00000000000000001000000001100111
11111001000000010000000100010011
00000110000100010010011000100011
00000110100000010010010000100011
00000110100100010010001000100011
00000111000000010000010000010011
11111000101001000010111000100011
11111000101101000010110000100011
11111000110001000010101000100011
11111001110001000010011110000011
00000100000001111010011110000011
00000001000001111000011100010011
11111010000001000000011110010011
00000101000000000000011000010011
00000000111000000000010110110011
00000000111100000000010100110011
00000000000000000000000000010011
11111001110001000010011110000011
00000011010001111010010100000011
11111001110001000010011110000011
00000000010001111010011010000011
11111010000001000000011110010011
11111001100001000010011100000011
00000000111100000000011000110011
00010000000000010000011110110111
00010111010001111000010110010011
00000000000000000000000000010011
11111000101001000010110000100011
11111001010001000010011110000011
00000010000001111000101001100011
11111001110001000010011110000011
00000011010001111010010010000011
11111001010001000010010110000011
11111001110001000010010100000011
00000000000000000000000000010011
00000000101000000000011110110011
00000000111100000000011010110011
11111001100001000010011000000011
00010000000000010000011110110111
00011000000001111000010110010011
00000000100100000000010100110011
00000000000000000000000000010011
11111001110001000010011110000011
00000011010001111010011110000011
00000000001100000000010110010011
00000000111100000000010100110011
00000000000000000000000000010011
00000000000000000000000000010011
00000110110000010010000010000011
00000110100000010010010000000011
00000110010000010010010010000011
00000111000000010000000100010011
00000000000000001000000001100111
11111110000000010000000100010011
00000000000100010010111000100011
00000000100000010010110000100011
00000010000000010000010000010011
11111110101001000010011000100011
11111110101101000010010000100011
11111110110001000010011110000011
00000001000001111010011110000011
00000000111100000000011000110011
11111110100001000010010110000011
11111110110001000010010100000011
00000000000000000000000000010011
00000000000000000000000000010011
00000001110000010010000010000011
00000001100000010010010000000011
00000010000000010000000100010011
00000000000000001000000001100111
11111101000000010000000100010011
00000010000100010010011000100011
00000010100000010010010000100011
00000011000000010000010000010011
11111100101001000010111000100011
11111100101101000010110000100011
11111100110001000010101000100011
11111101110001000010011110000011
00000011010001111010011110000011
11111110111101000010011000100011
11111101010001000010011000000011
11111101100001000010010110000011
11111110110001000010010100000011
00000000000000000000000000010011
11111110101001000010010000100011
11111101110001000010011110000011
00000011000001111010011110000011
00000000010001111010011110000011
11111110100001000010011000000011
00000000111100000000010110110011
11111110110001000010010100000011
00000000000000000000000000010011
11111110101001000010001000100011
11111110010001000010011110000011
00000000100001111010011110000011
00000100000001111001010001100011
11111110010001000010011110000011
11111110111101000010000000100011
11111110000001000010011110000011
00000000000100000000011100010011
00000000111001111010000000100011
11111110000001000010011110000011
00000000000100000000011100010011
00000000111001111010010000100011
11111110110001000010011110000011
00000001000001111010011110000011
00000100010001111010011100000011
11111110110001000010011110000011
00000001000001111010011110000011
00000100000001111010011110000011
00000000111101110110011001100011
11111110110001000010010100000011
00000000000000000000000000010011
11111110100001000010011110000011
00000000111100000000010100110011
00000010110000010010000010000011
00000010100000010010010000000011
00000011000000010000000100010011
00000000000000001000000001100111
11111101000000010000000100010011
00000010000100010010011000100011
00000010100000010010010000100011
00000011000000010000010000010011
11111100101001000010111000100011
11111101110001000010011110000011
00000000000001111010011110000011
11111110111101000010011000100011
11111101110001000010011110000011
00000011100001111010011100000011
00000000000001110010011110000011
11111111111101111000011010010011
00000000110101110010000000100011
00000010000001111000001001100011
11111101110001000010011110000011
00000011100001111010011100000011
00000000010001110010011110000011
00000000000101111000011010010011
00000000110101110010001000100011
00000000000001111100011110000011
00000000111100000000011100110011
00000001100000000000000001101111
11111101110001000010011110000011
00000011100001111010011110000011
00000000111100000000010100110011
00000000000000000000000000010011
00000000101000000000011100110011
11111101110001000010011110000011
00000000111001111010000000100011
11111101110001000010011110000011
00000000000001111010011100000011
00000000101000000000011110010011
00000000111101110000101001100011
11111101110001000010011110000011
00000000000001111010011100000011
00000000110100000000011110010011
00000110111101110001010001100011
11111101110001000010011110000011
00000000000001111010011110000011
11111110110001000010011100000011
00000100111101110000110001100011
11111101110001000010011110000011
00000011100001111010011100000011
00000000000001110010011110000011
11111111111101111000011010010011
00000000110101110010000000100011
00000010000001111000001001100011
11111101110001000010011110000011
00000011100001111010011100000011
00000000010001110010011110000011
00000000000101111000011010010011
00000000110101110010001000100011
00000000000001111100011110000011
00000000111100000000011100110011
00000001100000000000000001101111
11111101110001000010011110000011
00000011100001111010011110000011
00000000111100000000010100110011
00000000000000000000000000010011
00000000101000000000011100110011
11111101110001000010011110000011
00000000111001111010000000100011
11111101110001000010011110000011
00000000010001111010011110000011
00000000000101111000011100010011
11111101110001000010011110000011
00000000111001111010001000100011
11111101110001000010011110000011
00000000010001111010011100000011
10000000000000000000011110110111
00000000000001111000011110010011
11111111110001111100011110010011
00000000111001111101101001100011
00010000000000010000011110110111
00011001000001111000010110010011
11111101110001000010010100000011
00000000000000000000000000010011
00000000000000000000000000010011
00000010110000010010000010000011
00000010100000010010010000000011
00000011000000010000000100010011
00000000000000001000000001100111
11111110000000010000000100010011
00000000000100010010111000100011
00000000100000010010110000100011
00000000100100010010101000100011
00000010000000010000010000010011
11111110101001000010011000100011
11111110101101000010010000100011
11111110110001000010001000100011
11111110110101000010000000100011
11111110100001000010011110000011
00000010111000000000011100010011
00000100111001111000001000100011
11111110100001000010011110000011
11111110110001000010011100000011
00000010111001111010101000100011
11111110100001000010011110000011
00010001111100000000011100010011
00000010111001111010000000100011
11111110100001000010011110000011
11111110010001000010011100000011
00000010111001111010110000100011
11111110100001000010011110000011
00000010000001111010100000100011
11111110100001000010011110000011
00000000000100000000011100010011
00000000111001111010001000100011
11111110100001000010011110000011
00000000000100000000011100010011
00000000111001111010010000100011
11111110100001000010011110000011
11111110000001000010011100000011
00000100111001111010000000100011
11111110100001000010011110000011
00000011010001111010011100000011
11111110100001000010011110000011
00000011110001111010011110000011
00000000000001111010010110000011
11111110100001000010011110000011
00000011110001111010011110000011
00000000100001111010011000000011
11111110100001000010011110000011
00000011110001111010010010000011
00000010000000000000011010010011
00000000111000000000010100110011
00000000000000000000000000010011
00000000101000000000011110110011
00000000111101001010000000100011
11111110100001000010011110000011
00000011110001111010011110000011
00000010000000000000011100010011
00000000111001111010010000100011
11111110100001000010011110000011
00000011100001111010011100000011
00000000000001110010011110000011
11111111111101111000011010010011
00000000110101110010000000100011
00000010000001111000001001100011
11111110100001000010011110000011
00000011100001111010011100000011
00000000010001110010011110000011
00000000000101111000011010010011
00000000110101110010001000100011
00000000000001111100011110000011
00000000111100000000011100110011
00000001100000000000000001101111
11111110100001000010011110000011
00000011100001111010011110000011
00000000111100000000010100110011
00000000000000000000000000010011
00000000101000000000011100110011
11111110100001000010011110000011
00000000111001111010000000100011
00000000000000000000000000010011
00000001110000010010000010000011
00000001100000010010010000000011
00000001010000010010010010000011
00000010000000010000000100010011
00000000000000001000000001100111
11111110000000010000000100010011
00000000000100010010111000100011
00000000100000010010110000100011
00000010000000010000010000010011
11111110101001000010011000100011
11111110101101000010010000100011
11111110110001000010011110000011
00000000000001111010011110000011
00000000111100000000010110110011
11111110100001000010010100000011
00000000000000000000000000010011
00000000101000000000011110110011
00000000000001111001011001100011
00000000000000000000011110010011
00000111000000000000000001101111
11111110110001000010011110000011
00000000000001111010011110000011
00000000111100000000010110110011
11111110110001000010010100000011
00000000000000000000000000010011
11111110110001000010011110000011
00000011100001111010011100000011
00000000000001110010011110000011
11111111111101111000011010010011
00000000110101110010000000100011
00000010000001111000001001100011
11111110110001000010011110000011
00000011100001111010011100000011
00000000010001110010011110000011
00000000000101111000011010010011
00000000110101110010001000100011
00000000000001111100011110000011
00000000111100000000011100110011
00000001100000000000000001101111
11111110110001000010011110000011
00000011100001111010011110000011
00000000111100000000010100110011
00000000000000000000000000010011
00000000101000000000011100110011
11111110110001000010011110000011
00000000111001111010000000100011
00000000000100000000011110010011
00000000111100000000010100110011
00000001110000010010000010000011
00000001100000010010010000000011
00000010000000010000000100010011
00000000000000001000000001100111
11111101000000010000000100010011
00000010100000010010011000100011
00000011000000010000010000010011
11111100101001000010111000100011
00000000101100000000011110110011
00000000110000000000011100110011
11111100111101000000110110100011
00000000111000000000011110110011
11111100111101000000110100100011
11111101110001000010011110000011
00000011110001111010011110000011
00000000010001111010011110000011
11111110111101000010011000100011
11111101110001000010011110000011
00000011110001111010011110000011
00000000000001111010011110000011
11111110111101000010010000100011
00000011000000000000000001101111
11111110100001000010011100000011
11111110110001000010011110000011
00000000111101110000011110110011
00000000000001111100011110000011
11111101101101000100011100000011
00000000111101110001110001100011
11111110100001000010011100000011
11111110110001000010011110000011
00000000111101110000011110110011
11111101101001000100011100000011
00000000111001111000000000100011
11111110110001000010011110000011
11111111111101111000011100010011
11111110111001000010011000100011
11111100000001111001010011100011
00000000000000000000000000010011
00000000000000000000000000010011
00000010110000010010010000000011
00000011000000010000000100010011
00000000000000001000000001100111
11111101000000010000000100010011
00000010000100010010011000100011
00000010100000010010010000100011
00000011000000010000010000010011
11111100101001000010111000100011
11111100101101000010110000100011
11111101110001000010011110000011
00000100010001111100011110000011
11111110111101000000011110100011
00000000000000000000000000010011
11111110101001000010010000100011
11111110100001000010011110000011
00000000000001111000101001100011
11111110100001000010011110000011
00000000000001111010011110000011
00000000000001111100011110000011
00000000100000000000000001101111
00000010111000000000011110010011
11111101110001000010011100000011
00000100111101110000001000100011
11111101110001000010011110000011
00000100010001111100011100000011
11111110111101000100011110000011
00000000111000000000011000110011
00000000111100000000010110110011
11111101110001000010010100000011
00000000000000000000000000010011
11111101110001000010011110000011
00000011110001111010011110000011
00000000000001111010011110000011
11111101100001000010011100000011
00000000111000000000010110110011
00000000111100000000010100110011
00000000000000000000000000010011
00000000101000000000011110110011
00000010000001111001100001100011
11111101110001000010011110000011
00000100010001111100011110000011
00000010111000000000011000010011
00000000111100000000010110110011
11111101110001000010010100000011
00000000000000000000000000010011
00010001110000000000011000010011
00010000000000010000011110110111
00011010110001111000010110010011
11111101110001000010010100000011
00000000000000000000000000010011
00000000000000000000000000010011
00000010110000010010000010000011
00000010100000010010010000000011
00000011000000010000000100010011
00000000000000001000000001100111
11111110000000010000000100010011
00000000000100010010111000100011
00000000100000010010110000100011
00000010000000010000010000010011
11111110101001000010011000100011
11111110101101000010010000100011
11111110110001000010011110000011
00000000000001111010011110000011
00000000111100000000010110110011
11111110110001000010010100000011
00000000000000000000000000010011
11111110110001000010011110000011
00000011100001111010011100000011
00000000000001110010011110000011
11111111111101111000011010010011
00000000110101110010000000100011
00000010000001111000001001100011
11111110110001000010011110000011
00000011100001111010011100000011
00000000010001110010011110000011
00000000000101111000011010010011
00000000110101110010001000100011
00000000000001111100011110000011
00000000111100000000011100110011
00000001100000000000000001101111
11111110110001000010011110000011
00000011100001111010011110000011
00000000111100000000010100110011
00000000000000000000000000010011
00000000101000000000011100110011
11111110110001000010011110000011
00000000111001111010000000100011
00000000000000000000000000010011
00000000101000000000011110110011
00000000000001111010011100000011
11111110110001000010011110000011
00000000000001111010011110000011
00000000000101111001011110010011
00000000111101110000011110110011
00000000000001111101011110000011
00000000111100000000011100110011
00000000000000000001011110110111
00000000000001111000011110010011
10000000000001111000011110010011
00000000111101110111011110110011
11110110000001111001001011100011
11111110110001000010011110000011
00000000000001111010011100000011
00000010111000000000011110010011
11110100111101110000101011100011
00010000000000010000011110110111
00011100000001111000010110010011
11111110110001000010010100000011
00000000000000000000000000010011
00000000101000000000011110110011
00001000000001111000000001100011
00010000000000010000011110110111
00011100010001111000010110010011
11111110110001000010010100000011
00000000000000000000000000010011
00000110110000000000000001101111
11111110110001000010011110000011
00000000000001111010011110000011
00000000111100000000010110110011
11111110110001000010010100000011
00000000000000000000000000010011
11111110110001000010011110000011
00000011100001111010011100000011
00000000000001110010011110000011
11111111111101111000011010010011
00000000110101110010000000100011
00000010000001111000001001100011
11111110110001000010011110000011
00000011100001111010011100000011
00000000010001110010011110000011
00000000000101111000011010010011
00000000110101110010001000100011
00000000000001111100011110000011
00000000111100000000011100110011
00000001100000000000000001101111
11111110110001000010011110000011
00000011100001111010011110000011
00000000111100000000010100110011
00000000000000000000000000010011
00000000101000000000011100110011
11111110110001000010011110000011
00000000111001111010000000100011
00000000000000000000000000010011
00000000101000000000011110110011
00000000000001111010011100000011
11111110110001000010011110000011
00000000000001111010011110000011
00000000000101111001011110010011
00000000111101110000011110110011
00000000000001111101011110000011
00000000100001111111011110010011
11110110000001111001101011100011
11111110110001000010011110000011
00000000000001111010011100000011
00000101111100000000011110010011
11110110111101110000001011100011
00000000000000000000010110010011
11111110110001000010010100000011
00000000000000000000000000010011
11111110110001000010011110000011
00000100010001111100011110000011
00000000111100000000011000110011
00000010111000000000010110010011
11111110110001000010010100000011
00000000000000000000000000010011
11111110110001000010011110000011
00000011110001111010011110000011
00000000000001111010011110000011
11111110100001000010011100000011
00000000111000000000010110110011
00000000111100000000010100110011
00000000000000000000000000010011
00000000101000000000011110110011
00000000000001111001100001100011
11111110100001000010010110000011
11111110110001000010010100000011
00000000000000000000000000010011
00000000000000000000000000010011
00000001110000010010000010000011
00000001100000010010010000000011
00000010000000010000000100010011
00000000000000001000000001100111
11111101000000010000000100010011
00000010000100010010011000100011
00000010100000010010010000100011
00000011000000010000010000010011
11111100101001000010111000100011
11111110000001000010011000100011
11111101110001000010011110000011
00000000000001111010011110000011
11111110111101000010010000100011
11111101110001000010011110000011
00000000000001111010011110000011
00000000111100000000010110110011
11111101110001000010010100000011
00000000000000000000000000010011
11111101110001000010011110000011
00000011100001111010011100000011
00000000000001110010011110000011
11111111111101111000011010010011
00000000110101110010000000100011
00000010000001111000001001100011
11111101110001000010011110000011
00000011100001111010011100000011
00000000010001110010011110000011
00000000000101111000011010010011
00000000110101110010001000100011
00000000000001111100011110000011
00000000111100000000011100110011
00000001100000000000000001101111
11111101110001000010011110000011
00000011100001111010011110000011
00000000111100000000010100110011
00000000000000000000000000010011
00000000101000000000011100110011
11111101110001000010011110000011
00000000111001111010000000100011
00000111100000000000000001101111
11111101110001000010011110000011
00000000000001111010011110000011
00000000111100000000010110110011
11111101110001000010010100000011
00000000000000000000000000010011
11111101110001000010011110000011
00000011100001111010011100000011
00000000000001110010011110000011
11111111111101111000011010010011
00000000110101110010000000100011
00000010000001111000001001100011
11111101110001000010011110000011
00000011100001111010011100000011
00000000010001110010011110000011
00000000000101111000011010010011
00000000110101110010001000100011
00000000000001111100011110000011
00000000111100000000011100110011
00000001100000000000000001101111
11111101110001000010011110000011
00000011100001111010011110000011
00000000111100000000010100110011
00000000000000000000000000010011
00000000101000000000011100110011
11111101110001000010011110000011
00000000111001111010000000100011
11111110110001000010011110000011
00000000000101111000011110010011
11111110111101000010011000100011
11111101110001000010011110000011
00000000000001111010011100000011
00000011110100000000011110010011
11111000111101110000000011100011
11111101110001000010011110000011
00000000000001111010011110000011
11111110100001000010011100000011
00000000111101110000100001100011
11111110110001000010011110000011
11111111111101111100011110010011
00000000100000000000000001101111
11111110110001000010011110000011
00000000111100000000010100110011
00000010110000010010000010000011
00000010100000010010010000000011
00000011000000010000000100010011
00000000000000001000000001100111
11111101000000010000000100010011
00000010000100010010011000100011
00000010100000010010010000100011
00000011000000010000010000010011
11111100101001000010111000100011
11111100101101000010110000100011
11111100110001000010101000100011
11111110000001000010011000100011
11111101110001000010011110000011
00000000000001111010011110000011
00000000111100000000010110110011
11111101110001000010010100000011
00000000000000000000000000010011
11111101110001000010011110000011
00000011100001111010011100000011
00000000000001110010011110000011
11111111111101111000011010010011
00000000110101110010000000100011
00000010000001111000001001100011
11111101110001000010011110000011
00000011100001111010011100000011
00000000010001110010011110000011
00000000000101111000011010010011
00000000110101110010001000100011
00000000000001111100011110000011
00000000111100000000011100110011
00000001100000000000000001101111
11111101110001000010011110000011
00000011100001111010011110000011
00000000111100000000010100110011
00000000000000000000000000010011
00000000101000000000011100110011
11111101110001000010011110000011
00000000111001111010000000100011
11111101110001000010011110000011
00000000000001111010011100000011
00000000101000000000011110010011
00000000111101110000101001100011
11111101110001000010011110000011
00000000000001111010011100000011
00000000110100000000011110010011
00000000111101110001011001100011
11111101110001000010010100000011
00000000000000000000000000010011
11111101110001000010011110000011
00000000000001111010011110000011
00000101110100000000011100010011
00010000111001111000110001100011
00000101110100000000011100010011
00011100111101110100010001100011
00000101101100000000011100010011
00000110111001111000000001100011
00000101101100000000011100010011
00011010111101110100110001100011
00000000110100000000011100010011
00011000111001111000001001100011
00000000110100000000011100010011
00011010111101110100010001100011
11111111111100000000011100010011
00000000111001111000100001100011
00000000101000000000011100010011
00010110111001111000011001100011
00011001010000000000000001101111
11111101100001000010011110000011
00000000000001111000100001100011
00010000000000010000011110110111
00011100100001111000011110010011
00000000110000000000000001101111
00010000000000010000011110110111
00011110000001111000011110010011
00010001111100000000011000010011
00000000111100000000010110110011
11111101110001000010010100000011
00000000000000000000000000010011
00100100010000000000000001101111
11111101110001000010010100000011
00000000000000000000000000010011
00000000101000000000011100110011
11111101010001000010011110000011
00100000111001111001111001100011
11111101110001000010011110000011
00000000000001111010011110000011
00000000111100000000010110110011
11111101110001000010010100000011
00000000000000000000000000010011
11111101110001000010011110000011
00000011100001111010011100000011
00000000000001110010011110000011
11111111111101111000011010010011
00000000110101110010000000100011
00000010000001111000001001100011
11111101110001000010011110000011
00000011100001111010011100000011
00000000010001110010011110000011
00000000000101111000011010010011
00000000110101110010001000100011
00000000000001111100011110000011
00000000111100000000011100110011
00000001100000000000000001101111
11111101110001000010011110000011
00000011100001111010011110000011
00000000111100000000010100110011
00000000000000000000000000010011
00000000101000000000011100110011
11111101110001000010011110000011
00000000111001111010000000100011
11111110110001000010011110000011
00000000000101111000011110010011
11111110111101000010011000100011
11111101010001000010011110000011
00011010000001111001000001100011
00000101101100000000011000010011
00010000000000010000011110110111
00011111100001111000010110010011
11111101110001000010010100000011
00000000000000000000000000010011
00011000100000000000000001101111
11111101110001000010010100000011
00000000000000000000000000010011
00000000101000000000011100110011
11111101010001000010011110000011
00010110111001111001111001100011
11111101110001000010011110000011
00000000000001111010011110000011
00000000111100000000010110110011
11111101110001000010010100000011
00000000000000000000000000010011
11111101110001000010011110000011
00000011100001111010011100000011
00000000000001110010011110000011
11111111111101111000011010010011
00000000110101110010000000100011
00000010000001111000001001100011
11111101110001000010011110000011
00000011100001111010011100000011
00000000010001110010011110000011
00000000000101111000011010010011
00000000110101110010001000100011
00000000000001111100011110000011
00000000111100000000011100110011
00000001100000000000000001101111
11111101110001000010011110000011
00000011100001111010011110000011
00000000111100000000010100110011
00000000000000000000000000010011
00000000101000000000011100110011
11111101110001000010011110000011
00000000111001111010000000100011
00000000000000000000000000010011
11111101100001000010011110000011
00010110000001111000010001100011
00010001010000000000000001101111
00000000101000000000010110010011
11111101110001000010010100000011
00000000000000000000000000010011
11111101110001000010010100000011
00000000000000000000000000010011
11111101100001000010011110000011
00001110000001111001100001100011
11111101110001000010011110000011
00000011110001111010011110000011
00000000000001111010001000100011
00001110000000000000000001101111
11111101100001000010011110000011
00000110000001111000100001100011
11111101110001000010011110000011
00000000000001111010011110000011
00000000111100000000010110110011
11111101110001000010010100000011
00000000000000000000000000010011
11111101110001000010011110000011
00000011100001111010011100000011
00000000000001110010011110000011
11111111111101111000011010010011
00000000110101110010000000100011
00000010000001111000001001100011
11111101110001000010011110000011
00000011100001111010011100000011
00000000010001110010011110000011
00000000000101111000011010010011
00000000110101110010001000100011
00000000000001111100011110000011
00000000111100000000011100110011
00000001100000000000000001101111
11111101110001000010011110000011
00000011100001111010011110000011
00000000111100000000010100110011
00000000000000000000000000010011
00000000101000000000011100110011
11111101110001000010011110000011
00000000111001111010000000100011
11011011010111111111000001101111
11111101110001000010011110000011
00000011100001111010011100000011
00000000000001110010011110000011
11111111111101111000011010010011
00000000110101110010000000100011
00000010000001111000001001100011
11111101110001000010011110000011
00000011100001111010011100000011
00000000010001110010011110000011
00000000000101111000011010010011
00000000110101110010001000100011
00000000000001111100011110000011
00000000111100000000011100110011
00000001100000000000000001101111
11111101110001000010011110000011
00000011100001111010011110000011
00000000111100000000010100110011
00000000000000000000000000010011
00000000101000000000011100110011
11111101110001000010011110000011
00000000111001111010000000100011
11010101110111111111000001101111
00000000000000000000000000010011
11010101010111111111000001101111
00000000000000000000000000010011
11010100110111111111000001101111
00000000000000000000000000010011
11010100010111111111000001101111
11111101110001000010011110000011
00000011110001111010011110000011
00000000000001111010011110000011
11111101010001000010011100000011
00000000001001110000011100010011
00000000111001111000011010110011
11111101110001000010011110000011
00000011110001111010011110000011
00000000010001111010011110000011
11111101010001000010011100000011
00000000001001110000011100010011
00000000000101110001011100010011
01000000111001111000011110110011
00000000111100000000011000110011
00000000110100000000010110110011
11111101110001000010010100000011
00000000000000000000000000010011
00000000101000000000011100110011
11111101100001000010011110000011
00000000111001111010000000100011
00000000000000000000000000010011
00000010110000010010000010000011
00000010100000010010010000000011
00000011000000010000000100010011
00000000000000001000000001100111
11111101000000010000000100010011
00000010000100010010011000100011
00000010100000010010010000100011
00000011000000010000010000010011
11111100101001000010111000100011
11111100101101000010110000100011
11111100110001000010101000100011
11111101110001000010011110000011
00000000000001111010011110000011
00000000111100000000010110110011
11111101110001000010010100000011
00000000000000000000000000010011
11111101110001000010011110000011
00000011100001111010011100000011
00000000000001110010011110000011
11111111111101111000011010010011
00000000110101110010000000100011
00000010000001111000001001100011
11111101110001000010011110000011
00000011100001111010011100000011
00000000010001110010011110000011
00000000000101111000011010010011
00000000110101110010001000100011
00000000000001111100011110000011
00000000111100000000011100110011
00000001100000000000000001101111
11111101110001000010011110000011
00000011100001111010011110000011
00000000111100000000010100110011
00000000000000000000000000010011
00000000101000000000011100110011
11111101110001000010011110000011
00000000111001111010000000100011
01000000100000000000000001101111
11111101110001000010011110000011
00000000000001111010011110000011
00000101110000000000011100010011
00000110111001111000000001100011
00000101110000000000011100010011
00111000111101110100010001100011
00000000110100000000011100010011
00000010111001111000110001100011
00000000110100000000011100010011
00110110111101110100110001100011
11111111111100000000011100010011
00000000111001111000100001100011
00000000101000000000011100010011
00000010111001111000000001100011
00110110010000000000000001101111
00010001111100000000011000010011
00010000000000010000011110110111
00100001110001111000010110010011
11111101110001000010010100000011
00000000000000000000000000010011
00111011010000000000000001101111
00010001111000000000011000010011
00010000000000010000011110110111
00100001110001111000010110010011
11111101110001000010010100000011
00000000000000000000000000010011
00111001110000000000000001101111
11111101110001000010011110000011
00000011100001111010011100000011
00000000000001110010011110000011
11111111111101111000011010010011
00000000110101110010000000100011
00000010000001111000001001100011
11111101110001000010011110000011
00000011100001111010011100000011
00000000010001110010011110000011
00000000000101111000011010010011
00000000110101110010001000100011
00000000000001111100011110000011
00000000111100000000011100110011
00000001100000000000000001101111
11111101110001000010011110000011
00000011100001111010011110000011
00000000111100000000010100110011
00000000000000000000000000010011
00000000101000000000011100110011
11111101110001000010011110000011
00000000111001111010000000100011
11111101110001000010011110000011
00000000000001111010011110000011
00000111011000000000011100010011
00001100111101110100000001100011
00000110000100000000011100010011
00000010111001111101010001100011
00000000110100000000011100010011
00001000111001111000110001100011
00000000110100000000011100010011
00001010111101110100010001100011
11111111111100000000011100010011
00110000111001111000110001100011
00000000101000000000011100010011
00001000111001111000000001100011
00001001010000000000000001101111
11111001111101111000011110010011
00000001010100000000011100010011
00001000111101110110010001100011
00000000001001111001011100010011
00010000000000010000011110110111
00100100110001111000011110010011
00000000111101110000011110110011
00000000000001111010011110000011
00000000000001111000000001100111
00000000011100000000011110010011
11111110111101000010011000100011
00100001000000000000000001101111
00000000100000000000011110010011
11111110111101000010011000100011
00100000010000000000000001101111
00000000110000000000011110010011
11111110111101000010011000100011
00011111100000000000000001101111
00000000101000000000011110010011
11111110111101000010011000100011
00011110110000000000000001101111
00000000110100000000011110010011
11111110111101000010011000100011
00011110000000000000000001101111
00000000100100000000011110010011
11111110111101000010011000100011
00011101010000000000000001101111
00000000101100000000011110010011
11111110111101000010011000100011
00011100100000000000000001101111
00000000101000000000010110010011
11111101110001000010010100000011
00000000000000000000000000010011
11111101110001000010010100000011
00000000000000000000000000010011
00100111110000000000000001101111
00000000000000000000000000010011
00000000101000000000011110110011
00000000000001111010011100000011
11111101110001000010011110000011
00000000000001111010011110000011
00000000000101111001011110010011
00000000111101110000011110110011
00000000000001111101011110000011
00000000111100000000011100110011
00000000000000000001011110110111
00000000000001111000011110010011
10000000000001111000011110010011
00000000111101110111011110110011
00000110000001111001100001100011
11111101110001000010011110000011
00000000000001111010011110000011
00000000111100000000010110110011
11111101110001000010010100000011
00000000000000000000000000010011
11111101110001000010011110000011
00000011100001111010011100000011
00000000000001110010011110000011
11111111111101111000011010010011
00000000110101110010000000100011
00000010000001111000001001100011
11111101110001000010011110000011
00000011100001111010011100000011
00000000010001110010011110000011
00000000000101111000011010010011
00000000110101110010001000100011
00000000000001111100011110000011
00000000111100000000011100110011
00000001100000000000000001101111
11111101110001000010011110000011
00000011100001111010011110000011
00000000111100000000010100110011
00000000000000000000000000010011
00000000101000000000011100110011
11111101110001000010011110000011
00000000111001111010000000100011
00011101100000000000000001101111
11111110000001000010010000100011
11111110000001000010011000100011
11111110110001000010011100000011
00000000111000000000011110110011
00000000001001111001011110010011
00000000111001111000011110110011
00000000000101111001011110010011
00000000111100000000011100110011
11111101110001000010011110000011
00000000000001111010011110000011
11111101000001111000011110010011
00000000111101110000011110110011
11111110111101000010011000100011
11111101110001000010011110000011
00000011100001111010011100000011
00000000000001110010011110000011
11111111111101111000011010010011
00000000110101110010000000100011
00000010000001111000001001100011
11111101110001000010011110000011
00000011100001111010011100000011
00000000010001110010011110000011
00000000000101111000011010010011
00000000110101110010001000100011
00000000000001111100011110000011
00000000111100000000011100110011
00000001100000000000000001101111
11111101110001000010011110000011
00000011100001111010011110000011
00000000111100000000010100110011
00000000000000000000000000010011
00000000101000000000011100110011
11111101110001000010011110000011
00000000111001111010000000100011
11111110100001000010011110000011
00000000000101111000011110010011
11111110111101000010010000100011
11111110100001000010011100000011
00000000001000000000011110010011
00000010111001111100111001100011
00000000000000000000000000010011
00000000101000000000011110110011
00000000000001111010011100000011
11111101110001000010011110000011
00000000000001111010011110000011
00000000000101111001011110010011
00000000111101110000011110110011
00000000000001111101011110000011
00000000111100000000011100110011
00000000000000000001011110110111
00000000000001111000011110010011
10000000000001111000011110010011
00000000111101110111011110110011
11110010000001111001101011100011
11111110110001000010011100000011
00001111111100000000011110010011
00000000111001111101110001100011
00010001111000000000011000010011
00010000000000010000011110110111
00100011000001111000010110010011
11111101110001000010010100000011
00000000000000000000000000010011
11111110110001000010010110000011
11111101110001000010010100000011
00000000000000000000000000010011
00001101000000000000000001101111
11111110110001000010010110000011
11111101110001000010010100000011
00000000000000000000000000010011
11111101110001000010011110000011
00000011100001111010011100000011
00000000000001110010011110000011
11111111111101111000011010010011
00000000110101110010000000100011
00000010000001111000001001100011
11111101110001000010011110000011
00000011100001111010011100000011
00000000010001110010011110000011
00000000000101111000011010010011
00000000110101110010001000100011
00000000000001111100011110000011
00000000111100000000011100110011
00000001100000000000000001101111
11111101110001000010011110000011
00000011100001111010011110000011
00000000111100000000010100110011
00000000000000000000000000010011
00000000101000000000011100110011
11111101110001000010011110000011
00000000111001111010000000100011
00000110110000000000000001101111
11111101110001000010011110000011
00000000000001111010011110000011
00000000111100000000010110110011
11111101110001000010010100000011
00000000000000000000000000010011
11111101110001000010011110000011
00000011100001111010011100000011
00000000000001110010011110000011
11111111111101111000011010010011
00000000110101110010000000100011
00000010000001111000001001100011
11111101110001000010011110000011
00000011100001111010011100000011
00000000010001110010011110000011
00000000000101111000011010010011
00000000110101110010001000100011
00000000000001111100011110000011
00000000111100000000011100110011
00000001100000000000000001101111
11111101110001000010011110000011
00000011100001111010011110000011
00000000111100000000010100110011
00000000000000000000000000010011
00000000101000000000011100110011
11111101110001000010011110000011
00000000111001111010000000100011
11111101110001000010011110000011
00000000000001111010011110000011
11111101100001000010011100000011
10111110111101110001100011100011
11111101110001000010011110000011
00000000000001111010011110000011
00000000111100000000010110110011
11111101110001000010010100000011
00000000000000000000000000010011
11111101110001000010011110000011
00000011100001111010011100000011
00000000000001110010011110000011
11111111111101111000011010010011
00000000110101110010000000100011
00000010000001111000001001100011
11111101110001000010011110000011
00000011100001111010011100000011
00000000010001110010011110000011
00000000000101111000011010010011
00000000110101110010001000100011
00000000000001111100011110000011
00000000111100000000011100110011
00000001100000000000000001101111
11111101110001000010011110000011
00000011100001111010011110000011
00000000111100000000010100110011
00000000000000000000000000010011
00000000101000000000011100110011
11111101110001000010011110000011
00000000111001111010000000100011
11111101110001000010011110000011
00000011110001111010011110000011
00000000000001111010011110000011
00000000000101111000011100010011
11111101110001000010011110000011
00000011110001111010011110000011
00000000010001111010011110000011
11111111111001111000011110010011
00000000111100000000011000110011
00000000111000000000010110110011
11111101110001000010010100000011
00000000000000000000000000010011
00000000101000000000011100110011
11111101010001000010011110000011
00000000111001111010000000100011
00000000000000000000000000010011
00000010110000010010000010000011
00000010100000010010010000000011
00000011000000010000000100010011
00000000000000001000000001100111
11111101000000010000000100010011
00000010000100010010011000100011
00000010100000010010010000100011
00000011000000010000010000010011
11111100101001000010111000100011
11111100101101000010110000100011
11111101110001000010011110000011
00000011110001111010011110000011
00000000000001111010001000100011
11111101110001000010011110000011
00000000000001111010011110000011
00000111111000000000011100010011
01001000111001111000111001100011
00000111111000000000011100010011
01101000111101110100000001100011
00000011111000000000011100010011
00000010111101110100100001100011
11111111111100000000011100010011
01100110111001111100100001100011
00000000000101111000011110010011
00000011111100000000011100010011
01100110111101110110001001100011
00000000001001111001011100010011
00010000000000010000011110110111
00101100100001111000011110010011
00000000111101110000011110110011
00000000000001111010011110000011
00000000000001111000000001100111
00000101101100000000011100010011
00011010111001111000011001100011
01100100000000000000000001101111
11111101110001000010010100000011
00000000000000000000000000010011
00001010110100000000000001101111
11111101110001000010011110000011
00000011100001111010011100000011
00000000000001110010011110000011
11111111111101111000011010010011
00000000110101110010000000100011
00000010000001111000001001100011
11111101110001000010011110000011
00000011100001111010011100000011
00000000010001110010011110000011
00000000000101111000011010010011
00000000110101110010001000100011
00000000000001111100011110000011
00000000111100000000011100110011
00000001100000000000000001101111
11111101110001000010011110000011
00000011100001111010011110000011
00000000111100000000010100110011
00000000000000000000000000010011
00000000101000000000011100110011
11111101110001000010011110000011
00000000111001111010000000100011
11111101110001000010011110000011
00000000000001111010011100000011
00000010110100000000011110010011
00000000111101110000011001100011
00000010110100000000011110010011
00000100010100000000000001101111
11111101110001000010011110000011
00000011100001111010011100000011
00000000000001110010011110000011
11111111111101111000011010010011
00000000110101110010000000100011
00000010000001111000001001100011
11111101110001000010011110000011
00000011100001111010011100000011
00000000010001110010011110000011
00000000000101111000011010010011
00000000110101110010001000100011
00000000000001111100011110000011
00000000111100000000011100110011
00000001100000000000000001101111
11111101110001000010011110000011
00000011100001111010011110000011
00000000111100000000010100110011
00000000000000000000000000010011
00000000101000000000011100110011
11111101110001000010011110000011
00000000111001111010000000100011
11111101110001000010011110000011
00000000000001111010011100000011
00000101101100000000011110010011
00001000111101110001110001100011
11111101110001000010010100000011
00000000000000000000000000010011
11111110101001000010010000100011
11111101110001000010011110000011
00000011110001111010011110000011
00000000000001111010001000100011
11111110100001000010011110000011
00000110000001111100110001100011
11111110100001000010011000000011
00000000000000000000010110010011
11111101110001000010010100000011
00000000000000000000000000010011
11111101110001000010011110000011
00000011110001111010011110000011
00000000000001111010001000100011
01111001110000000000000001101111
11111101110001000010011110000011
00000011100001111010011100000011
00000000000001110010011110000011
11111111111101111000011010010011
00000000110101110010000000100011
00000010000001111000001001100011
11111101110001000010011110000011
00000011100001111010011100000011
00000000010001110010011110000011
00000000000101111000011010010011
00000000110101110010001000100011
00000000000001111100011110000011
00000000111100000000011100110011
00000001100000000000000001101111
11111101110001000010011110000011
00000011100001111010011110000011
00000000111100000000010100110011
00000000000000000000000000010011
00000000101000000000011100110011
11111101110001000010011110000011
00000000111001111010000000100011
11111101110001000010011110000011
00000000000001111010011100000011
00000000101000000000011110010011
01110010111101110000101001100011
11111101110001000010011110000011
00000000000001111010011100000011
00000000110100000000011110010011
01110010111101110000001001100011
11111101110001000010011110000011
00000000000001111010011100000011
11111111111100000000011110010011
11111000111101110001000011100011
01110001000000000000000001101111
11111101110001000010010100000011
00000000000000000000000000010011
11111110101001000010011000100011
11111110110001000010011110000011
00000000000001111100111001100011
11111110110001000010011000000011
11111101100001000010010110000011
11111101110001000010010100000011
00000000000000000000000000010011
00010001111000000000011110010011
01101110110000000000000001101111
11111110110001000010011100000011
11111111111100000000011110010011
00000000111101110001011001100011
00000101101100000000011110010011
01101101100000000000000001101111
00010001111000000000011000010011
00010000000000010000011110110111
00101010010001111000010110010011
11111101110001000010010100000011
00000000000000000000000000010011
11111101110001000010011110000011
00000011100001111010011100000011
00000000000001110010011110000011
11111111111101111000011010010011
00000000110101110010000000100011
00000010000001111000001001100011
11111101110001000010011110000011
00000011100001111010011100000011
00000000010001110010011110000011
00000000000101111000011010010011
00000000110101110010001000100011
00000000000001111100011110000011
00000000111100000000011100110011
00000001100000000000000001101111
11111101110001000010011110000011
00000011100001111010011110000011
00000000111100000000010100110011
00000000000000000000000000010011
00000000101000000000011100110011
11111101110001000010011110000011
00000000111001111010000000100011
11111101110001000010011110000011
00000000000001111010011100000011
00000011110100000000011110010011
00000000111101110000011001100011
00000011110100000000011110010011
01100101100000000000000001101111
11111101110001000010011110000011
00000011100001111010011100000011
00000000000001110010011110000011
11111111111101111000011010010011
00000000110101110010000000100011
00000010000001111000001001100011
11111101110001000010011110000011
00000011100001111010011100000011
00000000010001110010011110000011
00000000000101111000011010010011
00000000110101110010001000100011
00000000000001111100011110000011
00000000111100000000011100110011
00000001100000000000000001101111
11111101110001000010011110000011
00000011100001111010011110000011
00000000111100000000010100110011
00000000000000000000000000010011
00000000101000000000011100110011
11111101110001000010011110000011
00000000111001111010000000100011
00010001100000000000011110010011
01011111110000000000000001101111
11111101110001000010011110000011
00000011100001111010011100000011
00000000000001110010011110000011
11111111111101111000011010010011
00000000110101110010000000100011
00000010000001111000001001100011
11111101110001000010011110000011
00000011100001111010011100000011
00000000010001110010011110000011
00000000000101111000011010010011
00000000110101110010001000100011
00000000000001111100011110000011
00000000111100000000011100110011
00000001100000000000000001101111
11111101110001000010011110000011
00000011100001111010011110000011
00000000111100000000010100110011
00000000000000000000000000010011
00000000101000000000011100110011
11111101110001000010011110000011
00000000111001111010000000100011
11111101110001000010011110000011
00000000000001111010011100000011
00000011110100000000011110010011
00000000111101110000011001100011
00000011110000000000011110010011
01011001000000000000000001101111
11111101110001000010011110000011
00000011100001111010011100000011
00000000000001110010011110000011
11111111111101111000011010010011
00000000110101110010000000100011
00000010000001111000001001100011
11111101110001000010011110000011
00000011100001111010011100000011
00000000010001110010011110000011
00000000000101111000011010010011
00000000110101110010001000100011
00000000000001111100011110000011
00000000111100000000011100110011
00000001100000000000000001101111
11111101110001000010011110000011
00000011100001111010011110000011
00000000111100000000010100110011
00000000000000000000000000010011
00000000101000000000011100110011
11111101110001000010011110000011
00000000111001111010000000100011
00010001101000000000011110010011
01010011010000000000000001101111
11111101110001000010011110000011
00000011100001111010011100000011
00000000000001110010011110000011
11111111111101111000011010010011
00000000110101110010000000100011
00000010000001111000001001100011
11111101110001000010011110000011
00000011100001111010011100000011
00000000010001110010011110000011
00000000000101111000011010010011
00000000110101110010001000100011
00000000000001111100011110000011
00000000111100000000011100110011
00000001100000000000000001101111
11111101110001000010011110000011
00000011100001111010011110000011
00000000111100000000010100110011
00000000000000000000000000010011
00000000101000000000011100110011
11111101110001000010011110000011
00000000111001111010000000100011
11111101110001000010011110000011
00000000000001111010011100000011
00000011110100000000011110010011
00000000111101110000011001100011
00000011111000000000011110010011
01001100100000000000000001101111
11111101110001000010011110000011
00000011100001111010011100000011
00000000000001110010011110000011
11111111111101111000011010010011
00000000110101110010000000100011
00000010000001111000001001100011
11111101110001000010011110000011
00000011100001111010011100000011
00000000010001110010011110000011
00000000000101111000011010010011
00000000110101110010001000100011
00000000000001111100011110000011
00000000111100000000011100110011
00000001100000000000000001101111
11111101110001000010011110000011
00000011100001111010011110000011
00000000111100000000010100110011
00000000000000000000000000010011
00000000101000000000011100110011
11111101110001000010011110000011
00000000111001111010000000100011
00010001100100000000011110010011
01000110110000000000000001101111
11111101110001000010011110000011
00000011100001111010011100000011
00000000000001110010011110000011
11111111111101111000011010010011
00000000110101110010000000100011
00000010000001111000001001100011
11111101110001000010011110000011
00000011100001111010011100000011
00000000010001110010011110000011
00000000000101111000011010010011
00000000110101110010001000100011
00000000000001111100011110000011
00000000111100000000011100110011
00000001100000000000000001101111
11111101110001000010011110000011
00000011100001111010011110000011
00000000111100000000010100110011
00000000000000000000000000010011
00000000101000000000011100110011
11111101110001000010011110000011
00000000111001111010000000100011
11111101110001000010011110000011
00000000000001111010011100000011
00000011110100000000011110010011
00000000111101110000011001100011
00000111111000000000011110010011
01000000000000000000000001101111
11111101110001000010011110000011
00000011100001111010011100000011
00000000000001110010011110000011
11111111111101111000011010010011
00000000110101110010000000100011
00000010000001111000001001100011
11111101110001000010011110000011
00000011100001111010011100000011
00000000010001110010011110000011
00000000000101111000011010010011
00000000110101110010001000100011
00000000000001111100011110000011
00000000111100000000011100110011
00000001100000000000000001101111
11111101110001000010011110000011
00000011100001111010011110000011
00000000111100000000010100110011
00000000000000000000000000010011
00000000101000000000011100110011
11111101110001000010011110000011
00000000111001111010000000100011
00010001101100000000011110010011
00111010010000000000000001101111
11111101110001000010011110000011
00000000000001111010011110000011
11111101100001000010011000000011
00000000111100000000010110110011
11111101110001000010010100000011
00000000000000000000000000010011
00010001111000000000011110010011
00111000010000000000000001101111
11111101110001000010011110000011
00000000000001111010011110000011
00000000111100000000010110110011
11111101110001000010010100000011
00000000000000000000000000010011
11111101110001000010011110000011
00000011100001111010011100000011
00000000000001110010011110000011
11111111111101111000011010010011
00000000110101110010000000100011
00000010000001111000001001100011
11111101110001000010011110000011
00000011100001111010011100000011
00000000010001110010011110000011
00000000000101111000011010010011
00000000110101110010001000100011
00000000000001111100011110000011
00000000111100000000011100110011
00000001100000000000000001101111
11111101110001000010011110000011
00000011100001111010011110000011
00000000111100000000010100110011
00000000000000000000000000010011
00000000101000000000011100110011
11111101110001000010011110000011
00000000111001111010000000100011
00010000000000010000011110110111
00101100010001111000010110010011
11111101110001000010010100000011
00000000000000000000000000010011
00000000101000000000011110110011
00000010000001111000011001100011
00010000000000010000011110110111
00101100010001111000010110010011
11111101110001000010010100000011
00000000000000000000000000010011
00000000101000000000011110110011
00000000000001111000011001100011
00010001011100000000011110010011
00101110010000000000000001101111
00010001011000000000011110010011
00101101110000000000000001101111
00000000000000000000000000010011
00000000101000000000011110110011
00000000000001111010011100000011
11111101110001000010011110000011
00000000000001111010011110000011
00000000000101111001011110010011
00000000111101110000011110110011
00000000000001111101011110000011
00000000111100000000011100110011
00000000000000000001011110110111
00000000000001111000011110010011
10000000000001111000011110010011
00000000111101110111011110110011
00000000000001111001011001100011
00000010111000000000011110010011
00101001110000000000000001101111
11111101100001000010010110000011
11111101110001000010010100000011
00000000000000000000000000010011
00010001110000000000011110010011
00101000100000000000000001101111
00010001111100000000011110010011
00101000000000000000000001101111
00000000000000000000000000010011
00000000101000000000011110110011
00000000000001111010011100000011
11111101110001000010011110000011
00000000000001111010011110000011
00000000000101111001011110010011
00000000111101110000011110110011
00000000000001111101011110000011
00000000111100000000011100110011
00000000000000000010011110110111
00000000000001111000011110010011
00000000111101110111011110110011
00000100000001111000111001100011
11111101110001000010011110000011
00000011100001111010011100000011
00000000000001110010011110000011
11111111111101111000011010010011
00000000110101110010000000100011
00000010000001111000001001100011
11111101110001000010011110000011
00000011100001111010011100000011
00000000010001110010011110000011
00000000000101111000011010010011
00000000110101110010001000100011
00000000000001111100011110000011
00000000111100000000011100110011
00000001100000000000000001101111
11111101110001000010011110000011
00000011100001111010011110000011
00000000111100000000010100110011
00000000000000000000000000010011
00000000101000000000011100110011
11111101110001000010011110000011
00000000111001111010000000100011
00011111000000000000000001101111
00000000000000000000000000010011
00000000101000000000011110110011
00000000000001111010011100000011
11111101110001000010011110000011
00000000000001111010011110000011
00000000000101111001011110010011
00000000111101110000011110110011
00000000000001111101011110000011
00000000111100000000011100110011
00000000000000000001011110110111
00000000000001111000011110010011
10000000000001111000011110010011
00000000111101110111011110110011
00000000000001111000110001100011
11111101100001000010010110000011
11111101110001000010010100000011
00000000000000000000000000010011
00010001110000000000011110010011
00011010100000000000000001101111
00000000000000000000000000010011
00000000101000000000011110110011
00000000000001111010011100000011
11111101110001000010011110000011
00000000000001111010011110000011
00000000000101111001011110010011
00000000111101110000011110110011
00000000000001111101011110000011
01000000000001111111011110010011
00000000000001111001101001100011
11111101110001000010011110000011
00000000000001111010011100000011
00000101111100000000011110010011
00010000111101110001000001100011
11111101110001000010011110000011
00000000000001111010011110000011
00000000111100000000010110110011
11111101110001000010010100000011
00000000000000000000000000010011
11111101110001000010011110000011
00000011100001111010011100000011
00000000000001110010011110000011
11111111111101111000011010010011
00000000110101110010000000100011
00000010000001111000001001100011
11111101110001000010011110000011
00000011100001111010011100000011
00000000010001110010011110000011
00000000000101111000011010010011
00000000110101110010001000100011
00000000000001111100011110000011
00000000111100000000011100110011
00000001100000000000000001101111
11111101110001000010011110000011
00000011100001111010011110000011
00000000111100000000010100110011
00000000000000000000000000010011
00000000101000000000011100110011
11111101110001000010011110000011
00000000111001111010000000100011
00000000000000000000000000010011
00000000101000000000011110110011
00000000000001111010011100000011
11111101110001000010011110000011
00000000000001111010011110000011
00000000000101111001011110010011
00000000111101110000011110110011
00000000000001111101011110000011
00000000100001111111011110010011
11110110000001111001101011100011
11111101110001000010011110000011
00000000000001111010011100000011
00000101111100000000011110010011
11110110111101110000001011100011
11111101110001000010011110000011
00000011110001111010011110000011
00000000000001111010011100000011
11111101110001000010011110000011
00000011110001111010011110000011
00000000010001111010011110000011
00000000111100000000011000110011
00000000111000000000010110110011
11111101110001000010010100000011
00000000000000000000000000010011
11111110101001000010000000100011
11111110000001000010011110000011
00000000011001111100011110000011
00000000000001111000101001100011
11111110000001000010011110000011
00000000011001111100011110000011
00010000000001111000011110010011
00001000100000000000000001101111
11111101100001000010011110000011
11111110000001000010011100000011
00000000111001111010000000100011
00010001110100000000011110010011
00000111010000000000000001101111
11111101110001000010011110000011
00000000000001111010011110000011
11111110111101000010001000100011
11111101110001000010011110000011
00000011100001111010011100000011
00000000000001110010011110000011
11111111111101111000011010010011
00000000110101110010000000100011
00000010000001111000001001100011
11111101110001000010011110000011
00000011100001111010011100000011
00000000010001110010011110000011
00000000000101111000011010010011
00000000110101110010001000100011
00000000000001111100011110000011
00000000111100000000011100110011
00000001100000000000000001101111
11111101110001000010011110000011
00000011100001111010011110000011
00000000111100000000010100110011
00000000000000000000000000010011
00000000101000000000011100110011
11111101110001000010011110000011
00000000111001111010000000100011
11111110010001000010011110000011
00000000110000000000000001101111
00000000000000000000000000010011
11101111010011111111000001101111
00000000111100000000010100110011
00000010110000010010000010000011
00000010100000010010010000000011
00000011000000010000000100010011
00000000000000001000000001100111
11111110000000010000000100010011
00000000000100010010111000100011
00000000100000010010110000100011
00000010000000010000010000010011
11111110101001000010011000100011
11111110110001000010011110000011
00000000010001111010011100000011
11111110110001000010011110000011
00000000111001111010010000100011
11111110110001000010011110000011
00000010000001111010011100000011
00010001111100000000011110010011
00000010111101110000111001100011
11111110110001000010011110000011
11111110110001000010011100000011
00000010000001110010010110000011
00000010010001110010011000000011
00000010100001110010011010000011
00000010110001110010011100000011
00000000101101111010100000100011
00000000110001111010101000100011
00000000110101111010110000100011
00000000111001111010111000100011
11111110110001000010011110000011
00010001111100000000011100010011
00000010111001111010000000100011
00000010010000000000000001101111
11111110110001000010011110000011
00000001100001111000011110010011
00000000111100000000010110110011
11111110110001000010010100000011
00000000000000000000000000010011
00000000101000000000011100110011
11111110110001000010011110000011
00000000111001111010100000100011
00000000000000000000000000010011
00000001110000010010000010000011
00000001100000010010010000000011
00000010000000010000000100010011
00000000000000001000000001100111
11111110000000010000000100010011
00000000000100010010111000100011
00000000100000010010110000100011
00000010000000010000010000010011
11111110101001000010011000100011
11111110110001000010011110000011
00000010100001111000011110010011
00000000111100000000010110110011
11111110110001000010010100000011
00000000000000000000000000010011
00000000101000000000011100110011
11111110110001000010011110000011
00000010111001111010000000100011
00000000000000000000000000010011
00000001110000010010000010000011
00000001100000010010010000000011
00000010000000010000000100010011
00000000000000001000000001100111
