11111110000000010000000100010011
00000000100000010010111000100011
00000010000000010000010000010011
11111110101001000010011000100011
00000000000000000000000000010011
00000001110000010010010000000011
00000010000000010000000100010011
00000000000000001000000001100111
11111110000000010000000100010011
00000000000100010010111000100011
00000000100000010010110000100011
00000010000000010000010000010011
11111110101001000010011000100011
11111110101101000010010000100011
00000011101000000000011000010011
00010000000000010000011110110111
00000000000001111000010110010011
11111110110001000010010100000011
00000000000000000000000000010011
00000000000000000000011110010011
00000000111100000000010100110011
00000001110000010010000010000011
00000001100000010010010000000011
00000010000000010000000100010011
00000000000000001000000001100111
11111110000000010000000100010011
00000000000100010010111000100011
00000000100000010010110000100011
00000010000000010000010000010011
11111110101001000010011000100011
11111110101101000010010000100011
11111110110001000010001000100011
00000011101000000000011000010011
00010000000000010000011110110111
00000000000001111000010110010011
11111110110001000010010100000011
00000000000000000000000000010011
00000000000000000000011110010011
00000000111100000000010100110011
00000001110000010010000010000011
00000001100000010010010000000011
00000010000000010000000100010011
00000000000000001000000001100111
11111101000000010000000100010011
00000010000100010010011000100011
00000010100000010010010000100011
00000011000000010000010000010011
11111100101001000010111000100011
11111100101101000010110000100011
11111101100001000010011010000011
00010000000000010000011110110111
00000011110001111000011000010011
00010000000000010000011110110111
00000100100001111000010110010011
11111101110001000010010100000011
00000000000000000000000000010011
11111111111111111110011110110111
00000000000001111000011110010011
10001111000001111000010110010011
11111101110001000010010100000011
00000000000000000000000000010011
11111111111100000000010110010011
11111101110001000010010100000011
00000000000000000000000000010011
00000000101000000000011110110011
00000000000001111000110001100011
11111111111100000000010110010011
11111101110001000010010100000011
00000000000000000000000000010011
11111110101001000010011000100011
00001000110000000000000001101111
11111111111000000000010110010011
11111101110001000010010100000011
00000000000000000000000000010011
00000000010000000000010110010011
11111101110001000010010100000011
00000000000000000000000000010011
11111110101001000010011000100011
11111110110001000010011110000011
00000000000001111010000000100011
00010000000000010000011110110111
00000101000001111000011000010011
11111111111111111110011110110111
00000000000001111000011110010011
10001111000001111000010110010011
11111101110001000010010100000011
00000000000000000000000000010011
11111111111000000000010110010011
11111101110001000010010100000011
00000000000000000000000000010011
11111101100001000010011010000011
00010000000000010000011110110111
00000011110001111000011000010011
00010000000000010000011110110111
00000100100001111000010110010011
11111101110001000010010100000011
00000000000000000000000000010011
11111111111000000000010110010011
11111101110001000010010100000011
00000000000000000000000000010011
11111111111111111110011110110111
00000000000001111000011110010011
10001111000001111000010110010011
11111101110001000010010100000011
00000000000000000000000000010011
11111110110001000010011110000011
00000000111100000000010100110011
00000010110000010010000010000011
00000010100000010010010000000011
00000011000000010000000100010011
00000000000000001000000001100111
11111101000000010000000100010011
00000010000100010010011000100011
00000010100000010010010000100011
00000011000000010000010000010011
11111100101001000010111000100011
00010000000000010000011110110111
00000101000001111000011000010011
00000000000100000000010110010011
11111101110001000010010100000011
00000000000000000000000000010011
11111110101001000010011000100011
11111110110001000010011110000011
00000000000001111010011110000011
00000000000001111000101001100011
11111110110001000010011110000011
00000000000001111010011110000011
00000000111100000000010100110011
00000000000000000000000000010011
11111110110001000010011110000011
00000000000001111010000000100011
00000000000000000000011110010011
00000000111100000000010100110011
00000010110000010010000010000011
00000010100000010010010000000011
00000011000000010000000100010011
00000000000000001000000001100111
11111101000000010000000100010011
00000010000100010010011000100011
00000010100000010010010000100011
00000011000000010000010000010011
11111100101001000010111000100011
11111100101101000010110000100011
11111100110001000010101000100011
11111101100001000010010110000011
11111101110001000010010100000011
00000000000000000000000000010011
11111110101001000010011000100011
11111110110001000010011110000011
00000000000001111010011110000011
00000000000001111001111001100011
11111101100001000010010110000011
11111101110001000010010100000011
00000000000000000000000000010011
00000000101000000000011100110011
11111110110001000010011110000011
00000000111001111010000000100011
11111110110001000010011110000011
00000000000001111010011110000011
00000000000001111001011001100011
00000000000100000000011110010011
00000100010000000000000001101111
11111110110001000010011110000011
00000000000001111010011110000011
11111101010001000010011000000011
00000000111100000000010110110011
11111101110001000010010100000011
00000000000000000000000000010011
11111110101001000010010000100011
11111110100001000010011110000011
00000000000001111001011001100011
00000000001000000000011110010011
00000001100000000000000001101111
00000000000000000000011000010011
11111110100001000010010110000011
11111101110001000010010100000011
00000000000000000000000000010011
00000000000000000000011110010011
00000000111100000000010100110011
00000010110000010010000010000011
00000010100000010010010000000011
00000011000000010000000100010011
00000000000000001000000001100111
11111101000000010000000100010011
00000010000100010010011000100011
00000010100000010010010000100011
00000011000000010000010000010011
11111100101001000010111000100011
00000000000000000000011000010011
00000000000100000000010110010011
11111101110001000010010100000011
00000000000000000000000000010011
11111110101001000010011000100011
00000000000000000000011000010011
00000000001000000000010110010011
11111101110001000010010100000011
00000000000000000000000000010011
11111110101001000010010000100011
11111110100001000010011000000011
11111110110001000010010110000011
11111101110001000010010100000011
00000000000000000000000000010011
11111110101001000010001000100011
11111110010001000010011110000011
00000000000001111001011001100011
00000000000100000000011110010011
00000100100000000000000001101111
11111101110001000010010100000011
00000000000000000000000000010011
11111111111000000000010110010011
11111101110001000010010100000011
00000000000000000000000000010011
11111110010001000010011100000011
00000000000100000000011110010011
00000000111101110001100001100011
00010000000000010000011110110111
00000101110001111000011110010011
00000000110000000000000001101111
00010000000000010000011110110111
00000110010001111000011110010011
00000000111100000000010110110011
11111101110001000010010100000011
00000000000000000000000000010011
00000000001100000000011110010011
00000000111100000000010100110011
00000010110000010010000010000011
00000010100000010010010000000011
00000011000000010000000100010011
00000000000000001000000001100111
11111101000000010000000100010011
00000010000100010010011000100011
00000010100000010010010000100011
00000011000000010000010000010011
11111100101001000010111000100011
00010000000000010000011110110111
00000110110001111000010110010011
11111101110001000010010100000011
00000000000000000000000000010011
11111110101001000010011000100011
11111110110001000010011110000011
00000000000001111001011001100011
00000000000000000000011110010011
00000001000000000000000001101111
11111110110001000010010100000011
00000000000000000000000000010011
00000000000100000000011110010011
00000000111100000000010100110011
00000010110000010010000010000011
00000010100000010010010000000011
00000011000000010000000100010011
00000000000000001000000001100111
11111101000000010000000100010011
00000010000100010010011000100011
00000010100000010010010000100011
00000011000000010000010000010011
11111100101001000010111000100011
11111100101101000010110000100011
00000001000000000000000001101111
11111101100001000010011110000011
00000000000101111000011110010011
11111100111101000010110000100011
11111101100001000010011110000011
00000000000001111100011100000011
00000011101100000000011110010011
11111110111101110000010011100011
11111101100001000010011110000011
00000000000001111100011110000011
00000000000001111001011001100011
00000000000000000000011110010011
00000101100000000000000001101111
00000011101100000000011110010011
00000000111100000000010110110011
11111101100001000010010100000011
00000000000000000000000000010011
11111110101001000010011000100011
11111110110001000010011110000011
00000000000001111001111001100011
11111101100001000010010100000011
00000000000000000000000000010011
00000000101000000000011100110011
11111101100001000010011110000011
00000000111001111000011110110011
11111110111101000010011000100011
11111110110001000010011100000011
11111101100001000010011110000011
01000000111101110000011110110011
00000000111100000000011000110011
11111101100001000010010110000011
11111101110001000010010100000011
00000000000000000000000000010011
11111110110001000010011110000011
00000000111100000000010100110011
00000010110000010010000010000011
00000010100000010010010000000011
00000011000000010000000100010011
00000000000000001000000001100111
11111101000000010000000100010011
00000010000100010010011000100011
00000010100000010010010000100011
00000011000000010000010000010011
11111100101001000010111000100011
11111100101101000010110000100011
11111100110001000010101000100011
00010000000000010000011110110111
00000111000001111000011010010011
00010000000000010000011110110111
00000111010001111000011000010011
11111101100001000010010110000011
11111101110001000010010100000011
00000000000000000000000000010011
11111100101001000010110000100011
11111101010001000010011000000011
11111111111111111110011110110111
00000000000001111000011110010011
10001110111101111000010110010011
11111101110001000010010100000011
00000000000000000000000000010011
00000000000000000000011000010011
11111111111100000000010110010011
11111101110001000010010100000011
00000000000000000000000000010011
11111110101001000010011000100011
11111110110001000010011110000011
00000000000001111001110001100011
11111101010001000010011000000011
00010000000000010000011110110111
00000111100001111000010110010011
11111101110001000010010100000011
00000000000000000000000000010011
00000000000000000000011000010011
00010000000000010000011110110111
00001001100001111000010110010011
11111101110001000010010100000011
00000000000000000000000000010011
00001000010000000000000001101111
00000000000000000000011000010011
11111111111100000000010110010011
11111101110001000010010100000011
00000000000000000000000000010011
00000000101000000000011100110011
11111101100001000010011010000011
00010000000000010000011110110111
00001001110001111000011000010011
00000000111000000000010110110011
11111101110001000010010100000011
00000000000000000000000000010011
11111110101001000010010000100011
11111111111000000000010110010011
11111101110001000010010100000011
00000000000000000000000000010011
11111110100001000010010100000011
00000000000000000000000000010011
00000000101000000000011110110011
00000000000001111000011001100011
11111110100001000010011110000011
00000100110000000000000001101111
11111110100001000010011000000011
00010000000000010000011110110111
00001010000001111000010110010011
11111101110001000010010100000011
00000000000000000000000000010011
11111111111000000000010110010011
11111101110001000010010100000011
00000000000000000000000000010011
00000000001000000000010110010011
11111101110001000010010100000011
00000000000000000000000000010011
11111110110001000010010110000011
11111101110001000010010100000011
00000000000000000000000000010011
11111110101001000010011000100011
11111110110001000010011110000011
11110110000001111001011011100011
00000000000000000000011110010011
00000000111100000000010100110011
00000010110000010010000010000011
00000010100000010010010000000011
00000011000000010000000100010011
00000000000000001000000001100111
11111110000000010000000100010011
00000000000100010010111000100011
00000000100000010010110000100011
00000000100100010010101000100011
00000010000000010000010000010011
11111110101001000010011000100011
11111110101101000010010000100011
00000000000000000000011000010011
00000000000100000000010110010011
11111110110001000010010100000011
00000000000000000000000000010011
00000000101000000000010010110011
00000000000000000000011000010011
11111111111100000000010110010011
11111110110001000010010100000011
00000000000000000000000000010011
00000000101000000000011110110011
00000000111100000000011100110011
11111110100001000010011010000011
00000000100100000000011000110011
00010000000000010000011110110111
00001011000001111000010110010011
11111110110001000010010100000011
00000000000000000000000000010011
00000000000000000000000000010011
00000001110000010010000010000011
00000001100000010010010000000011
00000001010000010010010010000011
00000010000000010000000100010011
00000000000000001000000001100111
11111101000000010000000100010011
00000010000100010010011000100011
00000010100000010010010000100011
00000011000000010000010000010011
11111100101001000010111000100011
00000000000000000000011000010011
00000000000100000000010110010011
11111101110001000010010100000011
00000000000000000000000000010011
11111110101001000010011000100011
00010000000000010000011110110111
00001110000001111000011000010011
11111110110001000010010110000011
11111101110001000010010100000011
00000000000000000000000000010011
11111110101001000010010000100011
11111110100001000010011110000011
00000000000001111001011001100011
00000000000100000000011110010011
00000010100000000000000001101111
11111110100001000010010110000011
11111101110001000010010100000011
00000000000000000000000000010011
00000000101000000000011110110011
00000000000001111000100001100011
11111110100001000010010110000011
11111101110001000010010100000011
00000000000000000000000000010011
00000000000100000000011110010011
00000000111100000000010100110011
00000010110000010010000010000011
00000010100000010010010000000011
00000011000000010000000100010011
00000000000000001000000001100111
11111101000000010000000100010011
00000010000100010010011000100011
00000010100000010010010000100011
00000011000000010000010000010011
11111100101001000010111000100011
11111100101101000010110000100011
00000010110100000000011110010011
00000000111100000000010110110011
11111101100001000010010100000011
00000000000000000000000000010011
11111110101001000010011000100011
11111110110001000010011110000011
00000000000001111000100001100011
11111110110001000010011110000011
00000000000101111000011110010011
11111100111101000010110000100011
00010000000000010000011110110111
00001110100001111000011010010011
00010000000000010000011110110111
00000111010001111000011000010011
11111101100001000010010110000011
11111101110001000010010100000011
00000000000000000000000000010011
11111110101001000010010000100011
11111110100001000010011000000011
00010000000000010000011110110111
00001110110001111000010110010011
11111101110001000010010100000011
00000000000000000000000000010011
11111110101001000010010000100011
11111111111000000000010110010011
11111101110001000010010100000011
00000000000000000000000000010011
11111110100001000010011110000011
00000000111100000000010100110011
00000010110000010010000010000011
00000010100000010010010000000011
00000011000000010000000100010011
00000000000000001000000001100111
11111101000000010000000100010011
00000010000100010010011000100011
00000010100000010010010000100011
00000011000000010000010000010011
11111100101001000010111000100011
00000000000000000000011000010011
00000000000100000000010110010011
11111101110001000010010100000011
00000000000000000000000000010011
11111110101001000010011000100011
00010000000000010000011110110111
00001111100001111000011000010011
11111110110001000010010110000011
11111101110001000010010100000011
00000000000000000000000000010011
11111110101001000010010000100011
11111110100001000010011110000011
00000000000001111001011001100011
00000000000100000000011110010011
00000011110000000000000001101111
11111110110001000010010110000011
11111101110001000010010100000011
00000000000000000000000000010011
11111110101001000010001000100011
11111110010001000010011000000011
11111110100001000010010110000011
11111101110001000010010100000011
00000000000000000000000000010011
00000000101000000000011110110011
00000000000001111000100001100011
11111110100001000010010110000011
11111101110001000010010100000011
00000000000000000000000000010011
00000000000100000000011110010011
00000000111100000000010100110011
00000010110000010010000010000011
00000010100000010010010000000011
00000011000000010000000100010011
00000000000000001000000001100111
11111100000000010000000100010011
00000010000100010010111000100011
00000010100000010010110000100011
00000100000000010000010000010011
11111100101001000010011000100011
00000000000000000000011000010011
00000000000100000000010110010011
11111100110001000010010100000011
00000000000000000000000000010011
11111110101001000010011000100011
00000010111000000000010110010011
11111110110001000010010100000011
00000000000000000000000000010011
11111110101001000010010000100011
11111110100001000010011110000011
00000000000001111001011001100011
00000000000000000000011110010011
00001100010000000000000001101111
11111110100001000010011100000011
11111110110001000010011110000011
01000000111101110000011110110011
00000000111100000000011000110011
11111110110001000010010110000011
11111100110001000010010100000011
00000000000000000000000000010011
00000000000000000000011000010011
11111111111100000000010110010011
11111100110001000010010100000011
00000000000000000000000000010011
00000000101000000000011100110011
00010000000000010000011110110111
00001111100001111000011000010011
00000000111000000000010110110011
11111100110001000010010100000011
00000000000000000000000000010011
11111110101001000010001000100011
11111110010001000010011110000011
00000000000001111001011001100011
00000000000100000000011110010011
00000110110000000000000001101111
11111110110001000010010110000011
11111100110001000010010100000011
00000000000000000000000000010011
11111110101001000010000000100011
11111110000001000010011000000011
11111110010001000010010110000011
11111100110001000010010100000011
00000000000000000000000000010011
11111100101001000010111000100011
11111101110001000010011110000011
00000010000001111000111001100011
11111101110001000010011100000011
00000000001000000000011110010011
00000000111101110000100001100011
11111110010001000010010110000011
11111100110001000010010100000011
00000000000000000000000000010011
11111110010001000010011010000011
11111110110001000010011000000011
00010000000000010000011110110111
00010000000001111000010110010011
11111100110001000010010100000011
00000000000000000000000000010011
00000000000100000000011110010011
00000000100000000000000001101111
00000000000100000000011110010011
00000000111100000000010100110011
00000011110000010010000010000011
00000011100000010010010000000011
00000100000000010000000100010011
00000000000000001000000001100111
11111101000000010000000100010011
00000010000100010010011000100011
00000010100000010010010000100011
00000011000000010000010000010011
11111100101001000010111000100011
00000000000000000000011000010011
00000000000100000000010110010011
11111101110001000010010100000011
00000000000000000000000000010011
11111110101001000010011000100011
00010000000000010000011110110111
00010010000001111000011000010011
11111111111111111110011110110111
00000000000001111000011110010011
10001110111101111000010110010011
11111101110001000010010100000011
00000000000000000000000000010011
11111111111100000000010110010011
11111101110001000010010100000011
00000000000000000000000000010011
00000000101000000000011100110011
00000000010100000000011110010011
00000000111101110000101001100011
00010000000000010000011110110111
00010010100001111000010110010011
11111101110001000010010100000011
00000000000000000000000000010011
11111110110001000010011000000011
11111111111100000000010110010011
11111101110001000010010100000011
00000000000000000000000000010011
11111111111100000000010110010011
11111101110001000010010100000011
00000000000000000000000000010011
00000000101000000000011110110011
00000000000001111001110001100011
11111110110001000010011000000011
00010000000000010000011110110111
00010100110001111000010110010011
11111101110001000010010100000011
00000000000000000000000000010011
00000000000100000000011110010011
00000000111100000000010100110011
00000010110000010010000010000011
00000010100000010010010000000011
00000011000000010000000100010011
00000000000000001000000001100111
11111101000000010000000100010011
00000010000100010010011000100011
00000010100000010010010000100011
00000011000000010000010000010011
11111100101001000010111000100011
00000000000000000000011000010011
00000000000100000000010110010011
11111101110001000010010100000011
00000000000000000000000000010011
11111110101001000010010000100011
00000000000100000000010110010011
11111101110001000010010100000011
00000000000000000000000000010011
00010000000000010000011110110111
00010111000001111000011000010011
11111111111111111110011110110111
00000000000001111000011110010011
10001111000001111000010110010011
11111101110001000010010100000011
00000000000000000000000000010011
11111110100001000010011000000011
00000000001000000000010110010011
11111101110001000010010100000011
00000000000000000000000000010011
11111111111100000000010110010011
11111101110001000010010100000011
00000000000000000000000000010011
00000000101000000000011110110011
00000010000001111000111001100011
11111111111100000000010110010011
11111101110001000010010100000011
00000000000000000000000000010011
00000000101000000000011100110011
00000000010000000001011110110111
10011111110001111000011110010011
00000000111101110001110001100011
11111110100001000010011000000011
00010000000000010000011110110111
00010111100001111000010110010011
11111101110001000010010100000011
00000000000000000000000000010011
00000000000100000000011110010011
00011110010000000000000001101111
00010000000000010000011110110111
00011010010001111000011000010011
11111111111111111110011110110111
00000000000001111000011110010011
10001110111101111000010110010011
11111101110001000010010100000011
00000000000000000000000000010011
11111111111100000000010110010011
11111101110001000010010100000011
00000000000000000000000000010011
00000000101000000000011100110011
00000000010100000000011110010011
00000000111101110000101001100011
00010000000000010000011110110111
00011010110001111000010110010011
11111101110001000010010100000011
00000000000000000000000000010011
00000000000000000000011000010011
00010000000000010000011110110111
00001001100001111000010110010011
11111101110001000010010100000011
00000000000000000000000000010011
00000000000100000000011110010011
11111110111101000010011000100011
11111110110001000010011000000011
11111111111000000000010110010011
11111101110001000010010100000011
00000000000000000000000000010011
11111111111100000000010110010011
11111101110001000010010100000011
00000000000000000000000000010011
00000000101000000000011110110011
00000010000001111001100001100011
00000000000000000000011000010011
11111111111000000000010110010011
11111101110001000010010100000011
00000000000000000000000000010011
00000000101000000000011110110011
00000000111100000000011010110011
11111110100001000010011000000011
00010000000000010000011110110111
00011101000001111000010110010011
11111101110001000010010100000011
00000000000000000000000000010011
11111110100001000010010110000011
11111101110001000010010100000011
00000000000000000000000000010011
00000000000100000000011000010011
00000000000100000000010110010011
11111101110001000010010100000011
00000000000000000000000000010011
11111111111100000000010110010011
11111101110001000010010100000011
00000000000000000000000000010011
00000000101000000000011100110011
00000000011000000000011110010011
00000100111101110000001001100011
11111111111100000000010110010011
11111101110001000010010100000011
00000000000000000000000000010011
00000000101000000000011110110011
00000000000001111000101001100011
00000000001000000000010110010011
11111101110001000010010100000011
00000000000000000000000000010011
00000001000000000000000001101111
11111111111000000000010110010011
11111101110001000010010100000011
00000000000000000000000000010011
11111110110001000010011110000011
00000000000101111000011110010011
11111110111101000010011000100011
11110100000111111111000001101111
00000000000000000000000000010011
00000000010000000001011110110111
10011111110001111000010110010011
11111101110001000010010100000011
00000000000000000000000000010011
11111110100001000010011000000011
00000000001000000000010110010011
11111101110001000010010100000011
00000000000000000000000000010011
11111110100001000010010110000011
11111101110001000010010100000011
00000000000000000000000000010011
00000000000100000000011000010011
00000000000100000000010110010011
11111101110001000010010100000011
00000000000000000000000000010011
11111111111100000000010110010011
11111101110001000010010100000011
00000000000000000000000000010011
00000000101000000000011110110011
00000000000001111000101001100011
11111110100001000010011000000011
00000000001000000000010110010011
11111101110001000010010100000011
00000000000000000000000000010011
11111110100001000010011000000011
00000000001000000000010110010011
11111101110001000010010100000011
00000000000000000000000000010011
11111111111100000000010110010011
11111101110001000010010100000011
00000000000000000000000000010011
00000000101000000000011100110011
00000000010000000001011110110111
10011111110001111000011110010011
00000010111101110001011001100011
00000000000100000000010110010011
11111101110001000010010100000011
00000000000000000000000000010011
11111111111100000000010110010011
11111101110001000010010100000011
00000000000000000000000000010011
11111110100001000010011000000011
00000000001000000000010110010011
11111101110001000010010100000011
00000000000000000000000000010011
00000000000100000000011110010011
00000000111100000000010100110011
00000010110000010010000010000011
00000010100000010010010000000011
00000011000000010000000100010011
00000000000000001000000001100111
11110111000000010000000100010011
00001000000100010010011000100011
00001000100000010010010000100011
00001001000000010000010000010011
11110110101001000010111000100011
11111000110001000000011110010011
00000000111100000000011000110011
00000000000100000000010110010011
11110111110001000010010100000011
00000000000000000000000000010011
00000000101000000000011110110011
00000010000001111000110001100011
11111000110001000000011110010011
00000000111100000000011000110011
00010000000000010000011110110111
00011110110001111000010110010011
11110111110001000010010100000011
00000000000000000000000000010011
00000000101000000000011110110011
00000000000001111000110001100011
11111111111100000000010110010011
11110111110001000010010100000011
00000000000000000000000000010011
00000000101000000000011110110011
00000000000001111000101001100011
00010000000000010000011110110111
00011111000001111000010110010011
11110111110001000010010100000011
00000000000000000000000000010011
11111111111000000000010110010011
11110111110001000010010100000011
00000000000000000000000000010011
11111111111000000000010110010011
11110111110001000010010100000011
00000000000000000000000000010011
11111111111000000000010110010011
11110111110001000010010100000011
00000000000000000000000000010011
00000000000000000000000000010011
00001000110000010010000010000011
00001000100000010010010000000011
00001001000000010000000100010011
00000000000000001000000001100111
11111101000000010000000100010011
00000010000100010010011000100011
00000010100000010010010000100011
00000011000000010000010000010011
11111100101001000010111000100011
11111100101101000010110000100011
00000000001000000000011110010011
11111110111101000010011000100011
00000011100000000000000001101111
11111110110001000010010110000011
11111101110001000010010100000011
00000000000000000000000000010011
11111111111000000000010110010011
11111101110001000010010100000011
00000000000000000000000000010011
00000000000000000000011000010011
00000000000100000000010110010011
11111101110001000010010100000011
00000000000000000000000000010011
11111110110001000010011110000011
00000000000101111000011110010011
11111110111101000010011000100011
11111110110001000010011100000011
11111101100001000010011110000011
11111100111001111101001011100011
00000000000000000000000000010011
00000000000000000000000000010011
00000010110000010010000010000011
00000010100000010010010000000011
00000011000000010000000100010011
00000000000000001000000001100111
11111101000000010000000100010011
00000010000100010010011000100011
00000010100000010010010000100011
00000011000000010000010000010011
11111100101001000010111000100011
11111100101101000010110000100011
11111111111100000000010110010011
11111101110001000010010100000011
00000000000000000000000000010011
00010000000000010000011110110111
00100001100001111000011000010011
11111111111000000000010110010011
11111101110001000010010100000011
00000000000000000000000000010011
11111101100001000010010110000011
11111101110001000010010100000011
00000000000000000000000000010011
00010000000000010000011110110111
00100001110001111000011000010011
11111111111000000000010110010011
11111101110001000010010100000011
00000000000000000000000000010011
00000010111000000000010110010011
11111101100001000010010100000011
00000000000000000000000000010011
11111110101001000010011000100011
11111110110001000010011110000011
00000000000001111001100001100011
11111101100001000010011110000011
11111110111101000010011000100011
00000001000000000000000001101111
11111110110001000010011110000011
00000000000101111000011110010011
11111110111101000010011000100011
11111110110001000010011100000011
11111101100001000010011110000011
01000000111101110000011110110011
00000000111100000000011000110011
11111101100001000010010110000011
11111101110001000010010100000011
00000000000000000000000000010011
00010000000000010000011110110111
00100010010001111000011000010011
11111111111000000000010110010011
11111101110001000010010100000011
00000000000000000000000000010011
00000000000000000000000000010011
00000010110000010010000010000011
00000010100000010010010000000011
00000011000000010000000100010011
00000000000000001000000001100111
11111101000000010000000100010011
00000010000100010010011000100011
00000010100000010010010000100011
00000011000000010000010000010011
11111100101001000010111000100011
00000000000000000000011000010011
00000000000100000000010110010011
11111101110001000010010100000011
00000000000000000000000000010011
11111110101001000010011000100011
11111101110001000010010100000011
00000000000000000000000000010011
00000000101000000000011110110011
00000000000101111000011110010011
11111110111101000010010000100011
00010000000000010000011110110111
00010111000001111000011000010011
11111111111111111110011110110111
00000000000001111000011110010011
10001111000001111000010110010011
11111101110001000010010100000011
00000000000000000000000000010011
11111110110001000010011000000011
11111110100001000010010110000011
11111101110001000010010100000011
00000000000000000000000000010011
11111111111100000000010110010011
11111101110001000010010100000011
00000000000000000000000000010011
00000000101000000000011100110011
00000000010100000000011110010011
00000110111101110000011001100011
11111111111000000000010110010011
11111101110001000010010100000011
00000000000000000000000000010011
00000000000100000000011010010011
11111110110001000010011000000011
11111111111111111110011110110111
00000000000001111000011110010011
10001110111001111000010110010011
11111101110001000010010100000011
00000000000000000000000000010011
00000000101000000000011110110011
00000010000001111000000001100011
11111110110001000010011000000011
00010000000000010000011110110111
00100011000001111000010110010011
11111101110001000010010100000011
00000000000000000000000000010011
00000000101000000000011110110011
00001001110000000000000001101111
11111111111100000000010110010011
11111101110001000010010100000011
00000000000000000000000000010011
11111110110001000010011000000011
11111110100001000010010110000011
11111101110001000010010100000011
00000000000000000000000000010011
00010000000000010000011110110111
00100001110001111000011000010011
11111111111100000000010110010011
11111101110001000010010100000011
00000000000000000000000000010011
11111111111100000000010110010011
11111101110001000010010100000011
00000000000000000000000000010011
00000000101000000000011110110011
00000000000001111000101001100011
11111111111000000000010110010011
11111101110001000010010100000011
00000000000000000000000000010011
00000001110000000000000001101111
11111111111000000000010110010011
11111101110001000010010100000011
00000000000000000000000000010011
11111110110001000010010110000011
11111101110001000010010100000011
00000000000000000000000000010011
11111111111100000000010110010011
11111101110001000010010100000011
00000000000000000000000000010011
11111101110001000010010100000011
00000000000000000000000000010011
11111110100001000010011110000011
11111111111101111000011110010011
00000000111100000000010110110011
11111101110001000010010100000011
00000000000000000000000000010011
00000000000000000000011110010011
00000000111100000000010100110011
00000010110000010010000010000011
00000010100000010010010000000011
00000011000000010000000100010011
00000000000000001000000001100111
11111110000000010000000100010011
00000000000100010010111000100011
00000000100000010010110000100011
00000010000000010000010000010011
11111110101001000010011000100011
00000000010100000000011000010011
00000000000100000000010110010011
11111110110001000010010100000011
00000000000000000000000000010011
00000000000100000000010110010011
11111110110001000010010100000011
00000000000000000000000000010011
00000000101000000000011110110011
00000010000001111001011001100011
00000000000100000000011000010011
00000000000000000000010110010011
11111110110001000010010100000011
00000000000000000000000000010011
11111111111100000000010110010011
11111110110001000010010100000011
00000000000000000000000000010011
00000000000100000000010110010011
11111110110001000010010100000011
00000000000000000000000000010011
11111111111111111110011110110111
00000000000001111000011110010011
10001110111001111000010110010011
11111110110001000010010100000011
00000000000000000000000000010011
00010000000000010000011110110111
00100101000001111000011000010011
11111111111000000000010110010011
11111110110001000010010100000011
00000000000000000000000000010011
00000000000000000000011110010011
00000000111100000000010100110011
00000001110000010010000010000011
00000001100000010010010000000011
00000010000000010000000100010011
00000000000000001000000001100111
11111101000000010000000100010011
00000010000100010010011000100011
00000010100000010010010000100011
00000011000000010000010000010011
11111100101001000010111000100011
11111100101101000010110000100011
11111100110001000010101000100011
11111100110101000010100000100011
11111101010001000010010100000011
00000000000000000000000000010011
11111110101001000010011000100011
11111110110001000010011110000011
00000000000001111001101001100011
11111101000001000010010110000011
11111101110001000010010100000011
00000000000000000000000000010011
00000100100000000000000001101111
00010000000000010000011110110111
00100101100001111000011010010011
00010000000000010000011110110111
00100110000001111000011000010011
11111110110001000010010110000011
11111101110001000010010100000011
00000000000000000000000000010011
11111110101001000010011000100011
11111101000001000010011010000011
00010000000000010000011110110111
00100110010001111000011000010011
11111110110001000010010110000011
11111101110001000010010100000011
00000000000000000000000000010011
11111111111000000000010110010011
11111101110001000010010100000011
00000000000000000000000000010011
11111101100001000010011000000011
11111111111000000000010110010011
11111101110001000010010100000011
00000000000000000000000000010011
00000000000000000000000000010011
00000010110000010010000010000011
00000010100000010010010000000011
00000011000000010000000100010011
00000000000000001000000001100111
11111101000000010000000100010011
00000010000100010010011000100011
00000010100000010010010000100011
00000011000000010000010000010011
11111100101001000010111000100011
00010000000000010000011110110111
00000101000001111000010110010011
11111101110001000010010100000011
00000000000000000000000000010011
00000000000000000000011000010011
00000000010000000000011110110111
00011011110001111000010110010011
11111101110001000010010100000011
00000000000000000000000000010011
00010000000000010000011110110111
00101100110001111000011000010011
11111111111000000000010110010011
11111101110001000010010100000011
00000000000000000000000000010011
00010000000000010000011110110111
00100111100001111000011000010011
00010000000000010000011110110111
00101101010001111000010110010011
11111101110001000010010100000011
00000000000000000000000000010011
11111111111100000000010110010011
11111101110001000010010100000011
00000000000000000000000000010011
11111111111111111110011110110111
00000000000001111000011110010011
10001110111101111000010110010011
11111101110001000010010100000011
00000000000000000000000000010011
00000000000000000000011000010011
00000000010000000000010110010011
11111101110001000010010100000011
00000000000000000000000000010011
11111110000001000010011000100011
00000101000000000000000001101111
00010000000000010000011110110111
00101011100001111000011100010011
11111110110001000010011110000011
00000000001001111001011110010011
00000000111101110000011110110011
00000000000001111010011110000011
00000000000000000000011000010011
00000000111100000000010110110011
11111101110001000010010100000011
00000000000000000000000000010011
11111110110001000010011110000011
00000000000101111000011110010011
00000000111100000000011000110011
11111111111000000000010110010011
11111101110001000010010100000011
00000000000000000000000000010011
11111110110001000010011110000011
00000000000101111000011110010011
11111110111101000010011000100011
00010000000000010000011110110111
00101011100001111000011100010011
11111110110001000010011110000011
00000000001001111001011110010011
00000000111101110000011110110011
00000000000001111010011110000011
11111000000001111001111011100011
00010000000000010000011110110111
00011010010001111000011000010011
11111111111000000000010110010011
11111101110001000010010100000011
00000000000000000000000000010011
00010000000000010000011110110111
00101101110001111000011010010011
00010000000000010000011110110111
00110110100001111000011000010011
00010000000000010000011110110111
00001110000001111000010110010011
11111101110001000010010100000011
00000000000000000000000000010011
00010000000000010000011110110111
00110111010001111000011010010011
00010000000000010000011110110111
00111011110001111000011000010011
00010000000000010000011110110111
00001111100001111000010110010011
11111101110001000010010100000011
00000000000000000000000000010011
00000000100100000000011000010011
00010000000000010000011110110111
00111100100001111000010110010011
11111101110001000010010100000011
00000000000000000000000000010011
00010000000000010000011110110111
00111101010001111000011000010011
11111111111000000000010110010011
11111101110001000010010100000011
00000000000000000000000000010011
00000000001000000000011010010011
00010000000000010000011110110111
00010111000001111000011000010011
11111111111111111110011110110111
00000000000001111000011110010011
10001111000001111000010110010011
11111101110001000010010100000011
00000000000000000000000000010011
00010000000000010000011110110111
00111101110001111000011000010011
11111111111000000000010110010011
11111101110001000010010100000011
00000000000000000000000000010011
00000000000000000000011000010011
00000000000000000000010110010011
11111101110001000010010100000011
00000000000000000000000000010011
00010000000000010000011110110111
00010010000001111000011000010011
11111111111000000000010110010011
11111101110001000010010100000011
00000000000000000000000000010011
11111111111111111110011110110111
00000000000001111000011110010011
10001110111001111000010110010011
11111101110001000010010100000011
00000000000000000000000000010011
00010000000000010000011110110111
00101010000001111000011000010011
00000000000000000000010110010011
11111101110001000010010100000011
00000000000000000000000000010011
11111111111000000000010110010011
11111101110001000010010100000011
00000000000000000000000000010011
00000000000100000000011110010011
00000000111100000000010100110011
00000010110000010010000010000011
00000010100000010010010000000011
00000011000000010000000100010011
00000000000000001000000001100111
