11111110000000010000000100010011
00000000000100010010111000100011
00000000100000010010110000100011
00000010000000010000010000010011
11111110101001000010011000100011
11111110101101000010010000100011
00001100000000000000011010010011
00000000000000000000011000010011
00000000000000000000010110010011
11111110100001000010010100000011
00000000000000000000000000010011
00000000101000000000011100110011
11111110110001000010011110000011
00000010111001111010010000100011
11111110110001000010011110000011
00000010100001111010011100000011
11111110110001000010011110000011
00000000111001111010101000100011
11111110110001000010011110000011
00000000100000000000011100010011
00000010111001111010100000100011
11111110110001000010011110000011
00000010100001111010011100000011
11111110110001000010011110000011
00000011000001111010011110000011
00000000111100000000011010110011
00000000110100000000011110110011
00000000000101111001011110010011
00000000110101111000011110110011
00000000001101111001011110010011
11111110100001111000011110010011
00000000111101110000011100110011
11111110110001000010011110000011
00000010111001111010001000100011
00101101000000000000011010010011
00000000000000000000011000010011
00000000000000000000010110010011
11111110100001000010010100000011
00000000000000000000000000010011
00000000101000000000011100110011
11111110110001000010011110000011
00000010111001111010000000100011
11111110110001000010011110000011
00000010110100000000011100010011
00000010111001111010011000100011
11111110110001000010011110000011
00000010000001111010011100000011
11111110110001000010011110000011
00000000111001111010010000100011
11111110110001000010011110000011
00000010000001111010011100000011
11111110110001000010011110000011
00000010110001111010011110000011
00000000111100000000011010110011
00100000000000000000011110110111
00000000000001111000011110010011
11111111101001111000011110010011
00000000111101101000011110110011
00000000010001111001011110010011
00000000111101110000011100110011
11111110110001000010011110000011
00000000111001111010111000100011
11111110110001000010011110000011
00000001010001111010011110000011
11111110110001000010011100000011
00000000100001110010011100000011
00000000111001111010001000100011
11111110110001000010011110000011
00000000100001111010011110000011
00000001000001111000011010010011
11111110110001000010011100000011
00000000110101110010010000100011
00000000000001111010010000100011
11111110110001000010011110000011
00000001010001111010011110000011
11111110110001000010011100000011
00000000100001110010011100000011
00000000111001111010000000100011
00000000000001111010011100000011
11111110110001000010011110000011
00000000111001111010011000100011
11111110110001000010011110000011
00000000100001111010011100000011
11111110110001000010011110000011
00000001010001111010011110000011
00010100000001110000011100010011
00000000111001111010010000100011
00000000000000000000000000010011
00000001110000010010000010000011
00000001100000010010010000000011
00000010000000010000000100010011
00000000000000001000000001100111
11111110000000010000000100010011
00000000000100010010111000100011
00000000100000010010110000100011
00000010000000010000010000010011
11111110101001000010011000100011
11111110101101000010010000100011
11111110100001000010011110000011
00000010100001111010011100000011
11111110100001000010011110000011
00000011000001111010011110000011
00000000111100000000011010110011
00000000110100000000011110110011
00000000000101111001011110010011
00000000110101111000011110110011
00000000001101111001011110010011
00000000000000000000011010010011
00000000111100000000011000110011
00000000111000000000010110110011
11111110110001000010010100000011
00000000000000000000000000010011
11111110100001000010011110000011
00000010000001111010011100000011
11111110100001000010011110000011
00000010110001111010011110000011
00000000010001111001011110010011
00000000000000000000011010010011
00000000111100000000011000110011
00000000111000000000010110110011
11111110110001000010010100000011
00000000000000000000000000010011
00000000000000000000000000010011
00000001110000010010000010000011
00000001100000010010010000000011
00000010000000010000000100010011
00000000000000001000000001100111
11111101000000010000000100010011
00000010000100010010011000100011
00000010100000010010010000100011
00000011000000010000010000010011
11111100101001000010111000100011
11111100101101000010110000100011
11111101110001000010011110000011
00000001000001111010011110000011
11111110111101000010011000100011
11111101110001000010010110000011
11111101110001000010010100000011
00000000000000000000000000010011
11111101110001000010011110000011
00000100100001111000011110010011
11111110111101000010010000100011
00000000001000000000011000010011
00000000000000000000010110010011
11111101110001000010010100000011
00000000000000000000000000010011
00000000101000000000011100110011
11111110100001000010011110000011
00000000111001111010000000100011
11111110100001000010011110000011
00000000010100000000011100010011
00000000111001111010010000100011
11111101110001000010011110000011
00000001000001111010011110000011
00000110000001111000011110010011
11111110111101000010001000100011
00000000001000000000011000010011
00000000000000000000010110010011
11111101110001000010010100000011
00000000000000000000000000010011
00000000101000000000011100110011
11111110010001000010011110000011
00000000111001111010000000100011
11111110010001000010011110000011
00000000010100000000011100010011
00000000111001111010010000100011
00000010000000000000010110010011
11111101110001000010010100000011
00000000000000000000000000010011
11111101110001000010010100000011
00000000000000000000000000010011
11111101110001000010010100000011
00000000000000000000000000010011
00000001000100000000011000010011
00010000000000010000011110110111
00000000000001111000010110010011
11111101110001000010010100000011
00000000000000000000000000010011
00000000101000000000011110110011
00000000010101111100011100000011
00000010000001110110011100010011
00001111111101110111011100010011
00000000111001111000001010100011
11111110110001000010011110000011
00000100010001111010011110000011
00000000001001111001011100010011
11111110110001000010011110000011
00000100111001111010000000100011
00000000000000000000000000010011
00000010110000010010000010000011
00000010100000010010010000000011
00000011000000010000000100010011
00000000000000001000000001100111
11111110000000010000000100010011
00000000100000010010111000100011
00000010000000010000010000010011
11111110101001000010011000100011
11111110101101000010010000100011
11111110110001000010011110000011
11111110100001000010011100000011
00000000111001111010100000100011
11111110110001000010011110000011
00000010000001111010000000100011
11111110110001000010011110000011
00000010000001111010011000100011
11111110110001000010011110000011
00000110000001111010100000100011
11111110110001000010011110000011
00000100000001111010001000100011
11111110110001000010011110000011
00000010000001111000110000100011
11111110110001000010011110000011
00000010000001111010111000100011
11111110110001000010011110000011
00000000000100000000011100010011
00000010111001111000110010100011
11111110110001000010011110000011
00000011110001111010011100000011
11111110110001000010011110000011
00000100111001111010000000100011
11111110110001000010011110000011
00000110000001111010010000100011
11111110110001000010011110000011
00000010000001111010100000100011
11111110110001000010011110000011
00000010000001111001101100100011
11111110110001000010011110000011
00000011011001111101011100000011
11111110110001000010011110000011
00000010111001111001101000100011
11111110110001000010011110000011
00000000000001111000001100100011
11111110110001000010011110000011
00000000000001111010101000100011
11111110110001000010011110000011
00000001010001111010011100000011
11111110110001000010011110000011
00000010111001111010010000100011
11111110110001000010011110000011
00000000000001111010110000100011
11111110110001000010011110000011
00000110000001111010101000100011
11111110110001000010011110000011
00000100000001111010100000100011
00000000000000000000000000010011
00000001110000010010010000000011
00000010000000010000000100010011
00000000000000001000000001100111
11111101000000010000000100010011
00000010000100010010011000100011
00000010100000010010010000100011
00000011000000010000010000010011
11111100101001000010111000100011
11111101110001000010011110000011
00000001000001111010011110000011
11111110111101000010011000100011
11111101110001000010011110000011
00000010000001111010011110000011
00000000111100000000010110110011
11111101110001000010010100000011
00000000000000000000000000010011
11111101110001000010010100000011
00000000000000000000000000010011
11111101110001000010011110000011
00000001000001111010011110000011
00000000000001111010011100000011
11111101110001000010011110000011
00000001000001111010011110000011
00000000100001111010011110000011
00000000001001111001011110010011
00000000000000000000011010010011
00000000111100000000011000110011
00000000111000000000010110110011
11111101110001000010010100000011
00000000000000000000000000010011
11111110110001000010011110000011
00000011010001111010011100000011
11111110110001000010011110000011
00000011110001111010011110000011
00000000000000000000011010010011
00000000111100000000011000110011
00000000111000000000010110110011
11111101110001000010010100000011
00000000000000000000000000010011
00000000101000000000011100110011
11111110110001000010011110000011
00000010111001111010101000100011
11111110110001000010011110000011
00000010000001111010111000100011
11111101110001000010010110000011
11111101110001000010010100000011
00000000000000000000000000010011
11111110110001000010011110000011
00000000110001111010011100000011
11111110110001000010011110000011
00000001000001111010011110000011
00000000000000000000011010010011
00010111100000000000011000010011
11111101110001000010010110000011
00000000111100000000010100110011
00000000000001110000000011100111
00000000000000000000000000010011
00000010110000010010000010000011
00000010100000010010010000000011
00000011000000010000000100010011
00000000000000001000000001100111
11111101000000010000000100010011
00000010000100010010011000100011
00000010100000010010010000100011
00000011000000010000010000010011
11111100101001000010111000100011
00000111100000000000011010010011
00000000000000000000011000010011
00000000000000000000010110010011
11111101110001000010010100000011
00000000000000000000000000010011
11111110101001000010011000100011
00000000100000000000011000010011
11111110110001000010010110000011
11111101110001000010010100000011
00000000000000000000000000010011
11111101110001000010011110000011
00000001000001111010011110000011
00000000111100000000010110110011
11111110110001000010010100000011
00000000000000000000000000010011
11111101110001000010010110000011
11111110110001000010010100000011
00000000000000000000000000010011
11111101110001000010011110000011
00000100100001111000011110010011
11111110111101000010010000100011
11111110110001000010011110000011
00000100100001111000011110010011
11111110111101000010001000100011
11111110010001000010011010000011
11111110100001000010011110000011
00000000000001111010011100000011
00000000010001111010011110000011
00000000111001101010000000100011
00000000111101101010001000100011
11111110100001000010011110000011
00000000100001111010011100000011
11111110010001000010011110000011
00000000111001111010010000100011
11111101110001000010011110000011
00000011100001111100011100000011
11111110110001000010011110000011
00000010111001111000110000100011
11111101110001000010011110000011
00000011110001111010011100000011
11111110110001000010011110000011
00000010111001111010111000100011
11111101110001000010011110000011
00000100010001111010011100000011
11111110110001000010011110000011
00000100111001111010001000100011
11111110110001000010011110000011
00000011110001111010011100000011
11111110110001000010011110000011
00000100111001111010000000100011
11111110110001000010011110000011
00000000111100000000010100110011
00000010110000010010000010000011
00000010100000010010010000000011
00000011000000010000000100010011
00000000000000001000000001100111
11111110000000010000000100010011
00000000000100010010111000100011
00000000100000010010110000100011
00000010000000010000010000010011
11111110101001000010011000100011
11111110101101000010010000100011
11111110100001000010011110000011
00000010000001111010011110000011
00000000111100000000010110110011
11111110100001000010010100000011
00000000000000000000000000010011
11111110100001000010010110000011
11111110110001000010010100000011
00000000000000000000000000010011
00000000000000000000011010010011
00000111100000000000011000010011
11111110100001000010010110000011
11111110110001000010010100000011
00000000000000000000000000010011
00000000000000000000000000010011
00000001110000010010000010000011
00000001100000010010010000000011
00000010000000010000000100010011
00000000000000001000000001100111
11111101000000010000000100010011
00000010000100010010011000100011
00000010100000010010010000100011
00000011000000010000010000010011
11111100101001000010111000100011
11111100101101000010110000100011
11111101110001000010011110000011
00010111100000000000011010010011
00000000000000000000011000010011
00000000000000000000010110010011
11111101100001000010010100000011
00000000000001111000000011100111
11111110101001000010001000100011
11111110010001000010011110000011
00000000000001111001011001100011
00000000000000000000011110010011
00011101100000000000000001101111
11111110010001000010011110000011
11111110111101000010010000100011
11111110100001000010011110000011
00000111100001111000011110010011
11111110111101000010000000100011
11111110100001000010011110000011
00000000000001111010000000100011
11111110100001000010011110000011
00000000100000000000011100010011
00000000111001111000001000100011
11111110000001000010011110000011
00000010000100000000011100010011
00000000111001111000101000100011
11111110000001000010011110000011
00000001010001111100011110000011
00000000001101111111011110010011
00001111111101111111011100010011
11111110100001000010011110000011
00000000111001111000001010100011
11111110100001000010011110000011
00000000010101111100011110000011
00000110000001111110011110010011
00001111111101111111011100010011
11111110100001000010011110000011
00000000111001111000001010100011
11111110000001000010010110000011
11111110100001000010010100000011
00000000000000000000000000010011
11111110000001000010011110000011
11111101110001000010011100000011
00000000111001111010011000100011
11111110000001000010011110000011
11111101100001000010011100000011
00000000111001111010100000100011
11111110000001000010011110000011
11111110100001000010011100000011
00000110111001111010100000100011
11111110000001000010011110000011
00000111100001111000011100010011
11111110000001000010011110000011
00001000111001111010010000100011
11111110000001000010011110000011
00000111100001111000011100010011
11111110000001000010011110000011
00001000111001111010011000100011
11111110000001000010011110000011
00000100000001111010000000100011
11111110000001000010011110000011
00000000000001111010010000100011
11111110000001000010011110000011
00000000000001111010001000100011
11111110000001000010011110000011
00000000000001111010000000100011
11111110100001000010011110000011
00000001000001111010011110000011
00000110000001111010010000100011
11111110000001000010011110000011
00000010000001111010101000100011
11111110000001000010011110000011
00000010000001111010111000100011
11111110000001000010011110000011
00000100000001111010110000100011
11111110000001000010011110000011
00000000000001111000101010100011
11111110000001000010011110000011
11111110100001000010011100000011
00000000111001111010111000100011
11111110000001000010011110000011
00000000000001111010110000100011
11111110000001000010011110000011
00000001110001111000011100010011
11111110000001000010011110000011
00000010111001111010000000100011
11111110000001000010011110000011
00000010000001111010001000100011
11111110000001000010011110000011
00000010000001111010010000100011
11111110000001000010011110000011
00000010000001111010011000100011
11111110000001000010011110000011
00000010000001111010100000100011
11111110000001000010011110000011
00010111100000000000011100010011
00000100111001111010001000100011
11111110000001000010011110000011
00001100100000000000011100010011
00000100111001111010100000100011
11111110000001000010011110000011
00001100100000000000011100010011
00000100111001111010101000100011
11111110000001000010011110000011
00000100000001111010011000100011
11111110000001000010011000100011
00000010100000000000000001101111
11111110000001000010011100000011
11111110110001000010011110000011
00000010010001111000011110010011
00000000001001111001011110010011
00000000111101110000011110110011
00000000000001111010010000100011
11111110110001000010011110000011
00000000000101111000011110010011
11111110111101000010011000100011
11111110110001000010011100000011
00000000100000000000011110010011
11111100111001111101101011100011
00000000000000000000011000010011
00000000010000000000011110110111
00011111110001111000010110010011
11111110100001000010010100000011
00000000000000000000000000010011
00000000101000000000011110110011
00000000000001111000100001100011
11111110100001000010010100000011
00000000000000000000000000010011
11111110000001000010010000100011
11111110100001000010011110000011
00000000111100000000010100110011
00000010110000010010000010000011
00000010100000010010010000000011
00000011000000010000000100010011
00000000000000001000000001100111
11111110000000010000000100010011
00000000000100010010111000100011
00000000100000010010110000100011
00000010000000010000010000010011
11111110101001000010011000100011
11111110101101000010010000100011
11111110110001000010010100000011
00000000000000000000000000010011
00000000000000000000000000010011
00000001110000010010000010000011
00000001100000010010010000000011
00000010000000010000000100010011
00000000000000001000000001100111
11111110000000010000000100010011
00000000000100010010111000100011
00000000100000010010110000100011
00000010000000010000010000010011
11111110101001000010011000100011
11111110110001000010011110000011
00000001000001111010011110000011
00000111000001111010011110000011
11111110111101000010011000100011
11111110110001000010011110000011
00000010000001111010011110000011
00000000111100000000010110110011
11111110110001000010010100000011
00000000000000000000000000010011
00000000000100000000010110010011
11111110110001000010010100000011
00000000000000000000000000010011
11111110110001000010011110000011
00000110000001111010101000100011
11111110110001000010011110000011
00000010100001111010011100000011
11111110110001000010011110000011
00000000111001111010101000100011
11111110110001000010011110000011
00000001010001111010011110000011
00000000000001111010011100000011
11111110110001000010011110000011
00000000111001111010010000100011
11111110110001000010011110000011
00000000100001111010011100000011
11111110110001000010011110000011
00000000111001111010011000100011
11111110110001000010011110000011
00000010000001111001101100100011
11111110110001000010011110000011
00000011011001111101011100000011
11111110110001000010011110000011
00000010111001111001101000100011
00000000000000000000011000010011
00000000010000000001011110110111
10000100100001111000010110010011
11111110110001000010010100000011
00000000000000000000000000010011
00000000101000000000011110110011
11111000000001111001111011100011
11111110110001000010010100000011
00000000000000000000000000010011
00000000000000000000000000010011
00000001110000010010000010000011
00000001100000010010010000000011
00000010000000010000000100010011
00000000000000001000000001100111
