11111110000000010000000100010011
00000000000100010010111000100011
00000000100000010010110000100011
00000010000000010000010000010011
11111110101001000010011000100011
11111110101101000010010000100011
11111110110001000010011110000011
00000000000001111010011100000011
11111110110001000010011110000011
00000000110001111010011110000011
11111110100001000010011010000011
00000000111100000000011000110011
00010000000000010000011110110111
00000000000001111000010110010011
00000000111000000000010100110011
00000000000000000000000000010011
11111110110001000010011110000011
00000000000001111010011110000011
00000000001100000000010110010011
00000000111100000000010100110011
00000000000000000000000000010011
00000000000000000000000000010011
00000001110000010010000010000011
00000001100000010010010000000011
00000010000000010000000100010011
00000000000000001000000001100111
11111101000000010000000100010011
00000010000100010010011000100011
00000010100000010010010000100011
00000011000000010000010000010011
11111100101001000010111000100011
11111100101101000010110000100011
11111100110001000010101000100011
11111101110001000010011110000011
00000000010001111010011110000011
11111101010001000010011000000011
11111101100001000010010110000011
00000000111100000000010100110011
00000000000000000000000000010011
11111110101001000010011000100011
11111110110001000010011110000011
00000000000001111000101001100011
00010000000000010000011110110111
00000001110001111000010110010011
11111101110001000010010100000011
00000000000000000000000000010011
00000000000000000000000000010011
00000010110000010010000010000011
00000010100000010010010000000011
00000011000000010000000100010011
00000000000000001000000001100111
11111101000000010000000100010011
00000010000100010010011000100011
00000010100000010010010000100011
00000011000000010000010000010011
11111100101001000010111000100011
11111110111101000000011110010011
00000000000100000000011000010011
00000000111100000000010110110011
11111101110001000010010100000011
00000000000000000000000000010011
11111110111101000100011110000011
00000000111100000000010100110011
00000010110000010010000010000011
00000010100000010010010000000011
00000011000000010000000100010011
00000000000000001000000001100111
11111101000000010000000100010011
00000010000100010010011000100011
00000010100000010010010000100011
00000011000000010000010000010011
11111100101001000010111000100011
11111110110001000000011110010011
00000000010000000000011000010011
00000000111100000000010110110011
11111101110001000010010100000011
00000000000000000000000000010011
11111110110001000010011110000011
00000000000001111101101001100011
00010000000000010000011110110111
00000010110001111000010110010011
11111101110001000010010100000011
00000000000000000000000000010011
11111110110001000010011110000011
00000000111100000000010100110011
00000010110000010010000010000011
00000010100000010010010000000011
00000011000000010000000100010011
00000000000000001000000001100111
11111101000000010000000100010011
00000010000100010010011000100011
00000010100000010010010000100011
00000011000000010000010000010011
11111100101001000010111000100011
11111110100001000000011110010011
00000000100000000000011000010011
00000000111100000000010110110011
11111101110001000010010100000011
00000000000000000000000000010011
11111110100001000010011100000011
11111110110001000010011110000011
00000000111000000000010100110011
00000000111100000000010110110011
00000010110000010010000010000011
00000010100000010010010000000011
00000011000000010000000100010011
00000000000000001000000001100111
11111101000000010000000100010011
00000010000100010010011000100011
00000010100000010010010000100011
00000011000000010000010000010011
11111100101001000010111000100011
11111110100001000000011110010011
00000000010000000000011000010011
00000000111100000000010110110011
11111101110001000010010100000011
00000000000000000000000000010011
11111110100001000010011110000011
00000000000001111001011001100011
00000000000000000000011110010011
00000110010000000000000001101111
11111101110001000010011110000011
00000000000001111010011100000011
11111101110001000010011110000011
00000000100001111010011110000011
11111110100001000010011010000011
00000000110100000000011000110011
00000000111100000000010110110011
00000000111000000000010100110011
00000000000000000000000000010011
11111110101001000010011000100011
11111110100001000010011110000011
00000000111100000000011000110011
11111110110001000010010110000011
11111101110001000010010100000011
00000000000000000000000000010011
11111101110001000010011110000011
00000000000001111010011100000011
11111110100001000010011110000011
11111111111101111000011110010011
00000000111100000000011000110011
11111110110001000010010110000011
00000000111000000000010100110011
00000000000000000000000000010011
00000000101000000000011110110011
00000000111100000000010100110011
00000010110000010010000010000011
00000010100000010010010000000011
00000011000000010000000100010011
00000000000000001000000001100111
11111101000000010000000100010011
00000010000100010010011000100011
00000010100000010010010000100011
00000011000000010000010000010011
11111100101001000010111000100011
11111100101101000010110000100011
11111101110001000010010100000011
00000000000000000000000000010011
11111110101001000010011000100011
11111110110001000010011110000011
00000000000101111000011110010011
00000000111100000000011100110011
01000000000000000000011110110111
00000000000001111000011110010011
00000010111101110111100001100011
11111101110001000010011110000011
00000000000001111010011100000011
11111110110001000010011110000011
00000000001001111001011110010011
00000000111100000000011010110011
00000000000000000000011000010011
00000000000000000000010110010011
00000000111000000000010100110011
00000000000000000000000000010011
00000000101000000000011110110011
00000001100000000000000001101111
11111101110001000010011110000011
00000000000001111010011110000011
00000000111100000000010100110011
00000000000000000000000000010011
00000000101000000000011110110011
11111101100001000010011100000011
00000000111101110010011000100011
11111101100001000010011110000011
11111110110001000010011100000011
00000010111001111010011000100011
11111101100001000010011110000011
00000000110001111010011100000011
11111110110001000010011110000011
00000000001001111001011110010011
00000000111100000000011000110011
00000000111000000000010110110011
11111101110001000010010100000011
00000000000000000000000000010011
00000000000000000000000000010011
00000010110000010010000010000011
00000010100000010010010000000011
00000011000000010000000100010011
00000000000000001000000001100111
11111100000000010000000100010011
00000010000100010010111000100011
00000010100000010010110000100011
00000010100100010010101000100011
00000100000000010000010000010011
11111100101001000010011000100011
11111100101101000010010000100011
11111100110001000010010100000011
00000000000000000000000000010011
11111110101001000010010000100011
11111110100001000010011110000011
00000000000101111000011110010011
00000000111100000000011100110011
00010000000000000000011110110111
00000000000001111000011110010011
00000010111101110111100001100011
11111100110001000010011110000011
00000000000001111010011100000011
11111110100001000010011110000011
00000000010001111001011110010011
00000000111100000000011010110011
00000000000000000000011000010011
00000000000000000000010110010011
00000000111000000000010100110011
00000000000000000000000000010011
00000000101000000000011110110011
00000001100000000000000001101111
11111100110001000010011110000011
00000000000001111010011110000011
00000000111100000000010100110011
00000000000000000000000000010011
00000000101000000000011110110011
11111100100001000010011100000011
00000000111101110010010000100011
11111100100001000010011110000011
11111110100001000010011100000011
00000010111001111010010000100011
11111110000001000010011000100011
00000010100000000000000001101111
11111100100001000010011110000011
00000000100001111010011100000011
11111110110001000010011110000011
00000000010001111001011110010011
00000000111101110000011110110011
00000000000001111010010000100011
11111110110001000010011110000011
00000000000101111000011110010011
11111110111101000010011000100011
11111110110001000010011100000011
11111110100001000010011110000011
11111100111101110100101011100011
11111110000001000010011000100011
00010011010000000000000001101111
11111100100001000010011110000011
00000000100001111010011100000011
11111110110001000010011110000011
00000000010001111001011110010011
00000000111101110000011110110011
11111110111101000010001000100011
11111100110001000010010100000011
00000000000000000000000000010011
11111110101001000010000000100011
11111110000001000010011100000011
00000000010000000000011110010011
00001010111101110000110001100011
11111110000001000010011100000011
00000000010000000000011110010011
00001100111001111100110001100011
11111110000001000010011100000011
00000000001100000000011110010011
00000110111101110000011001100011
11111110000001000010011100000011
00000000001100000000011110010011
00001100111001111100000001100011
11111110000001000010011110000011
00000000000001111000101001100011
11111110000001000010011100000011
00000000000100000000011110010011
00000000111101110000101001100011
00001010100000000000000001101111
11111110010001000010011110000011
00000000000001111010010000100011
00001011000000000000000001101111
11111110010001000010011110000011
11111100111101000010101000100011
11111100110001000010010100000011
00000000000000000000000000010011
00000000101000000000011110110011
00000000111100000011011110110011
00001111111101111111011110010011
00000000111100000000011100110011
11111101010001000010011110000011
00000000111001111010000000100011
11111101010001000010011110000011
00000000000100000000011100010011
00000000111001111010010000100011
00000111100000000000000001101111
11111110010001000010011110000011
11111100111101000010110000100011
11111100110001000010010100000011
00000000000000000000000000010011
00000000101000000000011100110011
00000000101100000000011110110011
11111101100001000010011010000011
00000000111001101010000000100011
00000000111101101010001000100011
11111101100001000010011110000011
00000000001100000000011100010011
00000000111001111010010000100011
00000100010000000000000001101111
11111110010001000010011110000011
11111100111101000010111000100011
11111100110001000010010100000011
00000000000000000000000000010011
00000000101000000000011100110011
11111101110001000010011110000011
00000000111001111010000000100011
11111101110001000010011110000011
00000000010000000000011100010011
00000000111001111010010000100011
00000001100000000000000001101111
00010000000000010000011110110111
00000011100001111000010110010011
11111100110001000010010100000011
00000000000000000000000000010011
00000000000000000000000000010011
11111110110001000010011110000011
00000000000101111000011110010011
11111110111101000010011000100011
11111110110001000010011100000011
11111110100001000010011110000011
11101100111101110100010011100011
11111100110001000010010100000011
00000000000000000000000000010011
11111110101001000010010000100011
11111110100001000010011110000011
00000000000101111000011110010011
00000000111100000000011100110011
01000000000000000000011110110111
00000000000001111000011110010011
00000010111101110111100001100011
11111100110001000010011110000011
00000000000001111010011100000011
11111110100001000010011110000011
00000000001001111001011110010011
00000000111100000000011010110011
00000000000000000000011000010011
00000000000000000000010110010011
00000000111000000000010100110011
00000000000000000000000000010011
00000000101000000000011110110011
00000001100000000000000001101111
11111100110001000010011110000011
00000000000001111010011110000011
00000000111100000000010100110011
00000000000000000000000000010011
00000000101000000000011110110011
11111100100001000010011100000011
00000000111101110010100000100011
11111100100001000010011110000011
11111110100001000010011100000011
00000010111001111010101000100011
11111110000001000010011000100011
00000010100000000000000001101111
11111100100001000010011110000011
00000001000001111010011100000011
11111110110001000010011110000011
00000000001001111001011110010011
00000000111101110000011110110011
00000000000001111010000000100011
11111110110001000010011110000011
00000000000101111000011110010011
11111110111101000010011000100011
11111110110001000010011100000011
11111110100001000010011110000011
11111100111101110100101011100011
11111110000001000010011000100011
00000100000000000000000001101111
11111100100001000010011110000011
00000010000001111010011010000011
11111100100001000010011110000011
00000001000001111010011100000011
11111110110001000010011110000011
00000000001001111001011110010011
00000000111101110000010010110011
00000000110100000000010110110011
11111100110001000010010100000011
00000000000000000000000000010011
00000000101000000000011110110011
00000000111101001010000000100011
11111110110001000010011110000011
00000000000101111000011110010011
11111110111101000010011000100011
11111110110001000010011100000011
11111110100001000010011110000011
11111010111101110100111011100011
00000000000000000000000000010011
00000000000000000000000000010011
00000011110000010010000010000011
00000011100000010010010000000011
00000011010000010010010010000011
00000100000000010000000100010011
00000000000000001000000001100111
11111101000000010000000100010011
00000010000100010010011000100011
00000010100000010010010000100011
00000010100100010010001000100011
00000011000000010000010000010011
11111100101001000010111000100011
11111100101101000010110000100011
11111101110001000010010100000011
00000000000000000000000000010011
11111110101001000010010000100011
11111110100001000010011110000011
00000000000101111000011110010011
00000000111100000000011100110011
01000000000000000000011110110111
00000000000001111000011110010011
00000010111101110111100001100011
11111101110001000010011110000011
00000000000001111010011100000011
11111110100001000010011110000011
00000000001001111001011110010011
00000000111100000000011010110011
00000000000000000000011000010011
00000000000000000000010110010011
00000000111000000000010100110011
00000000000000000000000000010011
00000000101000000000011110110011
00000001100000000000000001101111
11111101110001000010011110000011
00000000000001111010011110000011
00000000111100000000010100110011
00000000000000000000000000010011
00000000101000000000011110110011
11111101100001000010011100000011
00000000111101110010101000100011
11111101100001000010011110000011
11111110100001000010011100000011
00000010111001111010100000100011
11111101100001000010011110000011
00000001010001111010011100000011
11111110100001000010011110000011
00000000001001111001011110010011
00000000111100000000011000110011
00000000111000000000010110110011
11111101110001000010010100000011
00000000000000000000000000010011
11111101110001000010010100000011
00000000000000000000000000010011
11111110101001000010010000100011
11111110100001000010011110000011
00000000000101111000011110010011
00000000111100000000011100110011
00010101010101010101011110110111
00000000000001111000011110010011
01010101010101111000011110010011
00000010111001111110110001100011
11111101110001000010011110000011
00000000000001111010010100000011
11111110100001000010011100000011
00000000111000000000011110110011
00000000000101111001011110010011
00000000111001111000011110110011
00000000001001111001011110010011
00000000111100000000011010110011
00000000000000000000011000010011
00000000000000000000010110010011
00000000000000000000000000010011
00000000101000000000011110110011
00000001100000000000000001101111
11111101110001000010011110000011
00000000000001111010011110000011
00000000111100000000010100110011
00000000000000000000000000010011
00000000101000000000011110110011
11111101100001000010011100000011
00000000111101110010110000100011
11111101100001000010011110000011
11111110100001000010011100000011
00000010111001111010110000100011
11111110000001000010011000100011
00000011010000000000000001101111
11111101100001000010011110000011
00000001100001111010011010000011
11111110110001000010011100000011
00000000111000000000011110110011
00000000000101111001011110010011
00000000111001111000011110110011
00000000001001111001011110010011
00000000111101101000011110110011
00000000000001111010000000100011
11111110110001000010011110000011
00000000000101111000011110010011
11111110111101000010011000100011
11111110110001000010011100000011
11111110100001000010011110000011
11111100111101110100010011100011
11111110000001000010011000100011
00001010000000000000000001101111
11111101100001000010011110000011
00000001100001111010011010000011
11111110110001000010011100000011
00000000111000000000011110110011
00000000000101111001011110010011
00000000111001111000011110110011
00000000001001111001011110010011
00000000111101101000010010110011
11111101110001000010010100000011
00000000000000000000000000010011
00000000101000000000011110110011
00000000111101001010000000100011
11111101100001000010011110000011
00000001100001111010011010000011
11111110110001000010011100000011
00000000111000000000011110110011
00000000000101111001011110010011
00000000111001111000011110110011
00000000001001111001011110010011
00000000111101101000010010110011
11111101110001000010010100000011
00000000000000000000000000010011
00000000101000000000011110110011
00000000111101001010001000100011
11111101100001000010011110000011
00000001100001111010011010000011
11111110110001000010011100000011
00000000111000000000011110110011
00000000000101111001011110010011
00000000111001111000011110110011
00000000001001111001011110010011
00000000111101101000010010110011
11111101110001000010010100000011
00000000000000000000000000010011
00000000101000000000011110110011
00000000111101001010010000100011
11111110110001000010011110000011
00000000000101111000011110010011
11111110111101000010011000100011
11111110110001000010011100000011
11111110100001000010011110000011
11110100111101110100111011100011
11111101110001000010010100000011
00000000000000000000000000010011
11111110101001000010010000100011
11111110100001000010011110000011
00000000000101111000011110010011
00000000111100000000011100110011
01000000000000000000011110110111
00000000000001111000011110010011
00000010111101110111100001100011
11111101110001000010011110000011
00000000000001111010011100000011
11111110100001000010011110000011
00000000001001111001011110010011
00000000111100000000011010110011
00000000000000000000011000010011
00000000000000000000010110010011
00000000111000000000010100110011
00000000000000000000000000010011
00000000101000000000011110110011
00000001100000000000000001101111
11111101110001000010011110000011
00000000000001111010011110000011
00000000111100000000010100110011
00000000000000000000000000010011
00000000101000000000011110110011
11111101100001000010011100000011
00000000111101110010111000100011
11111101100001000010011110000011
11111110100001000010011100000011
00000010111001111010001000100011
11111110000001000010011000100011
00000010100000000000000001101111
11111101100001000010011110000011
00000001110001111010011100000011
11111110110001000010011110000011
00000000001001111001011110010011
00000000111101110000011110110011
00000000000001111010000000100011
11111110110001000010011110000011
00000000000101111000011110010011
11111110111101000010011000100011
11111110110001000010011100000011
11111110100001000010011110000011
11111100111101110100101011100011
11111110000001000010011000100011
00000011010000000000000001101111
11111101100001000010011110000011
00000001110001111010011100000011
11111110110001000010011110000011
00000000001001111001011110010011
00000000111101110000010010110011
11111101110001000010010100000011
00000000000000000000000000010011
00000000101000000000011110110011
00000000111101001010000000100011
11111110110001000010011110000011
00000000000101111000011110010011
11111110111101000010011000100011
11111110110001000010011100000011
11111110100001000010011110000011
11111100111101110100010011100011
00000000000000000000000000010011
00000000000000000000000000010011
00000010110000010010000010000011
00000010100000010010010000000011
00000010010000010010010010000011
00000011000000010000000100010011
00000000000000001000000001100111
11111101000000010000000100010011
00000010000100010010011000100011
00000010100000010010010000100011
00000011000000010000010000010011
11111100101001000010111000100011
11111100101101000010110000100011
11111101110001000010011110000011
00000000000001111010011110000011
00000011010001111101011100000011
00000000000101110000011100010011
00000001000001110001011100010011
00000001000001110101011100010011
00000010111001111001101000100011
00000011010001111101011100000011
00001100100000000000011110010011
00000000111001111111101001100011
00010000000000010000011110110111
00000100100001111000010110010011
11111101110001000010010100000011
00000000000000000000000000010011
11111101110001000010011110000011
00000000000001111010011110000011
00000000111100000000010100110011
00000000000000000000000000010011
11111110101001000010011000100011
11111101110001000010011110000011
00000000000001111010011110000011
00000000100001111010011110000011
11111110111101000010010000100011
11111110100001000010011110000011
11111110110001000010011100000011
00000000111001111010000000100011
11111110100001000010011110000011
00000000100100000000011100010011
00000000111001111010010000100011
11111101110001000010011110000011
00000000000001111010011110000011
00000001110001111010011100000011
11111101110001000010011110000011
00000000000001111010011110000011
00000000100001111010011110000011
01000000111101110000011100110011
00000001000000000000011110010011
00000000111001111100110001100011
11111101110001000010011110000011
00000000000001111010011110000011
00000000000100000000010110010011
00000000111100000000010100110011
00000000000000000000000000010011
11111101110001000010011110000011
00000000000001111010011110000011
00000000100001111010011100000011
00000001000001110000011100010011
00000000111001111010010000100011
11111101110001000010010100000011
00000000000000000000000000010011
00000000101000000000011100110011
11111110110001000010011110000011
00000010111001111010000000100011
11111110110001000010011110000011
00000010000001111010011110000011
00000000000001111001100001100011
11111110110001000010011110000011
11111101100001000010011100000011
00000010111001111010000000100011
11111101110001000010010100000011
00000000000000000000000000010011
00000000101000000000011100110011
11111110110001000010011110000011
00000010111001111010111000100011
11111101110001000010010100000011
00000000000000000000000000010011
00000000101000000000011100110011
11111110110001000010011110000011
00000100111001111010000000100011
11111101110001000010010100000011
00000000000000000000000000010011
00000000101000000000011110110011
00001111111101111111011100010011
11111110110001000010011110000011
00000100111001111000010000100011
11111101110001000010010100000011
00000000000000000000000000010011
00000000101000000000011110110011
00001111111101111111011100010011
11111110110001000010011110000011
00000100111001111000010010100011
11111101110001000010010100000011
00000000000000000000000000010011
00000000101000000000011110110011
00001111111101111111011100010011
11111110110001000010011110000011
00000100111001111000010100100011
11111101110001000010010100000011
00000000000000000000000000010011
00000000101000000000011110110011
00001111111101111111011100010011
11111110110001000010011110000011
00000100111001111000010110100011
11111110110001000010010110000011
11111101110001000010010100000011
00000000000000000000000000010011
11111110110001000010010110000011
11111101110001000010010100000011
00000000000000000000000000010011
11111110110001000010010110000011
11111101110001000010010100000011
00000000000000000000000000010011
11111110110001000010010100000011
00000000000000000000000000010011
00000000101000000000011110110011
00000000000001111001101001100011
00010000000000010000011110110111
00000101100001111000010110010011
11111101110001000010010100000011
00000000000000000000000000010011
11111101110001000010011110000011
00000000000001111010011110000011
00000000100001111010011100000011
11111111000001110000011100010011
00000000111001111010010000100011
11111101110001000010011110000011
00000000000001111010011110000011
00000011010001111101011100000011
11111111111101110000011100010011
00000001000001110001011100010011
00000001000001110101011100010011
00000010111001111001101000100011
11111110110001000010011110000011
00000000111100000000010100110011
00000010110000010010000010000011
00000010100000010010010000000011
00000011000000010000000100010011
00000000000000001000000001100111
11111100000000010000000100010011
00000010000100010010111000100011
00000010100000010010110000100011
00000100000000010000010000010011
11111100101001000010011000100011
11111110010001000000011110010011
00000000111100000000010100110011
00000000000000000000000000010011
11111101100001000000011110010011
00000000110000000000011000010011
00000000111100000000010110110011
11111100110001000010010100000011
00000000000000000000000000010011
11111101100001000000011100010011
11111110010001000000011110010011
00000000110000000000011000010011
00000000111000000000010110110011
00000000111100000000010100110011
00000000000000000000000000010011
00000000101000000000011110110011
00000000000001111000101001100011
00010000000000010000011110110111
00000110010001111000010110010011
11111100110001000010010100000011
00000000000000000000000000010011
00000000000000000000000000010011
00000011110000010010000010000011
00000011100000010010010000000011
00000100000000010000000100010011
00000000000000001000000001100111
11111101000000010000000100010011
00000010000100010010011000100011
00000010100000010010010000100011
00000011000000010000010000010011
11111100101001000010111000100011
11111100101101000010110000100011
11111100110001000010101000100011
11111100110101000010100000100011
11111101000001000010011110000011
00000000000001111100011100000011
00000100000000000000011110010011
00000000111101110000101001100011
11111101000001000010011110000011
00000000000001111100011100000011
00000011110100000000011110010011
00000000111101110001101001100011
11111101000001000010011110000011
00000000000101111000011110010011
11111110111101000010011000100011
00000010110000000000000001101111
11111101000001000010011110000011
00000000000001111100011100000011
00000001101100000000011110010011
00000000111101110001101001100011
00010000000000010000011110110111
00000111000001111000011110010011
11111110111101000010011000100011
00000000110000000000000001101111
11111101000001000010011110000011
11111110111101000010011000100011
11111101110001000010011110000011
11111110111101000010000000100011
11111101100001000010011110000011
11111110111101000010001000100011
11111101010001000010011110000011
11111110111101000010010000100011
11111110000001000000011110010011
00000000111100000000010100110011
00000000000000000000000000010011
00000000001000000000011000010011
00010000000000010000011110110111
00001000000001111000010110010011
11111101110001000010010100000011
00000000000000000000000000010011
00000000101000000000011100110011
11111110000001000000011110010011
00000000111000000000010110110011
00000000111100000000010100110011
00000000000000000000000000010011
00000000101000000000011110110011
00000000111100000000010100110011
00000010110000010010000010000011
00000010100000010010010000000011
00000011000000010000000100010011
00000000000000001000000001100111
11111101000000010000000100010011
00000010000100010010011000100011
00000010100000010010010000100011
00000011000000010000010000010011
11111100101001000010111000100011
00000000000100000000011110010011
11111110111101000010011000100011
00000000010000000000011000010011
00010000000000010000011110110111
00001000010001111000010110010011
11111101110001000010010100000011
00000000000000000000000000010011
11111101110001000010011110000011
00000000010001111000011110010011
11111100111101000010111000100011
11111101110001000010011110000011
00000000000101111000011100010011
11111100111001000010111000100011
00000101000100000000011100010011
00000000111001111000000000100011
11111101110001000010011110000011
00000000000101111000011100010011
11111100111001000010111000100011
00000000000001111000000000100011
11111110110001000000011100010011
11111101110001000010011110000011
00000000000101111000011010010011
11111100110101000010111000100011
00000000000001110100011100000011
00000000111001111000000000100011
11111101110001000010011110000011
00000000000101111000011100010011
11111100111001000010111000100011
00000000010000000000011100010011
00000000111001111000000000100011
11111101110001000010011110000011
00000000000101111000011100010011
11111100111001000010111000100011
00000000010000000000011100010011
00000000111001111000000000100011
11111101110001000010011110000011
00000000000101111000011100010011
11111100111001000010111000100011
00000000010000000000011100010011
00000000111001111000000000100011
11111101110001000010011110000011
00000000000101111000011100010011
11111100111001000010111000100011
00000000100000000000011100010011
00000000111001111000000000100011
11111101110001000010011110000011
00000000000101111000011100010011
11111100111001000010111000100011
00000000000001111000000000100011
00000000000000000000000000010011
00000010110000010010000010000011
00000010100000010010010000000011
00000011000000010000000100010011
00000000000000001000000001100111
