11111100000000010000000100010011
00000010000100010010111000100011
00000010100000010010110000100011
00000010100100010010101000100011
00000100000000010000010000010011
11111100101001000010011000100011
11111100110001000010010110000011
00010000000000010000011110110111
00000000000001111000010100010011
00000000000000000000000000010011
00000000110000000000010100010011
00000000000000000000000000010011
00000000101000000000011110110011
11111110111101000010000000100011
11111110000001000010011110000011
00000000000001111010000000100011
11111110000001000010011110000011
00000000000001111010001000100011
11111110000001000010011110000011
00000000000001111010010000100011
00010000000000010000011110110111
00000001100001111000010110010011
11111100110001000010010100000011
00000000000000000000000000010011
11111100101001000010111000100011
11111110000001000010010000100011
11111110000001000010001000100011
00011011100000000000000001101111
11111110000001000010011110000011
00000000000001111010011100000011
11111110100001000010011110000011
00000000000101111000011110010011
00000000010001111001011110010011
00000000111100000000010110110011
00000000111000000000010100110011
00000000000000000000000000010011
00000000101000000000011100110011
11111110000001000010011110000011
00000000111001111010000000100011
11111110000001000010011110000011
00000000000001111010011100000011
11111110100001000010011110000011
00000000010001111001011110010011
00000000111101110000011110110011
11111101100001000010011100000011
00000000111001111010010000100011
11111110000001000010011110000011
00000000000001111010011100000011
11111110100001000010011110000011
00000000010001111001011110010011
00000000111101110000011110110011
00000000000001111010011000100011
11111101100001000010011110000011
00000000001001111001011010010011
11111110000001000010011110000011
00000000000001111010011100000011
11111110100001000010011110000011
00000000010001111001011110010011
00000000111101110000010010110011
00000000110100000000010100110011
00000000000000000000000000010011
00000000101000000000011110110011
00000000111101001010000000100011
11111101100001000010011110000011
00000000001001111001011010010011
11111110000001000010011110000011
00000000000001111010011100000011
11111110100001000010011110000011
00000000010001111001011110010011
00000000111101110000010010110011
00000000110100000000010100110011
00000000000000000000000000010011
00000000101000000000011110110011
00000000111101001010001000100011
11111110000001000010011000100011
00001110000000000000000001101111
11111101010001000000011100010011
11111101000001000000011110010011
00000000111000000000011010110011
00000000111100000000011000110011
00010000000000010000011110110111
00000001110001111000010110010011
11111101110001000010010100000011
00000000000000000000000000010011
11111101000001000010011110000011
11111100111101000010100000100011
11111110000001000010011110000011
00000000000001111010011100000011
11111110100001000010011110000011
00000000010001111001011110010011
00000000111101110000011110110011
00000000000001111010011100000011
11111110110001000010011110000011
00000000001001111001011110010011
00000000111101110000011110110011
11111101000001000010011100000011
00000000111001111010000000100011
11111110000001000010011110000011
00000000000001111010011100000011
11111110100001000010011110000011
00000000010001111001011110010011
00000000111101110000011110110011
00000000010001111010011100000011
11111110110001000010011110000011
00000000001001111001011110010011
00000000111101110000011110110011
11111101010001000010011100000011
00000000111001111010000000100011
11111110000001000010011110000011
00000000000001111010011100000011
11111110100001000010011110000011
00000000010001111001011110010011
00000000111101110000011110110011
00000000110001111010011010000011
11111101010001000010011100000011
11111110000001000010011110000011
00000000000001111010011000000011
11111110100001000010011110000011
00000000010001111001011110010011
00000000111101100000011110110011
00000000111001101000011100110011
00000000111001111010011000100011
11111101000001000010011110000011
11111110010001000010011100000011
00000000111001111100100001100011
11111101000001000010011110000011
00000000000101111000011110010011
11111110111101000010001000100011
11111110110001000010011110000011
00000000000101111000011110010011
11111110111101000010011000100011
11111101100001000010011110000011
11111110110001000010011100000011
11110000111101110100111011100011
11111110100001000010011110000011
00000000000101111000011110010011
11111110111101000010010000100011
11111101100001000000011110010011
00000000111100000000011000110011
00010000000000010000011110110111
00000010100001111000010110010011
11111101110001000010010100000011
00000000000000000000000000010011
00000000101000000000011100110011
11111111111100000000011110010011
11100010111101110001011011100011
11111101110001000010010100000011
00000000000000000000000000010011
11111110000001000010011110000011
11111110100001000010011100000011
00000000111001111010010000100011
11111110000001000010011110000011
11111110010001000010011100000011
00000000111001111010001000100011
11111110100001000010010110000011
00010000000000010000011110110111
00000011000001111000010100010011
00000000000000000000000000010011
11111110010001000010010110000011
00010000000000010000011110110111
00000100100001111000010100010011
00000000000000000000000000010011
11111110000001000010011110000011
00000000111100000000010100110011
00000011110000010010000010000011
00000011100000010010010000000011
00000011010000010010010010000011
00000100000000010000000100010011
00000000000000001000000001100111
11111101000000010000000100010011
00000010100000010010011000100011
00000011000000010000010000010011
11111100101001000010111000100011
11111110000001000010010000100011
11111110000001000010011000100011
00000100110000000000000001101111
11111101110001000010011110000011
00000000000001111010011100000011
11111110110001000010011110000011
00000000010001111001011110010011
00000000111101110000011110110011
00000000100001111010011110000011
11111110100001000010011100000011
00000010111101110101000001100011
11111101110001000010011110000011
00000000000001111010011100000011
11111110110001000010011110000011
00000000010001111001011110010011
00000000111101110000011110110011
00000000100001111010011110000011
11111110111101000010010000100011
11111110110001000010011110000011
00000000000101111000011110010011
11111110111101000010011000100011
11111101110001000010011110000011
00000000100001111010011110000011
11111110110001000010011100000011
11111010111101110100011011100011
11111110100001000010011110000011
00000000111100000000010100110011
00000010110000010010010000000011
00000011000000010000000100010011
00000000000000001000000001100111
