11111110000000010000000100010011
00000000100000010010111000100011
00000010000000010000010000010011
00000000101000000000011110110011
11111110111101000001011100100011
11111110111001000101011110000011
00000000100001111001011110010011
00000001000001111001011100010011
01000001000001110101011100010011
11111110111001000101011110000011
00000000100001111101011110010011
00000001000001111001011110010011
00000001000001111101011110010011
00000001000001111001011110010011
01000001000001111101011110010011
00000000111101110110011110110011
00000001000001111001011110010011
01000001000001111101011110010011
00000001000001111001011110010011
00000001000001111101011110010011
00000000111100000000010100110011
00000001110000010010010000000011
00000010000000010000000100010011
00000000000000001000000001100111
11111110000000010000000100010011
00000000100000010010111000100011
00000010000000010000010000010011
11111110101001000010011000100011
11111110110001000010011110000011
00000001100001111001011100010011
11111110110001000010011110000011
00000000100001111001011010010011
00000000111111110000011110110111
00000000000001111000011110010011
00000000111101101111011110110011
00000000111101110110011100110011
11111110110001000010011110000011
00000000100001111101011010010011
00000000000000010000011110110111
00000000000001111000011110010011
11110000000001111000011110010011
00000000111101101111011110110011
00000000111101110110011100110011
11111110110001000010011110000011
00000001100001111101011110010011
00000000111101110110011110110011
00000000111100000000010100110011
00000001110000010010010000000011
00000010000000010000000100010011
00000000000000001000000001100111
11111101000000010000000100010011
00000010000100010010011000100011
00000010100000010010010000100011
00000011001000010010001000100011
00000011001100010010000000100011
00000011000000010000010000010011
11111100101001000010110000100011
11111100101101000010111000100011
11111101100001000010011110000011
11111110111101000010011000100011
11111101110001000010011110000011
00000000000001111101011110010011
11111100111101000010110000100011
11111100000001000010111000100011
11111101100001000010011110000011
11111110111101000010010000100011
11111110110001000010010100000011
00000000000000000000000000010011
00000000101000000000011110110011
11111100111101000010110000100011
11111100000001000010111000100011
11111101100001000010011110000011
00000000000001111001011110010011
11111100111101000010111000100011
11111100000001000010110000100011
11111110100001000010010100000011
00000000000000000000000000010011
00000000101000000000011110110011
00000000111100000000100100110011
00000000000000000000100110010011
11111101100001000010011110000011
00000001001001111110011110110011
11111100111101000010110000100011
11111101110001000010011110000011
00000001001101111110011110110011
11111100111101000010111000100011
11111101100001000010011100000011
11111101110001000010011110000011
00000000111000000000010100110011
00000000111100000000010110110011
00000010110000010010000010000011
00000010100000010010010000000011
00000010010000010010100100000011
00000010000000010010100110000011
00000011000000010000000100010011
00000000000000001000000001100111
11111110000000010000000100010011
00000000100000010010111000100011
00000010000000010000010000010011
00000000101000000000011110110011
11111110111101000001011100100011
11111110111001000101011110000011
00000000111100000000010100110011
00000001110000010010010000000011
00000010000000010000000100010011
00000000000000001000000001100111
11111110000000010000000100010011
00000000100000010010111000100011
00000010000000010000010000010011
00000000101000000000011110110011
11111110111101000001011100100011
11111110111001000001011110000011
00000000111100000000010100110011
00000001110000010010010000000011
00000010000000010000000100010011
00000000000000001000000001100111
11111110000000010000000100010011
00000000100000010010111000100011
00000010000000010000010000010011
11111110101001000010011000100011
11111110110001000010011110000011
00000000111100000000010100110011
00000001110000010010010000000011
00000010000000010000000100010011
00000000000000001000000001100111
11111110000000010000000100010011
00000000100000010010111000100011
00000010000000010000010000010011
11111110101001000010011000100011
11111110110001000010011110000011
00000000111100000000010100110011
00000001110000010010010000000011
00000010000000010000000100010011
00000000000000001000000001100111
11111110000000010000000100010011
00000000100000010010111000100011
00000010000000010000010000010011
11111110101001000010010000100011
11111110101101000010011000100011
11111110100001000010011100000011
11111110110001000010011110000011
00000000111000000000010100110011
00000000111100000000010110110011
00000001110000010010010000000011
00000010000000010000000100010011
00000000000000001000000001100111
11111110000000010000000100010011
00000000100000010010111000100011
00000010000000010000010000010011
11111110101001000010010000100011
11111110101101000010011000100011
11111110100001000010011100000011
11111110110001000010011110000011
00000000111000000000010100110011
00000000111100000000010110110011
00000001110000010010010000000011
00000010000000010000000100010011
00000000000000001000000001100111
11111110000000010000000100010011
00000000000100010010111000100011
00000000100000010010110000100011
00000010000000010000010000010011
00000000101000000000011110110011
11111110111101000001011100100011
11111110111001000101011110000011
00000000111100000000010100110011
00000000000000000000000000010011
00000000101000000000011110110011
00000000111100000000010100110011
00000001110000010010000010000011
00000001100000010010010000000011
00000010000000010000000100010011
00000000000000001000000001100111
11111110000000010000000100010011
00000000000100010010111000100011
00000000100000010010110000100011
00000010000000010000010000010011
00000000101000000000011110110011
11111110111101000001011100100011
11111110111001000101011110000011
00000000111100000000010100110011
00000000000000000000000000010011
00000000101000000000011110110011
00000001000001111001011110010011
01000001000001111101011110010011
00000000111100000000010100110011
00000001110000010010000010000011
00000001100000010010010000000011
00000010000000010000000100010011
00000000000000001000000001100111
11111110000000010000000100010011
00000000000100010010111000100011
00000000100000010010110000100011
00000010000000010000010000010011
11111110101001000010011000100011
11111110110001000010010100000011
00000000000000000000000000010011
00000000101000000000011110110011
00000000111100000000010100110011
00000001110000010010000010000011
00000001100000010010010000000011
00000010000000010000000100010011
00000000000000001000000001100111
11111110000000010000000100010011
00000000000100010010111000100011
00000000100000010010110000100011
00000010000000010000010000010011
11111110101001000010011000100011
11111110110001000010011110000011
00000000111100000000010100110011
00000000000000000000000000010011
00000000101000000000011110110011
00000000111100000000010100110011
00000001110000010010000010000011
00000001100000010010010000000011
00000010000000010000000100010011
00000000000000001000000001100111
11111110000000010000000100010011
00000000000100010010111000100011
00000000100000010010110000100011
00000010000000010000010000010011
11111110101001000010010000100011
11111110101101000010011000100011
11111110100001000010010100000011
11111110110001000010010110000011
00000000000000000000000000010011
00000000101000000000011100110011
00000000101100000000011110110011
00000000111000000000010100110011
00000000111100000000010110110011
00000001110000010010000010000011
00000001100000010010010000000011
00000010000000010000000100010011
00000000000000001000000001100111
11111110000000010000000100010011
00000000000100010010111000100011
00000000100000010010110000100011
00000010000000010000010000010011
11111110101001000010010000100011
11111110101101000010011000100011
11111110100001000010011100000011
11111110110001000010011110000011
00000000111000000000010100110011
00000000111100000000010110110011
00000000000000000000000000010011
00000000101000000000011100110011
00000000101100000000011110110011
00000000111000000000010100110011
00000000111100000000010110110011
00000001110000010010000010000011
00000001100000010010010000000011
00000010000000010000000100010011
00000000000000001000000001100111
11111101000000010000000100010011
00000010000100010010011000100011
00000010100000010010010000100011
00000011001000010010001000100011
00000011001100010010000000100011
00000001010000010010111000100011
00000001010100010010110000100011
00000011000000010000010000010011
11111100101001000010111000100011
11111100101101000010110000100011
11111100110001000010101000100011
11111101010001000010011010000011
00000000110100000000011100110011
00000000000000000000011110010011
00000000111000000000011000110011
00000000111100000000011010110011
11111101100001000010010110000011
11111101110001000010010100000011
00000000000000000000000000010011
00000000101000000000011100110011
00000000101100000000011110110011
11111101010001000010011010000011
00000000110100000000101000110011
00000000000000000000101010010011
00000001010001110100100100110011
00000001010101111100100110110011
00000001001110010110011110110011
00000000000101111011011110010011
00001111111101111111011110010011
00000000111100000000010100110011
00000010110000010010000010000011
00000010100000010010010000000011
00000010010000010010100100000011
00000010000000010010100110000011
00000001110000010010101000000011
00000001100000010010101010000011
00000011000000010000000100010011
00000000000000001000000001100111
11111101000000010000000100010011
00000010000100010010011000100011
00000010100000010010010000100011
00000011000000010000010000010011
11111100101001000010111000100011
11111100101101000010110000100011
11111101100001000010011110000011
00000000000001111001101001100011
00000000100100000000010100010011
00000000000000000000000000010011
00000000000000000000011110010011
00000100100000000000000001101111
11111110111001000000011110010011
00000000001000000000011000010011
00000000111100000000010110110011
11111101110001000010010100000011
00000000000000000000000000010011
00000000101000000000011110110011
00000000000001111001011001100011
00000000000000000000011110010011
00000010010000000000000001101111
11111110111001000001011110000011
00000000111100000000010100110011
00000000000000000000000000010011
00000000101000000000011110110011
00000000111100000000011100110011
11111101100001000010011110000011
00000000111001111001000000100011
00000000000100000000011110010011
00000000111100000000010100110011
00000010110000010010000010000011
00000010100000010010010000000011
00000011000000010000000100010011
00000000000000001000000001100111
11111101000000010000000100010011
00000010000100010010011000100011
00000010100000010010010000100011
00000011000000010000010000010011
11111100101001000010111000100011
11111100101101000010110000100011
11111101100001000010011110000011
00000000000001111001101001100011
00000000100100000000010100010011
00000000000000000000000000010011
00000000000000000000011110010011
00000100100000000000000001101111
11111110111001000000011110010011
00000000001000000000011000010011
00000000111100000000010110110011
11111101110001000010010100000011
00000000000000000000000000010011
00000000101000000000011110110011
00000000000001111001011001100011
00000000000000000000011110010011
00000010010000000000000001101111
11111110111001000101011110000011
00000000111100000000010100110011
00000000000000000000000000010011
00000000101000000000011110110011
00000000111100000000011100110011
11111101100001000010011110000011
00000000111001111001000000100011
00000000000100000000011110010011
00000000111100000000010100110011
00000010110000010010000010000011
00000010100000010010010000000011
00000011000000010000000100010011
00000000000000001000000001100111
11111101000000010000000100010011
00000010000100010010011000100011
00000010100000010010010000100011
00000011000000010000010000010011
11111100101001000010111000100011
11111100101101000010110000100011
11111101100001000010011110000011
00000000000001111001101001100011
00000000100100000000010100010011
00000000000000000000000000010011
00000000000000000000011110010011
00000100100000000000000001101111
11111110111001000000011110010011
00000000001000000000011000010011
00000000111100000000010110110011
11111101110001000010010100000011
00000000000000000000000000010011
00000000101000000000011110110011
00000000000001111001011001100011
00000000000000000000011110010011
00000010010000000000000001101111
11111110111001000001011110000011
00000000111100000000010100110011
00000000000000000000000000010011
00000000101000000000011110110011
00000000111100000000011100110011
11111101100001000010011110000011
00000000111001111001000000100011
00000000000100000000011110010011
00000000111100000000010100110011
00000010110000010010000010000011
00000010100000010010010000000011
00000011000000010000000100010011
00000000000000001000000001100111
11111101000000010000000100010011
00000010000100010010011000100011
00000010100000010010010000100011
00000011000000010000010000010011
11111100101001000010111000100011
11111100101101000010110000100011
11111101100001000010011110000011
00000000000001111001101001100011
00000000100100000000010100010011
00000000000000000000000000010011
00000000000000000000011110010011
00000100100000000000000001101111
11111110111001000000011110010011
00000000001000000000011000010011
00000000111100000000010110110011
11111101110001000010010100000011
00000000000000000000000000010011
00000000101000000000011110110011
00000000000001111001011001100011
00000000000000000000011110010011
00000010010000000000000001101111
11111110111001000101011110000011
00000000111100000000010100110011
00000000000000000000000000010011
00000000101000000000011110110011
00000000111100000000011100110011
11111101100001000010011110000011
00000000111001111001000000100011
00000000000100000000011110010011
00000000111100000000010100110011
00000010110000010010000010000011
00000010100000010010010000000011
00000011000000010000000100010011
00000000000000001000000001100111
11111101000000010000000100010011
00000010000100010010011000100011
00000010100000010010010000100011
00000011000000010000010000010011
11111100101001000010111000100011
11111100101101000010110000100011
11111101100001000010011110000011
00000000000001111001101001100011
00000000100100000000010100010011
00000000000000000000000000010011
00000000000000000000011110010011
00000100010000000000000001101111
11111110110001000000011110010011
00000000010000000000011000010011
00000000111100000000010110110011
11111101110001000010010100000011
00000000000000000000000000010011
00000000101000000000011110110011
00000000000001111001011001100011
00000000000000000000011110010011
00000010000000000000000001101111
11111110110001000010011110000011
00000000111100000000010100110011
00000000000000000000000000010011
00000000101000000000011100110011
11111101100001000010011110000011
00000000111001111010000000100011
00000000000100000000011110010011
00000000111100000000010100110011
00000010110000010010000010000011
00000010100000010010010000000011
00000011000000010000000100010011
00000000000000001000000001100111
11111101000000010000000100010011
00000010000100010010011000100011
00000010100000010010010000100011
00000011000000010000010000010011
11111100101001000010111000100011
11111100101101000010110000100011
11111101100001000010011110000011
00000000000001111001101001100011
00000000100100000000010100010011
00000000000000000000000000010011
00000000000000000000011110010011
00000100010000000000000001101111
11111110110001000000011110010011
00000000010000000000011000010011
00000000111100000000010110110011
11111101110001000010010100000011
00000000000000000000000000010011
00000000101000000000011110110011
00000000000001111001011001100011
00000000000000000000011110010011
00000010000000000000000001101111
11111110110001000010011110000011
00000000111100000000010100110011
00000000000000000000000000010011
00000000101000000000011100110011
11111101100001000010011110000011
00000000111001111010000000100011
00000000000100000000011110010011
00000000111100000000010100110011
00000010110000010010000010000011
00000010100000010010010000000011
00000011000000010000000100010011
00000000000000001000000001100111
11111101000000010000000100010011
00000010000100010010011000100011
00000010100000010010010000100011
00000011000000010000010000010011
11111100101001000010111000100011
11111100101101000010110000100011
11111101100001000010011110000011
00000000000001111001101001100011
00000000100100000000010100010011
00000000000000000000000000010011
00000000000000000000011110010011
00000100010000000000000001101111
11111110110001000000011110010011
00000000010000000000011000010011
00000000111100000000010110110011
11111101110001000010010100000011
00000000000000000000000000010011
00000000101000000000011110110011
00000000000001111001011001100011
00000000000000000000011110010011
00000010000000000000000001101111
11111110110001000010011110000011
00000000111100000000010100110011
00000000000000000000000000010011
00000000101000000000011100110011
11111101100001000010011110000011
00000000111001111010000000100011
00000000000100000000011110010011
00000000111100000000010100110011
00000010110000010010000010000011
00000010100000010010010000000011
00000011000000010000000100010011
00000000000000001000000001100111
11111101000000010000000100010011
00000010000100010010011000100011
00000010100000010010010000100011
00000011000000010000010000010011
11111100101001000010111000100011
11111100101101000010110000100011
11111101100001000010011110000011
00000000000001111001101001100011
00000000100100000000010100010011
00000000000000000000000000010011
00000000000000000000011110010011
00000100010000000000000001101111
11111110110001000000011110010011
00000000010000000000011000010011
00000000111100000000010110110011
11111101110001000010010100000011
00000000000000000000000000010011
00000000101000000000011110110011
00000000000001111001011001100011
00000000000000000000011110010011
00000010000000000000000001101111
11111110110001000010011110000011
00000000111100000000010100110011
00000000000000000000000000010011
00000000101000000000011100110011
11111101100001000010011110000011
00000000111001111010000000100011
00000000000100000000011110010011
00000000111100000000010100110011
00000010110000010010000010000011
00000010100000010010010000000011
00000011000000010000000100010011
00000000000000001000000001100111
11111101000000010000000100010011
00000010000100010010011000100011
00000010100000010010010000100011
00000011000000010000010000010011
11111100101001000010111000100011
11111100101101000010110000100011
11111101100001000010011110000011
00000000000001111001101001100011
00000000100100000000010100010011
00000000000000000000000000010011
00000000000000000000011110010011
00000101010000000000000001101111
11111110100001000000011110010011
00000000100000000000011000010011
00000000111100000000010110110011
11111101110001000010010100000011
00000000000000000000000000010011
00000000101000000000011110110011
00000000000001111001011001100011
00000000000000000000011110010011
00000011000000000000000001101111
11111110100001000010011100000011
11111110110001000010011110000011
00000000111000000000010100110011
00000000111100000000010110110011
00000000000000000000000000010011
00000000101000000000011100110011
00000000101100000000011110110011
11111101100001000010011010000011
00000000111001101010000000100011
00000000111101101010001000100011
00000000000100000000011110010011
00000000111100000000010100110011
00000010110000010010000010000011
00000010100000010010010000000011
00000011000000010000000100010011
00000000000000001000000001100111
11111101000000010000000100010011
00000010000100010010011000100011
00000010100000010010010000100011
00000011000000010000010000010011
11111100101001000010111000100011
11111100101101000010110000100011
11111101100001000010011110000011
00000000000001111001101001100011
00000000100100000000010100010011
00000000000000000000000000010011
00000000000000000000011110010011
00000101010000000000000001101111
11111110100001000000011110010011
00000000100000000000011000010011
00000000111100000000010110110011
11111101110001000010010100000011
00000000000000000000000000010011
00000000101000000000011110110011
00000000000001111001011001100011
00000000000000000000011110010011
00000011000000000000000001101111
11111110100001000010011100000011
11111110110001000010011110000011
00000000111000000000010100110011
00000000111100000000010110110011
00000000000000000000000000010011
00000000101000000000011100110011
00000000101100000000011110110011
11111101100001000010011010000011
00000000111001101010000000100011
00000000111101101010001000100011
00000000000100000000011110010011
00000000111100000000010100110011
00000010110000010010000010000011
00000010100000010010010000000011
00000011000000010000000100010011
00000000000000001000000001100111
11111101000000010000000100010011
00000010000100010010011000100011
00000010100000010010010000100011
00000011000000010000010000010011
11111100101001000010111000100011
11111100101101000010110000100011
11111101100001000010011110000011
00000000000001111001101001100011
00000000100100000000010100010011
00000000000000000000000000010011
00000000000000000000011110010011
00000101010000000000000001101111
11111110100001000000011110010011
00000000100000000000011000010011
00000000111100000000010110110011
11111101110001000010010100000011
00000000000000000000000000010011
00000000101000000000011110110011
00000000000001111001011001100011
00000000000000000000011110010011
00000011000000000000000001101111
11111110100001000010011100000011
11111110110001000010011110000011
00000000111000000000010100110011
00000000111100000000010110110011
00000000000000000000000000010011
00000000101000000000011100110011
00000000101100000000011110110011
11111101100001000010011010000011
00000000111001101010000000100011
00000000111101101010001000100011
00000000000100000000011110010011
00000000111100000000010100110011
00000010110000010010000010000011
00000010100000010010010000000011
00000011000000010000000100010011
00000000000000001000000001100111
11111101000000010000000100010011
00000010000100010010011000100011
00000010100000010010010000100011
00000011000000010000010000010011
11111100101001000010111000100011
11111100101101000010110000100011
11111101100001000010011110000011
00000000000001111001101001100011
00000000100100000000010100010011
00000000000000000000000000010011
00000000000000000000011110010011
00000101010000000000000001101111
11111110100001000000011110010011
00000000100000000000011000010011
00000000111100000000010110110011
11111101110001000010010100000011
00000000000000000000000000010011
00000000101000000000011110110011
00000000000001111001011001100011
00000000000000000000011110010011
00000011000000000000000001101111
11111110100001000010011100000011
11111110110001000010011110000011
00000000111000000000010100110011
00000000111100000000010110110011
00000000000000000000000000010011
00000000101000000000011100110011
00000000101100000000011110110011
11111101100001000010011010000011
00000000111001101010000000100011
00000000111101101010001000100011
00000000000100000000011110010011
00000000111100000000010100110011
00000010110000010010000010000011
00000010100000010010010000000011
00000011000000010000000100010011
00000000000000001000000001100111
11111101000000010000000100010011
00000010000100010010011000100011
00000010100000010010010000100011
00000011001000010010001000100011
00000011001100010010000000100011
00000001010000010010111000100011
00000001010100010010110000100011
00000011000000010000010000010011
11111100101001000010111000100011
11111100101101000010110000100011
11111100110001000010101000100011
11111101010001000010011010000011
00000000110100000000011100110011
00000000000000000000011110010011
00000000111000000000011000110011
00000000111100000000011010110011
11111101100001000010010110000011
11111101110001000010010100000011
00000000000000000000000000010011
00000000101000000000011100110011
00000000101100000000011110110011
11111101010001000010011010000011
00000000110100000000101000110011
00000000000000000000101010010011
00000001010001110100100100110011
00000001010101111100100110110011
00000001001110010110011110110011
00000000000101111011011110010011
00001111111101111111011110010011
00000000111100000000010100110011
00000010110000010010000010000011
00000010100000010010010000000011
00000010010000010010100100000011
00000010000000010010100110000011
00000001110000010010101000000011
00000001100000010010101010000011
00000011000000010000000100010011
00000000000000001000000001100111
11111101000000010000000100010011
00000010000100010010011000100011
00000010100000010010010000100011
00000011000000010000010000010011
11111100101001000010111000100011
00000000101100000000011110110011
11111100111101000001110100100011
11111101101001000001011110000011
00000000111100000000010100110011
00000000000000000000000000010011
00000000101000000000011110110011
11111110111101000001011100100011
11111110111001000000011110010011
00000000001000000000011000010011
00000000111100000000010110110011
11111101110001000010010100000011
00000000000000000000000000010011
00000000101000000000011110110011
00000000000001111001011001100011
00000000000000000000011110010011
00000000100000000000000001101111
00000000000100000000011110010011
00000000111100000000010100110011
00000010110000010010000010000011
00000010100000010010010000000011
00000011000000010000000100010011
00000000000000001000000001100111
11111101000000010000000100010011
00000010000100010010011000100011
00000010100000010010010000100011
00000011000000010000010000010011
11111100101001000010111000100011
00000000101100000000011110110011
11111100111101000001110100100011
11111101101001000101011110000011
00000000111100000000010100110011
00000000000000000000000000010011
00000000101000000000011110110011
11111110111101000001011100100011
11111110111001000000011110010011
00000000001000000000011000010011
00000000111100000000010110110011
11111101110001000010010100000011
00000000000000000000000000010011
00000000101000000000011110110011
00000000000001111001011001100011
00000000000000000000011110010011
00000000100000000000000001101111
00000000000100000000011110010011
00000000111100000000010100110011
00000010110000010010000010000011
00000010100000010010010000000011
00000011000000010000000100010011
00000000000000001000000001100111
11111101000000010000000100010011
00000010000100010010011000100011
00000010100000010010010000100011
00000011000000010000010000010011
11111100101001000010111000100011
00000000101100000000011110110011
11111100111101000001110100100011
11111101101001000001011110000011
00000000111100000000010100110011
00000000000000000000000000010011
00000000101000000000011110110011
11111110111101000001011100100011
11111110111001000000011110010011
00000000001000000000011000010011
00000000111100000000010110110011
11111101110001000010010100000011
00000000000000000000000000010011
00000000101000000000011110110011
00000000000001111001011001100011
00000000000000000000011110010011
00000000100000000000000001101111
00000000000100000000011110010011
00000000111100000000010100110011
00000010110000010010000010000011
00000010100000010010010000000011
00000011000000010000000100010011
00000000000000001000000001100111
11111101000000010000000100010011
00000010000100010010011000100011
00000010100000010010010000100011
00000011000000010000010000010011
11111100101001000010111000100011
00000000101100000000011110110011
11111100111101000001110100100011
11111101101001000101011110000011
00000000111100000000010100110011
00000000000000000000000000010011
00000000101000000000011110110011
11111110111101000001011100100011
11111110111001000000011110010011
00000000001000000000011000010011
00000000111100000000010110110011
11111101110001000010010100000011
00000000000000000000000000010011
00000000101000000000011110110011
00000000000001111001011001100011
00000000000000000000011110010011
00000000100000000000000001101111
00000000000100000000011110010011
00000000111100000000010100110011
00000010110000010010000010000011
00000010100000010010010000000011
00000011000000010000000100010011
00000000000000001000000001100111
11111101000000010000000100010011
00000010000100010010011000100011
00000010100000010010010000100011
00000011000000010000010000010011
11111100101001000010111000100011
11111100101101000010110000100011
11111101100001000010010100000011
00000000000000000000000000010011
00000000101000000000011110110011
11111110111101000010011000100011
11111110110001000000011110010011
00000000010000000000011000010011
00000000111100000000010110110011
11111101110001000010010100000011
00000000000000000000000000010011
00000000101000000000011110110011
00000000000001111001011001100011
00000000000000000000011110010011
00000000100000000000000001101111
00000000000100000000011110010011
00000000111100000000010100110011
00000010110000010010000010000011
00000010100000010010010000000011
00000011000000010000000100010011
00000000000000001000000001100111
11111101000000010000000100010011
00000010000100010010011000100011
00000010100000010010010000100011
00000011000000010000010000010011
11111100101001000010111000100011
11111100101101000010110000100011
11111101100001000010010100000011
00000000000000000000000000010011
00000000101000000000011110110011
11111110111101000010011000100011
11111110110001000000011110010011
00000000010000000000011000010011
00000000111100000000010110110011
11111101110001000010010100000011
00000000000000000000000000010011
00000000101000000000011110110011
00000000000001111001011001100011
00000000000000000000011110010011
00000000100000000000000001101111
00000000000100000000011110010011
00000000111100000000010100110011
00000010110000010010000010000011
00000010100000010010010000000011
00000011000000010000000100010011
00000000000000001000000001100111
11111101000000010000000100010011
00000010000100010010011000100011
00000010100000010010010000100011
00000011000000010000010000010011
11111100101001000010111000100011
11111100101101000010110000100011
11111101100001000010010100000011
00000000000000000000000000010011
00000000101000000000011110110011
11111110111101000010011000100011
11111110110001000000011110010011
00000000010000000000011000010011
00000000111100000000010110110011
11111101110001000010010100000011
00000000000000000000000000010011
00000000101000000000011110110011
00000000000001111001011001100011
00000000000000000000011110010011
00000000100000000000000001101111
00000000000100000000011110010011
00000000111100000000010100110011
00000010110000010010000010000011
00000010100000010010010000000011
00000011000000010000000100010011
00000000000000001000000001100111
11111101000000010000000100010011
00000010000100010010011000100011
00000010100000010010010000100011
00000011000000010000010000010011
11111100101001000010111000100011
11111100101101000010110000100011
11111101100001000010010100000011
00000000000000000000000000010011
00000000101000000000011110110011
11111110111101000010011000100011
11111110110001000000011110010011
00000000010000000000011000010011
00000000111100000000010110110011
11111101110001000010010100000011
00000000000000000000000000010011
00000000101000000000011110110011
00000000000001111001011001100011
00000000000000000000011110010011
00000000100000000000000001101111
00000000000100000000011110010011
00000000111100000000010100110011
00000010110000010010000010000011
00000010100000010010010000000011
00000011000000010000000100010011
00000000000000001000000001100111
11111101000000010000000100010011
00000010000100010010011000100011
00000010100000010010010000100011
00000011000000010000010000010011
11111100101001000010111000100011
11111100101101000010100000100011
11111100110001000010101000100011
11111101000001000010010100000011
11111101010001000010010110000011
00000000000000000000000000010011
00000000101000000000011100110011
00000000101100000000011110110011
11111110111001000010010000100011
11111110111101000010011000100011
11111110100001000000011110010011
00000000100000000000011000010011
00000000111100000000010110110011
11111101110001000010010100000011
00000000000000000000000000010011
00000000101000000000011110110011
00000000000001111001011001100011
00000000000000000000011110010011
00000000100000000000000001101111
00000000000100000000011110010011
00000000111100000000010100110011
00000010110000010010000010000011
00000010100000010010010000000011
00000011000000010000000100010011
00000000000000001000000001100111
11111101000000010000000100010011
00000010000100010010011000100011
00000010100000010010010000100011
00000011000000010000010000010011
11111100101001000010111000100011
11111100101101000010100000100011
11111100110001000010101000100011
11111101000001000010010100000011
11111101010001000010010110000011
00000000000000000000000000010011
00000000101000000000011100110011
00000000101100000000011110110011
11111110111001000010010000100011
11111110111101000010011000100011
11111110100001000000011110010011
00000000100000000000011000010011
00000000111100000000010110110011
11111101110001000010010100000011
00000000000000000000000000010011
00000000101000000000011110110011
00000000000001111001011001100011
00000000000000000000011110010011
00000000100000000000000001101111
00000000000100000000011110010011
00000000111100000000010100110011
00000010110000010010000010000011
00000010100000010010010000000011
00000011000000010000000100010011
00000000000000001000000001100111
11111101000000010000000100010011
00000010000100010010011000100011
00000010100000010010010000100011
00000011000000010000010000010011
11111100101001000010111000100011
11111100101101000010100000100011
11111100110001000010101000100011
11111101000001000010010100000011
11111101010001000010010110000011
00000000000000000000000000010011
00000000101000000000011100110011
00000000101100000000011110110011
11111110111001000010010000100011
11111110111101000010011000100011
11111110100001000000011110010011
00000000100000000000011000010011
00000000111100000000010110110011
11111101110001000010010100000011
00000000000000000000000000010011
00000000101000000000011110110011
00000000000001111001011001100011
00000000000000000000011110010011
00000000100000000000000001101111
00000000000100000000011110010011
00000000111100000000010100110011
00000010110000010010000010000011
00000010100000010010010000000011
00000011000000010000000100010011
00000000000000001000000001100111
11111101000000010000000100010011
00000010000100010010011000100011
00000010100000010010010000100011
00000011000000010000010000010011
11111100101001000010111000100011
11111100101101000010100000100011
11111100110001000010101000100011
11111101000001000010010100000011
11111101010001000010010110000011
00000000000000000000000000010011
00000000101000000000011100110011
00000000101100000000011110110011
11111110111001000010010000100011
11111110111101000010011000100011
11111110100001000000011110010011
00000000100000000000011000010011
00000000111100000000010110110011
11111101110001000010010100000011
00000000000000000000000000010011
00000000101000000000011110110011
00000000000001111001011001100011
00000000000000000000011110010011
00000000100000000000000001101111
00000000000100000000011110010011
00000000111100000000010100110011
00000010110000010010000010000011
00000010100000010010010000000011
00000011000000010000000100010011
00000000000000001000000001100111
