11111100000000010000000100010011
00000010100000010010111000100011
00000100000000010000010000010011
11111100101001000010011000100011
11111100110001000010011110000011
00000000000001111010011110000011
11111110111101000010011000100011
11111110000001000010010000100011
11111110110001000010011110000011
00000000000001111100011110000011
11111110111101000010001000100011
11111110010001000010011110000011
00000000000001111001011001100011
00000000000000000000011110010011
01100000100000000000000001101111
11111110010001000010011100000011
00000111111100000000011110010011
00000010111001111110000001100011
11111100110001000010011110000011
00000000000001111010011110000011
00000000000101111000011100010011
11111100110001000010011110000011
00000000111001111010000000100011
11111110010001000010011110000011
01011110000000000000000001101111
11111110010001000010011100000011
00000111111100000000011110010011
00000010111001111111011001100011
11111110010001000010011100000011
00001011111100000000011110010011
00000010111001111110000001100011
11111100110001000010011110000011
00000000000001111010011110000011
00000000000101111000011100010011
11111100110001000010011110000011
00000000111001111010000000100011
11111111111100000000011110010011
01011010110000000000000001101111
11111110010001000010011100000011
00001101111100000000011110010011
00001010111001111110000001100011
11111100110001000010011110000011
00000000000001111010011110000011
00000000000101111000011100010011
11111100110001000010011110000011
00000000111001111010000000100011
11111110010001000010011110000011
11110100000001111000011110010011
11111110111101000010001000100011
11111110110001000010011110000011
00000000000101111000011110010011
11111110111101000010011000100011
11111110110001000010011110000011
00000000000001111100011110000011
11111110111101000010000000100011
11111110000001000010011110000011
00001100000001111111011100010011
00001000000000000000011110010011
00000000111101110000011001100011
11111111111100000000011110010011
01010101000000000000000001101111
11111100110001000010011110000011
00000000000001111010011110000011
00000000000101111000011100010011
11111100110001000010011110000011
00000000111001111010000000100011
11111110010001000010011110000011
00000000011001111001011100010011
11111110000001000010011110000011
11111000000001111000011110010011
00000000111101110110011110110011
11111110111101000010010000100011
11111110100001000010011100000011
00000111111100000000011110010011
01010000111001111111101001100011
11111110100001000010011100000011
01111111111100000000011110010011
01010000111001111110010001100011
11111110100001000010011110000011
01010000010000000000000001101111
11111110010001000010011100000011
00001110111100000000011110010011
00011010111001111110010001100011
11111100110001000010011110000011
00000000000001111010011110000011
00000000000101111000011100010011
11111100110001000010011110000011
00000000111001111010000000100011
11111110010001000010011110000011
11110010000001111000011110010011
11111110111101000010001000100011
11111110110001000010011110000011
00000000000101111000011110010011
11111110111101000010011000100011
11111110110001000010011110000011
00000000000001111100011110000011
11111110111101000010000000100011
11111110000001000010011110000011
00001100000001111111011100010011
00001000000000000000011110010011
00000000111101110000011001100011
11111111111100000000011110010011
01001010100000000000000001101111
11111110110001000010011110000011
00000000000101111000011110010011
11111110111101000010011000100011
11111110110001000010011110000011
00000000000001111100011110000011
11111100111101000010111000100011
11111101110001000010011110000011
00001100000001111111011100010011
00001000000000000000011110010011
00000000111101110000011001100011
11111111111100000000011110010011
01000111100000000000000001101111
11111100110001000010011110000011
00000000000001111010011110000011
00000000001001111000011100010011
11111100110001000010011110000011
00000000111001111010000000100011
11111110010001000010011110000011
00000000110001111001011100010011
11111110000001000010011110000011
11111000000001111000011110010011
00000000011001111001011110010011
00000000111101110110011100110011
11111101110001000010011110000011
11111000000001111000011110010011
00000000111101110110011110110011
11111110111101000010010000100011
11111110100001000010011100000011
00000000000000001110011110110111
00000000000001111000011110010011
11111111111101111000011110010011
00001010111101110000010001100011
11111110100001000010011100000011
00000000000000001110011110110111
00000000000001111000011110010011
00001010111101110111000001100011
11111110100001000010011100000011
00000000000000001110011110110111
00000000000001111000011110010011
11111000000001111000011110010011
00001000111101110000001001100011
11111110100001000010011100000011
00000000000000001110011110110111
00000000000001111000011110010011
11111000000001111000011110010011
00000110111001111110110001100011
11111110100001000010011100000011
00000000000000001110011110110111
00000000000001111000011110010011
11000000000001111000011110010011
00000110111001111110001001100011
11111110100001000010011100000011
00000000000000001110011110110111
00000000000001111000011110010011
10111111111101111000011110010011
00000100111101110111010001100011
11111110100001000010011100000011
00000000000000001110011110110111
00000000000001111000011110010011
10000000000001111000011110010011
00000010111101110000101001100011
11111110100001000010011100000011
00000000000000001110011110110111
00000000000001111000011110010011
10000000000001111000011110010011
00000010111101110110010001100011
11111110100001000010011100000011
11111111111111110010011110110111
00000000000001111000011110010011
01001000000101111000011110010011
00000000111101110000011100110011
00000000000100000000011110010011
00000000111001111110011001100011
11111111111100000000011110010011
00110111110000000000000001101111
11111110100001000010011100000011
01111111111100000000011110010011
00110110111001111111011001100011
11111110100001000010011100000011
00000000000000010000011110110111
00000000000001111000011110010011
11111111110101111000011110010011
00110100111001111110110001100011
11111110100001000010011110000011
00110101010000000000000001101111
11111110010001000010011100000011
00001111011100000000011110010011
00010010111001111110010001100011
11111100110001000010011110000011
00000000000001111010011110000011
00000000000101111000011100010011
11111100110001000010011110000011
00000000111001111010000000100011
11111110010001000010011110000011
11110001000001111000011110010011
11111110111101000010001000100011
11111110110001000010011110000011
00000000000101111000011110010011
11111110111101000010011000100011
11111110110001000010011110000011
00000000000001111100011110000011
11111110111101000010000000100011
11111110000001000010011110000011
00001100000001111111011100010011
00001000000000000000011110010011
00000000111101110000011001100011
11111111111100000000011110010011
00101111100000000000000001101111
11111110110001000010011110000011
00000000000101111000011110010011
11111110111101000010011000100011
11111110110001000010011110000011
00000000000001111100011110000011
11111100111101000010111000100011
11111101110001000010011110000011
00001100000001111111011100010011
00001000000000000000011110010011
00000000111101110000011001100011
11111111111100000000011110010011
00101100100000000000000001101111
11111110110001000010011110000011
00000000000101111000011110010011
11111110111101000010011000100011
11111110110001000010011110000011
00000000000001111100011110000011
11111100111101000010110000100011
11111101100001000010011110000011
00001100000001111111011100010011
00001000000000000000011110010011
00000000111101110000011001100011
11111111111100000000011110010011
00101001100000000000000001101111
11111100110001000010011110000011
00000000000001111010011110000011
00000000001101111000011100010011
11111100110001000010011110000011
00000000111001111010000000100011
11111110010001000010011110000011
00000001001001111001011100010011
11111110000001000010011110000011
11111000000001111000011110010011
00000000110001111001011110010011
00000000111101110110011100110011
11111101110001000010011110000011
11111000000001111000011110010011
00000000011001111001011110010011
00000000111101110110011100110011
11111101100001000010011110000011
11111000000001111000011110010011
00000000111101110110011110110011
11111110111101000010010000100011
11111110100001000010011100000011
00000000000000010000011110110111
00000000000001111000011110010011
00100010111101110110110001100011
11111110100001000010011100000011
00000000000100010000011110110111
00000000000001111000011110010011
00100010111101110111010001100011
11111110100001000010011110000011
00100010010000000000000001101111
11111110010001000010011100000011
00001111101100000000011110010011
00001110111001111110101001100011
11111100110001000010011110000011
00000000000001111010011110000011
00000000000101111000011100010011
11111100110001000010011110000011
00000000111001111010000000100011
11111110110001000010011110000011
00000000000101111000011110010011
11111110111101000010011000100011
11111110110001000010011110000011
00000000000001111100011110000011
11111110111101000010001000100011
11111110010001000010011110000011
00001100000001111111011100010011
00001000000000000000011110010011
00000000111101110000011001100011
11111111111100000000011110010011
00011101010000000000000001101111
11111110110001000010011110000011
00000000000101111000011110010011
11111110111101000010011000100011
11111110110001000010011110000011
00000000000001111100011110000011
11111110111101000010001000100011
11111110010001000010011110000011
00001100000001111111011100010011
00001000000000000000011110010011
00000000111101110000011001100011
11111111111100000000011110010011
00011010010000000000000001101111
11111110110001000010011110000011
00000000000101111000011110010011
11111110111101000010011000100011
11111110110001000010011110000011
00000000000001111100011110000011
11111110111101000010001000100011
11111110010001000010011110000011
00001100000001111111011100010011
00001000000000000000011110010011
00000000111101110000011001100011
11111111111100000000011110010011
00010111010000000000000001101111
11111110110001000010011110000011
00000000000101111000011110010011
11111110111101000010011000100011
11111110110001000010011110000011
00000000000001111100011110000011
11111110111101000010001000100011
11111110010001000010011110000011
00001100000001111111011100010011
00001000000000000000011110010011
00000000111101110000011001100011
11111111111100000000011110010011
00010100010000000000000001101111
11111100110001000010011110000011
00000000000001111010011110000011
00000000010001111000011100010011
11111100110001000010011110000011
00000000111001111010000000100011
11111111111100000000011110010011
00010010100000000000000001101111
11111100110001000010011110000011
00000000000001111010011110000011
00000000000101111000011100010011
11111100110001000010011110000011
00000000111001111010000000100011
11111110110001000010011110000011
00000000000101111000011110010011
11111110111101000010011000100011
11111110110001000010011110000011
00000000000001111100011110000011
11111110111101000010001000100011
11111110010001000010011110000011
00001100000001111111011100010011
00001000000000000000011110010011
00000000111101110000011001100011
11111111111100000000011110010011
00001110010000000000000001101111
11111110110001000010011110000011
00000000000101111000011110010011
11111110111101000010011000100011
11111110110001000010011110000011
00000000000001111100011110000011
11111110111101000010001000100011
11111110010001000010011110000011
00001100000001111111011100010011
00001000000000000000011110010011
00000000111101110000011001100011
11111111111100000000011110010011
00001011010000000000000001101111
11111110110001000010011110000011
00000000000101111000011110010011
11111110111101000010011000100011
11111110110001000010011110000011
00000000000001111100011110000011
11111110111101000010001000100011
11111110010001000010011110000011
00001100000001111111011100010011
00001000000000000000011110010011
00000000111101110000011001100011
11111111111100000000011110010011
00001000010000000000000001101111
11111110110001000010011110000011
00000000000101111000011110010011
11111110111101000010011000100011
11111110110001000010011110000011
00000000000001111100011110000011
11111110111101000010001000100011
11111110010001000010011110000011
00001100000001111111011100010011
00001000000000000000011110010011
00000000111101110000011001100011
11111111111100000000011110010011
00000101010000000000000001101111
11111110110001000010011110000011
00000000000101111000011110010011
11111110111101000010011000100011
11111110110001000010011110000011
00000000000001111100011110000011
11111110111101000010001000100011
11111110010001000010011110000011
00001100000001111111011100010011
00001000000000000000011110010011
00000000111101110000011001100011
11111111111100000000011110010011
00000010010000000000000001101111
11111100110001000010011110000011
00000000000001111010011110000011
00000000011001111000011100010011
11111100110001000010011110000011
00000000111001111010000000100011
11111111111100000000011110010011
00000000100000000000000001101111
11111111111100000000011110010011
00000000111100000000010100110011
00000011110000010010010000000011
00000100000000010000000100010011
00000000000000001000000001100111
11111101000000010000000100010011
00000010100000010010011000100011
00000011000000010000010000010011
11111100101001000010111000100011
11111101110001000010011110000011
00000000000001111010011110000011
11111110111101000010011000100011
11111110110001000010011110000011
00000000001001111000011100010011
11111110111001000010011000100011
00000000000001111101011110000011
11111110111101000010010000100011
11111110100001000010011110000011
00000000000001111001011001100011
00000000000000000000011110010011
00001111110000000000000001101111
11111110100001000010011100000011
00000000000000001110011110110111
00000000000001111000011110010011
10111111111101111000011110010011
00000010111001111111000001100011
11111110100001000010011100000011
00000000000000001110011110110111
00000000000001111000011110010011
00000000111101110111100001100011
00000011111100000000011110010011
11111110111101000010010000100011
00001011110000000000000001101111
11111110100001000010011100000011
00000000000000001101011110110111
00000000000001111000011110010011
01111111111101111000011110010011
00001010111001111111010001100011
11111110100001000010011100000011
00000000000000001110011110110111
00000000000001111000011110010011
10111111111101111000011110010011
00001000111001111110101001100011
11111110110001000010011110000011
00000000000001111101011110000011
11111110111101000010001000100011
11111110010001000010011110000011
00000000000001111001100001100011
00000011111100000000011110010011
11111110111101000010010000100011
00000111010000000000000001101111
11111110010001000010011100000011
00000000000000001110011110110111
00000000000001111000011110010011
10111111111101111000011110010011
00000000111001111111101001100011
11111110010001000010011100000011
00000000000000001110011110110111
00000000000001111000011110010011
00000000111101110110100001100011
00000011111100000000011110010011
11111110111101000010010000100011
00000100010000000000000001101111
11111110110001000010011110000011
00000000001001111000011110010011
11111110111101000010011000100011
11111110100001000010011100000011
11111111111111110011011110110111
00000000000001111000011110010011
10000000000001111000011110010011
00000000111101110000011110110011
00000000101001111001011100010011
11111110010001000010011010000011
11111111111111110010011110110111
00000000000001111000011110010011
01000000000001111000011110010011
00000000111101101000011110110011
00000000111101110110011110110011
11111110111101000010010000100011
11111101110001000010011110000011
11111110110001000010011100000011
00000000111001111010000000100011
11111110100001000010011110000011
00000000111100000000010100110011
00000010110000010010010000000011
00000011000000010000000100010011
00000000000000001000000001100111
11111101000000010000000100010011
00000010100000010010011000100011
00000011000000010000010000010011
11111100101001000010111000100011
11111101110001000010011110000011
00000000000001111010011110000011
11111110111101000010010000100011
11111110100001000010011110000011
00000000010001111000011100010011
11111110111001000010010000100011
00000000000001111010011110000011
11111110111101000010011000100011
11111110110001000010011110000011
00000000000001111001011001100011
00000000000000000000011110010011
00000010110000000000000001101111
11111110110001000010011100000011
00000000000000010001011110110111
00000000000001111000011110010011
00000000111101110110011001100011
00000011111100000000011110010011
11111110111101000010011000100011
11111101110001000010011110000011
11111110100001000010011100000011
00000000111001111010000000100011
11111110110001000010011110000011
00000000111100000000010100110011
00000010110000010010010000000011
00000011000000010000000100010011
00000000000000001000000001100111
11111101000000010000000100010011
00000010000100010010011000100011
00000010100000010010010000100011
00000011000000010000010000010011
11111100101001000010111000100011
11111100101101000010110000100011
11111100110001000010100000100011
11111100110101000010101000100011
11111101000001000010011000000011
11111101010001000010011010000011
11111111110000000000010100010011
11111111111100000000010110010011
00000000101001100000011100110011
00000000111000000000100000110011
00000000110010000011100000110011
00000000101101101000011110110011
00000000111110000000011010110011
00000000110100000000011110110011
11111100111001000010100000100011
11111100111101000010101000100011
00000111010000000000000001101111
11111101110001000000011110010011
00000000111100000000010100110011
00000000000000000000000000010011
11111110101001000010011000100011
11111110110001000010011110000011
00000110000001111000111001100011
11111110110001000010011100000011
11111111111100000000011110010011
00000000111101110001011001100011
00000011111100000000011110010011
11111110111101000010011000100011
11111101100001000010011110000011
00000000010001111000011100010011
11111100111001000010110000100011
11111110110001000010011100000011
00000000111001111010000000100011
11111101000001000010011000000011
11111101010001000010011010000011
11111111110000000000010100010011
11111111111100000000010110010011
00000000101001100000011100110011
00000000111000000000100000110011
00000000110010000011100000110011
00000000101101101000011110110011
00000000111110000000011010110011
00000000110100000000011110110011
11111100111001000010100000100011
11111100111101000010101000100011
11111101010001000010011110000011
11111000000001111001011011100011
11111101010001000010011110000011
00000000000001111001110001100011
11111101000001000010011100000011
00000000001100000000011110010011
11110110111001111110110011100011
00000000100000000000000001101111
00000000000000000000000000010011
11111101100001000010011110000011
00000000000001111010000000100011
00000000000000000000000000010011
00000010110000010010000010000011
00000010100000010010010000000011
00000011000000010000000100010011
00000000000000001000000001100111
11111101000000010000000100010011
00000010000100010010011000100011
00000010100000010010010000100011
00000011000000010000010000010011
11111100101001000010111000100011
11111100101101000010110000100011
11111100110001000010100000100011
11111100110101000010101000100011
11111101000001000010011000000011
11111101010001000010011010000011
11111111111000000000010100010011
11111111111100000000010110010011
00000000101001100000011100110011
00000000111000000000100000110011
00000000110010000011100000110011
00000000101101101000011110110011
00000000111110000000011010110011
00000000110100000000011110110011
11111100111001000010100000100011
11111100111101000010101000100011
00001001010000000000000001101111
11111101110001000000011110010011
00000000111100000000010100110011
00000000000000000000000000010011
11111110101001000010011000100011
11111110110001000010011110000011
00001000000001111000111001100011
11111110110001000010011100000011
11111111111100000000011110010011
00000000111101110001011001100011
00000011111100000000011110010011
11111110111101000010011000100011
11111110110001000010011100000011
00000000000000010000011110110111
00000000000001111000011110010011
00000000111101110110011001100011
00000011111100000000011110010011
11111110111101000010011000100011
11111101100001000010011110000011
00000000001001111000011100010011
11111100111001000010110000100011
11111110110001000010011100000011
00000001000001110001011100010011
00000001000001110101011100010011
00000000111001111001000000100011
11111101000001000010011000000011
11111101010001000010011010000011
11111111111000000000010100010011
11111111111100000000010110010011
00000000101001100000011100110011
00000000111000000000100000110011
00000000110010000011100000110011
00000000101101101000011110110011
00000000111110000000011010110011
00000000110100000000011110110011
11111100111001000010100000100011
11111100111101000010101000100011
11111101010001000010011110000011
11110110000001111001011011100011
11111101010001000010011110000011
00000000000001111001110001100011
11111101000001000010011100000011
00000000000100000000011110010011
11110100111001111110110011100011
00000000100000000000000001101111
00000000000000000000000000010011
11111101100001000010011110000011
00000000000001111001000000100011
00000000000000000000000000010011
00000010110000010010000010000011
00000010100000010010010000000011
00000011000000010000000100010011
00000000000000001000000001100111
11111101000000010000000100010011
00000010000100010010011000100011
00000010100000010010010000100011
00000011000000010000010000010011
11111100101001000010111000100011
11111100101101000010110000100011
11111100110001000010100000100011
11111100110101000010101000100011
11111101000001000010011000000011
11111101010001000010011010000011
11111111111000000000010100010011
11111111111100000000010110010011
00000000101001100000011100110011
00000000111000000000100000110011
00000000110010000011100000110011
00000000101101101000011110110011
00000000111110000000011010110011
00000000110100000000011110110011
11111100111001000010100000100011
11111100111101000010101000100011
00010100110000000000000001101111
11111101110001000000011110010011
00000000111100000000010100110011
00000000000000000000000000010011
11111110101001000010011000100011
11111110110001000010011110000011
00010100000001111000101001100011
11111110110001000010011100000011
11111111111100000000011110010011
00000000111101110001011001100011
00000011111100000000011110010011
11111110111101000010011000100011
11111110110001000010011100000011
00000000000000010000011110110111
00000000000001111000011110010011
00001100111101110110001001100011
11111101010001000010011110000011
00000000000001111001110001100011
11111101010001000010011110000011
00010010000001111001010001100011
11111101000001000010011100000011
00000000001100000000011110010011
00010000111001111111111001100011
11111110110001000010011100000011
11111111111111110000011110110111
00000000000001111000011110010011
00000000111101110000011110110011
11111110111101000010011000100011
11111110110001000010011110000011
00000000101001111101011110010011
00000001000001111001011110010011
00000001000001111101011110010011
00111111111101111111011110010011
00000001000001111001011010010011
00000001000001101101011010010011
11111101100001000010011110000011
00000000001001111000011100010011
11111100111001000010110000100011
11111111111111111110011100110111
00000000000001110000011100010011
10000000000001110000011100010011
00000000111001101000011100110011
00000001000001110001011100010011
00000001000001110101011100010011
00000000111001111001000000100011
11111101000001000010011000000011
11111101010001000010011010000011
11111111111000000000010100010011
11111111111100000000010110010011
00000000101001100000011100110011
00000000111000000000100000110011
00000000110010000011100000110011
00000000101101101000011110110011
00000000111110000000011010110011
00000000110100000000011110110011
11111100111001000010100000100011
11111100111101000010101000100011
11111110110001000010011110000011
00111111111101111111011100010011
00000000000000001110011110110111
00000000000001111000011110010011
11000000000001111000011110010011
00000000111101110000011110110011
11111110111101000010011000100011
11111101100001000010011110000011
00000000001001111000011100010011
11111100111001000010110000100011
11111110110001000010011100000011
00000001000001110001011100010011
00000001000001110101011100010011
00000000111001111001000000100011
11111101000001000010011000000011
11111101010001000010011010000011
11111111111000000000010100010011
11111111111100000000010110010011
00000000101001100000011100110011
00000000111000000000100000110011
00000000110010000011100000110011
00000000101101101000011110110011
00000000111110000000011010110011
00000000110100000000011110110011
11111100111001000010100000100011
11111100111101000010101000100011
11111101010001000010011110000011
11101010000001111001101011100011
11111101010001000010011110000011
00000010000001111001000001100011
11111101000001000010011100000011
00000000000100000000011110010011
11101010111001111110000011100011
00000001000000000000000001101111
00000000000000000000000000010011
00000000100000000000000001101111
00000000000000000000000000010011
11111101100001000010011110000011
00000000000001111001000000100011
00000000000000000000000000010011
00000010110000010010000010000011
00000010100000010010010000000011
00000011000000010000000100010011
00000000000000001000000001100111
11111101000000010000000100010011
00000010100000010010011000100011
00000011000000010000010000010011
11111100101001000010111000100011
11111100101101000010110000100011
11111100110001000010101000100011
11111101100001000010011110000011
00000000000001111010011110000011
11111110111101000010011000100011
11111101010001000010011110000011
00000000000001111010011100000011
00000000010001111010011110000011
11111110111001000010000000100011
11111110111101000010001000100011
11111110000001000010011110000011
11111110010001000010011100000011
00000000111001111110011110110011
01001000000001111000111001100011
11111101110001000010011100000011
00000000000100010000011110110111
00000000000001111000011110010011
00000000111101110110100001100011
00000011111100000000011110010011
11111100111101000010111000100011
00001111100000000000000001101111
11111101110001000010011100000011
00000000000000010000011110110111
00000000000001111000011110010011
11111111111001111000011110010011
00000000111101110000110001100011
11111101110001000010011100000011
00000000000000010000011110110111
00000000000001111000011110010011
11111111111101111000011110010011
00000000111101110001100001100011
00000011111100000000011110010011
11111100111101000010111000100011
00001100010000000000000001101111
11111101110001000010011100000011
00000000000000001110011110110111
00000000000001111000011110010011
11111111111101111000011110010011
00001010111101110000010001100011
11111101110001000010011100000011
00000000000000001110011110110111
00000000000001111000011110010011
00001010111101110111000001100011
11111101110001000010011100000011
00000000000000001110011110110111
00000000000001111000011110010011
11111000000001111000011110010011
00001000111101110000001001100011
11111101110001000010011100000011
00000000000000001110011110110111
00000000000001111000011110010011
11111000000001111000011110010011
00000110111001111110110001100011
11111101110001000010011100000011
00000000000000001110011110110111
00000000000001111000011110010011
11000000000001111000011110010011
00000110111001111110001001100011
11111101110001000010011100000011
00000000000000001110011110110111
00000000000001111000011110010011
10111111111101111000011110010011
00000100111101110111010001100011
11111101110001000010011100000011
00000000000000001110011110110111
00000000000001111000011110010011
10000000000001111000011110010011
00000010111101110000101001100011
11111101110001000010011100000011
00000000000000001110011110110111
00000000000001111000011110010011
10000000000001111000011110010011
00000010111101110110010001100011
11111101110001000010011100000011
11111111111111110010011110110111
00000000000001111000011110010011
01001000000101111000011110010011
00000000111101110000011100110011
00000000000100000000011110010011
00000000111001111110011001100011
00000011111100000000011110010011
11111100111101000010111000100011
11111101110001000010011100000011
00000111111100000000011110010011
00000100111001111110100001100011
11111110110001000010011110000011
00000000000101111000011100010011
11111110111001000010011000100011
11111101110001000010011100000011
00001111111101110111011100010011
00000000111001111000000000100011
11111110000001000010011000000011
11111110010001000010011010000011
11111111111100000000010100010011
11111111111100000000010110010011
00000000101001100000011100110011
00000000111000000000100000110011
00000000110010000011100000110011
00000000101101101000011110110011
00000000111110000000011010110011
00000000110100000000011110110011
11111110111001000010000000100011
11111110111101000010001000100011
00110001000000000000000001101111
11111101110001000010011100000011
01111111111100000000011110010011
00001100111001111110001001100011
11111110010001000010011110000011
00000010000001111001011001100011
11111110010001000010011110000011
00000000000001111001100001100011
11111110000001000010011100000011
00000000000100000000011110010011
00000000111001111110110001100011
00000000000000000000011110010011
00000000000000000000100000010011
11111110111101000010000000100011
11111111000001000010001000100011
00101101010000000000000001101111
11111101110001000010011110000011
00000000011001111101011110010011
00001111111101111111011100010011
11111110110001000010011110000011
00000000000101111000011010010011
11111110110101000010011000100011
11111100000001110110011100010011
00001111111101110111011100010011
00000000111001111000000000100011
11111101110001000010011110000011
00000001100001111001011110010011
01000001100001111101011110010011
00000011111101111111011110010011
00000001100001111001011110010011
01000001100001111101011110010011
11111000000001111110011110010011
00000001100001111001011010010011
01000001100001101101011010010011
11111110110001000010011110000011
00000000000101111000011100010011
11111110111001000010011000100011
00001111111101101111011100010011
00000000111001111000000000100011
11111110000001000010011000000011
11111110010001000010011010000011
11111111111000000000010100010011
11111111111100000000010110010011
00000000101001100000011100110011
00000000111000000000100000110011
00000000110010000011100000110011
00000000101101101000011110110011
00000000111110000000011010110011
00000000110100000000011110110011
11111110111001000010000000100011
11111110111101000010001000100011
00100100010000000000000001101111
11111101110001000010011100000011
00000000000000010000011110110111
00000000000001111000011110010011
00010000111101110111000001100011
11111110010001000010011110000011
00000010000001111001011001100011
11111110010001000010011110000011
00000000000001111001100001100011
11111110000001000010011100000011
00000000001000000000011110010011
00000000111001111110110001100011
00000000000000000000011110010011
00000000000000000000100000010011
11111110111101000010000000100011
11111111000001000010001000100011
00100000010000000000000001101111
11111101110001000010011110000011
00000000110001111101011110010011
00001111111101111111011100010011
11111110110001000010011110000011
00000000000101111000011010010011
11111110110101000010011000100011
11111110000001110110011100010011
00001111111101110111011100010011
00000000111001111000000000100011
11111101110001000010011110000011
00000000011001111101011110010011
00000001100001111001011110010011
01000001100001111101011110010011
00000011111101111111011110010011
00000001100001111001011110010011
01000001100001111101011110010011
11111000000001111110011110010011
00000001100001111001011010010011
01000001100001101101011010010011
11111110110001000010011110000011
00000000000101111000011100010011
11111110111001000010011000100011
00001111111101101111011100010011
00000000111001111000000000100011
11111101110001000010011110000011
00000001100001111001011110010011
01000001100001111101011110010011
00000011111101111111011110010011
00000001100001111001011110010011
01000001100001111101011110010011
11111000000001111110011110010011
00000001100001111001011010010011
01000001100001101101011010010011
11111110110001000010011110000011
00000000000101111000011100010011
11111110111001000010011000100011
00001111111101101111011100010011
00000000111001111000000000100011
11111110000001000010011000000011
11111110010001000010011010000011
11111111110100000000010100010011
11111111111100000000010110010011
00000000101001100000011100110011
00000000111000000000100000110011
00000000110010000011100000110011
00000000101101101000011110110011
00000000111110000000011010110011
00000000110100000000011110110011
11111110111001000010000000100011
11111110111101000010001000100011
00010011100000000000000001101111
11111110010001000010011110000011
00000010000001111001011001100011
11111110010001000010011110000011
00000000000001111001100001100011
11111110000001000010011100000011
00000000001100000000011110010011
00000000111001111110110001100011
00000000000000000000011110010011
00000000000000000000100000010011
11111110111101000010000000100011
11111111000001000010001000100011
00010000100000000000000001101111
11111101110001000010011110000011
00000001001001111101011110010011
00001111111101111111011100010011
11111110110001000010011110000011
00000000000101111000011010010011
11111110110101000010011000100011
11111111000001110110011100010011
00001111111101110111011100010011
00000000111001111000000000100011
11111101110001000010011110000011
00000000110001111101011110010011
00000001100001111001011110010011
01000001100001111101011110010011
00000011111101111111011110010011
00000001100001111001011110010011
01000001100001111101011110010011
11111000000001111110011110010011
00000001100001111001011010010011
01000001100001101101011010010011
11111110110001000010011110000011
00000000000101111000011100010011
11111110111001000010011000100011
00001111111101101111011100010011
00000000111001111000000000100011
11111101110001000010011110000011
00000000011001111101011110010011
00000001100001111001011110010011
01000001100001111101011110010011
00000011111101111111011110010011
00000001100001111001011110010011
01000001100001111101011110010011
11111000000001111110011110010011
00000001100001111001011010010011
01000001100001101101011010010011
11111110110001000010011110000011
00000000000101111000011100010011
11111110111001000010011000100011
00001111111101101111011100010011
00000000111001111000000000100011
11111101110001000010011110000011
00000001100001111001011110010011
01000001100001111101011110010011
00000011111101111111011110010011
00000001100001111001011110010011
01000001100001111101011110010011
11111000000001111110011110010011
00000001100001111001011010010011
01000001100001101101011010010011
11111110110001000010011110000011
00000000000101111000011100010011
11111110111001000010011000100011
00001111111101101111011100010011
00000000111001111000000000100011
11111110000001000010011000000011
11111110010001000010011010000011
11111111110000000000010100010011
11111111111100000000010110010011
00000000101001100000011100110011
00000000111000000000100000110011
00000000110010000011100000110011
00000000101101101000011110110011
00000000111110000000011010110011
00000000110100000000011110110011
11111110111001000010000000100011
11111110111101000010001000100011
11111101100001000010011110000011
11111110110001000010011100000011
00000000111001111010000000100011
11111101010001000010011010000011
11111110000001000010011100000011
11111110010001000010011110000011
00000000111001101010000000100011
00000000111101101010001000100011
00000000100000000000000001101111
00000000000000000000000000010011
00000010110000010010010000000011
00000011000000010000000100010011
00000000000000001000000001100111
11111101000000010000000100010011
00000010000100010010011000100011
00000010100000010010010000100011
00000011000000010000010000010011
11111100101001000010111000100011
11111100101101000010110000100011
11111100110001000010100000100011
11111100110101000010101000100011
11111101000001000010011000000011
11111101010001000010011010000011
00000000110000000000011110110011
00000000110101111110011110110011
00001000000001111000111001100011
11111101000001000010011100000011
11111101010001000010011110000011
11111111111100000000010100010011
11111111111100000000010110010011
00000000101001110000011000110011
00000000110000000000100000110011
00000000111010000011100000110011
00000000101101111000011010110011
00000000110110000000011110110011
00000000111100000000011010110011
00000000110000000000011100110011
00000000110100000000011110110011
11111100111001000010100000100011
11111100111101000010101000100011
00000011100000000000000001101111
11111101110001000010011110000011
00000000010001111000011100010011
11111100111001000010111000100011
00000000000001111010011110000011
11111110111101000010011000100011
11111110110001000010011110000011
00000010000001111000101001100011
11111101000001000000011100010011
11111101100001000000011110010011
00000000111000000000011000110011
00000000111100000000010110110011
11111110110001000010010100000011
00000000000000000000000000010011
11111101000001000010011000000011
11111101010001000010011010000011
00000000110000000000011110110011
00000000110101111110011110110011
11111010000001111001111011100011
00000000100000000000000001101111
00000000000000000000000000010011
11111101100001000010011110000011
00000000000001111000000000100011
00000000100000000000000001101111
00000000000000000000000000010011
00000010110000010010000010000011
00000010100000010010010000000011
00000011000000010000000100010011
00000000000000001000000001100111
11111101000000010000000100010011
00000010000100010010011000100011
00000010100000010010010000100011
00000011000000010000010000010011
11111100101001000010111000100011
11111100101101000010110000100011
11111100110001000010100000100011
11111100110101000010101000100011
11111101000001000010011000000011
11111101010001000010011010000011
00000000110000000000011110110011
00000000110101111110011110110011
00001000000001111000111001100011
11111101000001000010011100000011
11111101010001000010011110000011
11111111111100000000010100010011
11111111111100000000010110010011
00000000101001110000011000110011
00000000110000000000100000110011
00000000111010000011100000110011
00000000101101111000011010110011
00000000110110000000011110110011
00000000111100000000011010110011
00000000110000000000011100110011
00000000110100000000011110110011
11111100111001000010100000100011
11111100111101000010101000100011
00000011100000000000000001101111
11111101110001000010011110000011
00000000001001111000011100010011
11111100111001000010111000100011
00000000000001111101011110000011
11111110111101000010011000100011
11111110110001000010011110000011
00000010000001111000101001100011
11111101000001000000011100010011
11111101100001000000011110010011
00000000111000000000011000110011
00000000111100000000010110110011
11111110110001000010010100000011
00000000000000000000000000010011
11111101000001000010011000000011
11111101010001000010011010000011
00000000110000000000011110110011
00000000110101111110011110110011
11111010000001111001111011100011
00000000100000000000000001101111
00000000000000000000000000010011
11111101100001000010011110000011
00000000000001111000000000100011
00000000100000000000000001101111
00000000000000000000000000010011
00000010110000010010000010000011
00000010100000010010010000000011
00000011000000010000000100010011
00000000000000001000000001100111
11111101000000010000000100010011
00000010000100010010011000100011
00000010100000010010010000100011
00000011000000010000010000010011
11111100101001000010111000100011
11111100101101000010110000100011
11111100110001000010100000100011
11111100110101000010101000100011
11111101000001000010011000000011
11111101010001000010011010000011
00000000110000000000011110110011
00000000110101111110011110110011
00001000000001111000111001100011
11111101000001000010011100000011
11111101010001000010011110000011
11111111111100000000010100010011
11111111111100000000010110010011
00000000101001110000011000110011
00000000110000000000100000110011
00000000111010000011100000110011
00000000101101111000011010110011
00000000110110000000011110110011
00000000111100000000011010110011
00000000110000000000011100110011
00000000110100000000011110110011
11111100111001000010100000100011
11111100111101000010101000100011
00000011100000000000000001101111
11111101110001000010011110000011
00000000000101111000011100010011
11111100111001000010111000100011
00000000000001111100011110000011
11111110111101000010011000100011
11111110110001000010011110000011
00000010000001111000101001100011
11111101000001000000011100010011
11111101100001000000011110010011
00000000111000000000011000110011
00000000111100000000010110110011
11111110110001000010010100000011
00000000000000000000000000010011
11111101000001000010011000000011
11111101010001000010011010000011
00000000110000000000011110110011
00000000110101111110011110110011
11111010000001111001111011100011
00000000100000000000000001101111
00000000000000000000000000010011
11111101100001000010011110000011
00000000000001111000000000100011
00000000100000000000000001101111
00000000000000000000000000010011
00000010110000010010000010000011
00000010100000010010010000000011
00000011000000010000000100010011
00000000000000001000000001100111
11111101000000010000000100010011
00000010000100010010011000100011
00000010100000010010010000100011
00000011000000010000010000010011
11111100101001000010111000100011
11111100101101000010110000100011
11111100110001000010100000100011
11111100110101000010101000100011
11111101000001000010011000000011
11111101010001000010011010000011
00000000110000000000011110110011
00000000110101111110011110110011
00001000000001111000110001100011
11111101000001000010011100000011
11111101010001000010011110000011
11111111111100000000010100010011
11111111111100000000010110010011
00000000101001110000011000110011
00000000110000000000100000110011
00000000111010000011100000110011
00000000101101111000011010110011
00000000110110000000011110110011
00000000111100000000011010110011
00000000110000000000011100110011
00000000110100000000011110110011
11111100111001000010100000100011
11111100111101000010101000100011
00000011010000000000000001101111
11111101110001000000011110010011
00000000111100000000010100110011
00000000000000000000000000010011
11111110101001000010011000100011
11111110110001000010011110000011
00000010000001111000101001100011
11111101000001000000011100010011
11111101100001000000011110010011
00000000111000000000011000110011
00000000111100000000010110110011
11111110110001000010010100000011
00000000000000000000000000010011
11111101000001000010011000000011
11111101010001000010011010000011
00000000110000000000011110110011
00000000110101111110011110110011
11111100000001111001000011100011
00000000100000000000000001101111
00000000000000000000000000010011
11111101100001000010011110000011
00000000000001111000000000100011
00000000100000000000000001101111
00000000000000000000000000010011
00000010110000010010000010000011
00000010100000010010010000000011
00000011000000010000000100010011
00000000000000001000000001100111
11111010000000010000000100010011
00000100100000010010111000100011
00000110000000010000010000010011
11111010101001000010011000100011
11111010101101000010010000100011
11111010110001000010011100000011
00000111111100000000011110010011
00000100111001111110001001100011
11111010110001000010011100000011
00000100000000000000011110010011
00000010111001111111001001100011
11111010110001000010011100000011
00000101101000000000011110010011
00000000111001111110110001100011
11111010110001000010011110000011
00000010000001111000011100010011
11111010100001000010011110000011
00000000111001111010000000100011
00000001000000000000000001101111
11111010100001000010011110000011
11111010110001000010011100000011
00000000111001111010000000100011
00000000000100000000011110010011
00101101100000000000000001101111
11111010110001000010011100000011
00000000000000010000011110110111
00000000000001111000011110010011
00100000111101110111101001100011
11111010110001000010011110000011
00000000100001111101011110010011
00001111111101111111011100010011
11111010110001000010011110000011
00001111111101111111011110010011
00000000111101110100011110110011
11111100111101000000110110100011
11111010110001000010011110000011
11111100111101000001110000100011
11111101101101000100011110000011
00000000001101111001011100010011
00010000000000010001011110110111
01111000100001111000011110010011
00000000111101110000011110110011
11111100111101000010101000100011
11111101010001000010011110000011
00000000010001111100011110000011
11111100111101000010100000100011
11111110000001000010011000100011
00000101010000000000000001101111
11111101010001000010011110000011
00000000000001111010011100000011
11111110110001000010011110000011
00000000001001111001011110010011
00000000111101110000011110110011
11111010111101000010101000100011
11111011010001000010011110000011
00000000000001111101011110000011
11111101100001000101011100000011
00000010111101110001000001100011
11111011010001000010011110000011
00000000001001111101011110000011
00000000111100000000011100110011
11111010100001000010011110000011
00000000111001111010000000100011
00000000000100000000011110010011
00100011010000000000000001101111
11111110110001000010011110000011
00000000000101111000011110010011
11111110111101000010011000100011
11111110110001000010011100000011
11111101000001000010011110000011
11111010111101110100010011100011
11111101101101000100011110000011
00000000111101111111011110010011
00000000001101111001011100010011
00010000000000010010011110110111
00000000100001111000011110010011
00000000111101110000011110110011
11111100111101000010011000100011
11111100110001000010011110000011
00000000010001111100011110000011
11111100111101000010010000100011
11111110000001000010011000100011
00000111010000000000000001101111
11111100110001000010011110000011
00000000000001111010011010000011
11111110110001000010011100000011
00000000111000000000011110110011
00000000000101111001011110010011
00000000111001111000011110110011
00000000000101111001011110010011
00000000111101101000011110110011
11111010111101000010110000100011
11111011100001000010011110000011
00000000000001111101011110000011
11111101100001000101011100000011
00000010111101110001101001100011
11111011100001000010011110000011
00000000001001111101011110000011
00000000111100000000011100110011
11111010100001000010011110000011
00000000111001111010000000100011
11111011100001000010011110000011
00000000010001111101011100000011
11111010100001000010011110000011
00000000010001111000011110010011
00000000111001111010000000100011
00000000001000000000011110010011
00011000100000000000000001101111
11111110110001000010011110000011
00000000000101111000011110010011
11111110111101000010011000100011
11111110110001000010011100000011
11111100100001000010011110000011
11111000111101110100010011100011
11111101101101000100011110000011
00000000001101111111011110010011
00000000001101111001011100010011
00010000000000010010011110110111
00001000100001111000011110010011
00000000111101110000011110110011
11111100111101000010001000100011
11111100010001000010011110000011
00000000010001111100011110000011
11111100111101000010000000100011
11111110000001000010011000100011
00000111110000000000000001101111
11111100010001000010011110000011
00000000000001111010011100000011
11111110110001000010011110000011
00000000001101111001011110010011
00000000111101110000011110110011
11111010111101000010111000100011
11111011110001000010011110000011
00000000000001111101011110000011
11111101100001000101011100000011
00000100111101110001010001100011
11111011110001000010011110000011
00000000001001111101011110000011
00000000111100000000011100110011
11111010100001000010011110000011
00000000111001111010000000100011
11111011110001000010011110000011
00000000010001111101011100000011
11111010100001000010011110000011
00000000010001111000011110010011
00000000111001111010000000100011
11111011110001000010011110000011
00000000011001111101011100000011
11111010100001000010011110000011
00000000100001111000011110010011
00000000111001111010000000100011
00000000001100000000011110010011
00001101010000000000000001101111
11111110110001000010011110000011
00000000000101111000011110010011
11111110111101000010011000100011
11111110110001000010011100000011
11111100000001000010011110000011
11111000111101110100000011100011
00001010100000000000000001101111
11111010110001000010011110000011
00000000100001111101011110010011
00001111111101111111011100010011
11111010110001000010011110000011
00001111111101111111011110010011
00000000111101110100011110110011
11111110111101000000010110100011
11111110101101000100011110000011
00000000111101111111011110010011
00000000001101111001011100010011
00010000000000010010011110110111
11111000100001111000011110010011
00000000111101110000011110110011
11111110111101000010001000100011
11111110010001000010011110000011
00000000010001111100011110000011
11111110111101000010000000100011
11111110000001000010011000100011
00000101000000000000000001101111
11111110010001000010011110000011
00000000000001111010011100000011
11111110110001000010011110000011
00000000001101111001011110010011
00000000111101110000011110110011
11111100111101000010111000100011
11111101110001000010011110000011
00000000000001111010011110000011
11111010110001000010011100000011
00000000111101110001111001100011
11111101110001000010011110000011
00000000010001111010011100000011
11111010100001000010011110000011
00000000111001111010000000100011
00000000000100000000011110010011
00000010110000000000000001101111
11111110110001000010011110000011
00000000000101111000011110010011
11111110111101000010011000100011
11111110110001000010011100000011
11111110000001000010011110000011
11111010111101110100011011100011
11111010100001000010011110000011
11111010110001000010011100000011
00000000111001111010000000100011
00000000000100000000011110010011
00000000111100000000010100110011
00000101110000010010010000000011
00000110000000010000000100010011
00000000000000001000000001100111
11111011000000010000000100010011
00000100000100010010011000100011
00000100100000010010010000100011
00000101000000010000010000010011
11111010101001000010111000100011
11111010101101000010110000100011
11111110000001000010011000100011
11111110000001000010010000100011
11111110000001000010001000100011
11111110000001000010000000100011
11111110110001000010011100000011
11111110100001000010011110000011
00000010111101110000010001100011
11111110100001000010011110000011
00000000000101111000011100010011
11111110111001000010010000100011
00000000001001111001011110010011
11111111000001000000011100010011
00000000111101110000011110110011
11111101110001111010011110000011
11111100111101000010111000100011
00000011100000000000000001101111
11111011110001000000011110010011
00000000111100000000010100110011
00000000000000000000000000010011
00000000101000000000011100110011
11111100110001000000011110010011
00000000111100000000010110110011
00000000111000000000010100110011
00000000000000000000000000010011
11111110101001000010011000100011
11111100110001000010011110000011
11111100111101000010111000100011
00000000000100000000011110010011
11111110111101000010010000100011
11111110010001000010011100000011
11111110000001000010011110000011
00000010111101110000010001100011
11111110000001000010011110000011
00000000000101111000011100010011
11111110111001000010000000100011
00000000001001111001011110010011
11111111000001000000011100010011
00000000111101110000011110110011
11111101000001111010011110000011
11111100111101000010110000100011
00000011100000000000000001101111
11111011100001000000011110010011
00000000111100000000010100110011
00000000000000000000000000010011
00000000101000000000011100110011
11111100000001000000011110010011
00000000111100000000010110110011
00000000111000000000010100110011
00000000000000000000000000010011
11111110101001000010001000100011
11111100000001000010011110000011
11111100111101000010110000100011
00000000000100000000011110010011
11111110111101000010000000100011
11111101110001000010011100000011
11111101100001000010011110000011
00000000111101110111011001100011
11111111111100000000011110010011
00000010110000000000000001101111
11111101110001000010011100000011
11111101100001000010011110000011
00000000111001111111011001100011
00000000000100000000011110010011
00000001100000000000000001101111
11111101110001000010011110000011
00000000000001111000010001100011
11110000100111111111000001101111
00000000000000000000000000010011
00000000000000000000011110010011
00000000111100000000010100110011
00000100110000010010000010000011
00000100100000010010010000000011
00000101000000010000000100010011
00000000000000001000000001100111
11111011000000010000000100010011
00000100000100010010011000100011
00000100100000010010010000100011
00000101000000010000010000010011
11111010101001000010111000100011
11111010101101000010110000100011
11111110000001000010011000100011
11111110000001000010010000100011
11111110000001000010001000100011
11111110000001000010000000100011
11111110110001000010011100000011
11111110100001000010011110000011
00000010111101110000010001100011
11111110100001000010011110000011
00000000000101111000011100010011
11111110111001000010010000100011
00000000001001111001011110010011
11111111000001000000011100010011
00000000111101110000011110110011
11111101110001111010011110000011
11111100111101000010111000100011
00000011100000000000000001101111
11111011110001000000011110010011
00000000111100000000010100110011
00000000000000000000000000010011
00000000101000000000011100110011
11111100110001000000011110010011
00000000111100000000010110110011
00000000111000000000010100110011
00000000000000000000000000010011
11111110101001000010011000100011
11111100110001000010011110000011
11111100111101000010111000100011
00000000000100000000011110010011
11111110111101000010010000100011
11111110010001000010011100000011
11111110000001000010011110000011
00000010111101110000010001100011
11111110000001000010011110000011
00000000000101111000011100010011
11111110111001000010000000100011
00000000001001111001011110010011
11111111000001000000011100010011
00000000111101110000011110110011
11111101000001111010011110000011
11111100111101000010110000100011
00000011100000000000000001101111
11111011100001000000011110010011
00000000111100000000010100110011
00000000000000000000000000010011
00000000101000000000011100110011
11111100000001000000011110010011
00000000111100000000010110110011
00000000111000000000010100110011
00000000000000000000000000010011
11111110101001000010001000100011
11111100000001000010011110000011
11111100111101000010110000100011
00000000000100000000011110010011
11111110111101000010000000100011
11111101110001000010011100000011
11111101100001000010011110000011
00000000111101110111011001100011
11111111111100000000011110010011
00000010110000000000000001101111
11111101110001000010011100000011
11111101100001000010011110000011
00000000111001111111011001100011
00000000000100000000011110010011
00000001100000000000000001101111
11111101110001000010011110000011
00000000000001111000010001100011
11110000100111111111000001101111
00000000000000000000000000010011
00000000000000000000011110010011
00000000111100000000010100110011
00000100110000010010000010000011
00000100100000010010010000000011
00000101000000010000000100010011
00000000000000001000000001100111
11111011000000010000000100010011
00000100000100010010011000100011
00000100100000010010010000100011
00000101000000010000010000010011
11111010101001000010111000100011
11111010101101000010110000100011
11111110000001000010011000100011
11111110000001000010010000100011
11111110000001000010001000100011
11111110000001000010000000100011
11111110110001000010011100000011
11111110100001000010011110000011
00000010111101110000010001100011
11111110100001000010011110000011
00000000000101111000011100010011
11111110111001000010010000100011
00000000001001111001011110010011
11111111000001000000011100010011
00000000111101110000011110110011
11111101110001111010011110000011
11111100111101000010111000100011
00000011100000000000000001101111
11111011110001000000011110010011
00000000111100000000010100110011
00000000000000000000000000010011
00000000101000000000011100110011
11111100110001000000011110010011
00000000111100000000010110110011
00000000111000000000010100110011
00000000000000000000000000010011
11111110101001000010011000100011
11111100110001000010011110000011
11111100111101000010111000100011
00000000000100000000011110010011
11111110111101000010010000100011
11111110010001000010011100000011
11111110000001000010011110000011
00000010111101110000010001100011
11111110000001000010011110000011
00000000000101111000011100010011
11111110111001000010000000100011
00000000001001111001011110010011
11111111000001000000011100010011
00000000111101110000011110110011
11111101000001111010011110000011
11111100111101000010110000100011
00000011100000000000000001101111
11111011100001000000011110010011
00000000111100000000010100110011
00000000000000000000000000010011
00000000101000000000011100110011
11111100000001000000011110010011
00000000111100000000010110110011
00000000111000000000010100110011
00000000000000000000000000010011
11111110101001000010001000100011
11111100000001000010011110000011
11111100111101000010110000100011
00000000000100000000011110010011
11111110111101000010000000100011
11111101110001000010011100000011
11111101100001000010011110000011
00000000111101110111011001100011
11111111111100000000011110010011
00000010110000000000000001101111
11111101110001000010011100000011
11111101100001000010011110000011
00000000111001111111011001100011
00000000000100000000011110010011
00000001100000000000000001101111
11111101110001000010011110000011
00000000000001111000010001100011
11110000100111111111000001101111
00000000000000000000000000010011
00000000000000000000011110010011
00000000111100000000010100110011
00000100110000010010000010000011
00000100100000010010010000000011
00000101000000010000000100010011
00000000000000001000000001100111
