11111101000000010000000100010011
00000010100000010010011000100011
00000011000000010000010000010011
11111100101001000010111000100011
11111100101101000010110000100011
11111100110001000010101000100011
11111101110001000010011100000011
00000000000000010000011110110111
00000000000001111000011110010011
11111111111101111000011110010011
00000000111101110111011110110011
11111110111101000010011000100011
11111101110001000010011110000011
00000001000001111101011110010011
11111110111101000010010000100011
11111101100001000010011110000011
00111010000001111001010001100011
00000000000100000000011110010011
00111011100000000000000001101111
11111101010001000010011100000011
00000000000000000001011110110111
00000000000001111000011110010011
01011010111101111000011110010011
00000000111001111110011001100011
11111101010001000010011110000011
00000001000000000000000001101111
00000000000000000001011110110111
00000000000001111000011110010011
01011011000001111000011110010011
11111110111101000010001000100011
11111110010001000010011110000011
11111101010001000010011100000011
01000000111101110000011110110011
11111100111101000010101000100011
00101101100000000000000001101111
11111101100001000010011110000011
00000000000001111100011110000011
00000000111100000000011100110011
11111110110001000010011110000011
00000000111001111000011110110011
11111110111101000010011000100011
11111110100001000010011100000011
11111110110001000010011110000011
00000000111101110000011110110011
11111110111101000010010000100011
11111101100001000010011110000011
00000000000101111000011110010011
00000000000001111100011110000011
00000000111100000000011100110011
11111110110001000010011110000011
00000000111001111000011110110011
11111110111101000010011000100011
11111110100001000010011100000011
11111110110001000010011110000011
00000000111101110000011110110011
11111110111101000010010000100011
11111101100001000010011110000011
00000000001001111000011110010011
00000000000001111100011110000011
00000000111100000000011100110011
11111110110001000010011110000011
00000000111001111000011110110011
11111110111101000010011000100011
11111110100001000010011100000011
11111110110001000010011110000011
00000000111101110000011110110011
11111110111101000010010000100011
11111101100001000010011110000011
00000000001101111000011110010011
00000000000001111100011110000011
00000000111100000000011100110011
11111110110001000010011110000011
00000000111001111000011110110011
11111110111101000010011000100011
11111110100001000010011100000011
11111110110001000010011110000011
00000000111101110000011110110011
11111110111101000010010000100011
11111101100001000010011110000011
00000000010001111000011110010011
00000000000001111100011110000011
00000000111100000000011100110011
11111110110001000010011110000011
00000000111001111000011110110011
11111110111101000010011000100011
11111110100001000010011100000011
11111110110001000010011110000011
00000000111101110000011110110011
11111110111101000010010000100011
11111101100001000010011110000011
00000000010101111000011110010011
00000000000001111100011110000011
00000000111100000000011100110011
11111110110001000010011110000011
00000000111001111000011110110011
11111110111101000010011000100011
11111110100001000010011100000011
11111110110001000010011110000011
00000000111101110000011110110011
11111110111101000010010000100011
11111101100001000010011110000011
00000000011001111000011110010011
00000000000001111100011110000011
00000000111100000000011100110011
11111110110001000010011110000011
00000000111001111000011110110011
11111110111101000010011000100011
11111110100001000010011100000011
11111110110001000010011110000011
00000000111101110000011110110011
11111110111101000010010000100011
11111101100001000010011110000011
00000000011101111000011110010011
00000000000001111100011110000011
00000000111100000000011100110011
11111110110001000010011110000011
00000000111001111000011110110011
11111110111101000010011000100011
11111110100001000010011100000011
11111110110001000010011110000011
00000000111101110000011110110011
11111110111101000010010000100011
11111101100001000010011110000011
00000000100001111000011110010011
00000000000001111100011110000011
00000000111100000000011100110011
11111110110001000010011110000011
00000000111001111000011110110011
11111110111101000010011000100011
11111110100001000010011100000011
11111110110001000010011110000011
00000000111101110000011110110011
11111110111101000010010000100011
11111101100001000010011110000011
00000000100101111000011110010011
00000000000001111100011110000011
00000000111100000000011100110011
11111110110001000010011110000011
00000000111001111000011110110011
11111110111101000010011000100011
11111110100001000010011100000011
11111110110001000010011110000011
00000000111101110000011110110011
11111110111101000010010000100011
11111101100001000010011110000011
00000000101001111000011110010011
00000000000001111100011110000011
00000000111100000000011100110011
11111110110001000010011110000011
00000000111001111000011110110011
11111110111101000010011000100011
11111110100001000010011100000011
11111110110001000010011110000011
00000000111101110000011110110011
11111110111101000010010000100011
11111101100001000010011110000011
00000000101101111000011110010011
00000000000001111100011110000011
00000000111100000000011100110011
11111110110001000010011110000011
00000000111001111000011110110011
11111110111101000010011000100011
11111110100001000010011100000011
11111110110001000010011110000011
00000000111101110000011110110011
11111110111101000010010000100011
11111101100001000010011110000011
00000000110001111000011110010011
00000000000001111100011110000011
00000000111100000000011100110011
11111110110001000010011110000011
00000000111001111000011110110011
11111110111101000010011000100011
11111110100001000010011100000011
11111110110001000010011110000011
00000000111101110000011110110011
11111110111101000010010000100011
11111101100001000010011110000011
00000000110101111000011110010011
00000000000001111100011110000011
00000000111100000000011100110011
11111110110001000010011110000011
00000000111001111000011110110011
11111110111101000010011000100011
11111110100001000010011100000011
11111110110001000010011110000011
00000000111101110000011110110011
11111110111101000010010000100011
11111101100001000010011110000011
00000000111001111000011110010011
00000000000001111100011110000011
00000000111100000000011100110011
11111110110001000010011110000011
00000000111001111000011110110011
11111110111101000010011000100011
11111110100001000010011100000011
11111110110001000010011110000011
00000000111101110000011110110011
11111110111101000010010000100011
11111101100001000010011110000011
00000000111101111000011110010011
00000000000001111100011110000011
00000000111100000000011100110011
11111110110001000010011110000011
00000000111001111000011110110011
11111110111101000010011000100011
11111110100001000010011100000011
11111110110001000010011110000011
00000000111101110000011110110011
11111110111101000010010000100011
11111101100001000010011110000011
00000001000001111000011110010011
11111100111101000010110000100011
11111110010001000010011110000011
11111111000001111000011110010011
11111110111101000010001000100011
11111110010001000010011100000011
00000000111100000000011110010011
11010010111001111100001011100011
11111110010001000010011110000011
00000100000001111000010001100011
11111101100001000010011110000011
00000000000101111000011100010011
11111100111001000010110000100011
00000000000001111100011110000011
00000000111100000000011100110011
11111110110001000010011110000011
00000000111001111000011110110011
11111110111101000010011000100011
11111110100001000010011100000011
11111110110001000010011110000011
00000000111101110000011110110011
11111110111101000010010000100011
11111110010001000010011110000011
11111111111101111000011110010011
11111110111101000010001000100011
11111110010001000010011110000011
11111100000001111001000011100011
11111110110001000010011100000011
00000000000000010000011110110111
00000000000001111000011110010011
11111111000101111000011110010011
00000010111101110111011110110011
11111110111101000010011000100011
11111110100001000010011100000011
00000000000000010000011110110111
00000000000001111000011110010011
11111111000101111000011110010011
00000010111101110111011110110011
11111110111101000010010000100011
11111101010001000010011110000011
11000110000001111001000011100011
11111110100001000010011110000011
00000001000001111001011100010011
11111110110001000010011110000011
00000000111101110110011110110011
00000000111100000000010100110011
00000010110000010010010000000011
00000011000000010000000100010011
00000000000000001000000001100111
