11111101000000010000000100010011
00000010000100010010011000100011
00000010100000010010010000100011
00000011000000010000010000010011
11111100101001000010111000100011
11111101110001000010011110000011
00000000000001111001011001100011
11111111111000000000011110010011
00000100010000000000000001101111
11111101110001000010011110000011
11111110111101000010011000100011
11111110110001000010011110000011
00000000110001111010011100000011
00000000000000000010011110110111
00000000000001111000011110010011
11000100111101111000011110010011
00000000111101110001101001100011
11111101110001000010010100000011
00000000000000000000000000010011
00000000101000000000011110110011
00000001000000000000000001101111
11111101110001000010010100000011
00000000000000000000000000010011
00000000101000000000011110110011
00000000000000000000000000010011
00000000111100000000010100110011
00000010110000010010000010000011
00000010100000010010010000000011
00000011000000010000000100010011
00000000000000001000000001100111
