11111110000000010000000100010011
00000000000100010010111000100011
00000000100000010010110000100011
00000010000000010000010000010011
11111110101001000010011000100011
11111110110001000010011110000011
00000000000001111010000000100011
11111110110001000010011110000011
00000000110001111010011100000011
00000000000000000010011110110111
00000000000001111000011110010011
11000100111101111000011110010011
00000000111101110001111001100011
11111110110001000010011110000011
00000010000001111010101000100011
11111110110001000010011110000011
00000010000001111010110000100011
11111110110001000010011110000011
00000010000001111010011000100011
11111110110001000010011110000011
00000100000001111010010000100011
00000000000000000000011000010011
00000000000000000000010110010011
11111110110001000010010100000011
00000000000000000000000000010011
11111110110001000010011110000011
00000000000001111010010000100011
11111110110001000010011110000011
00000100000001111010110000100011
00000000000000000000000000010011
00000001110000010010000010000011
00000001100000010010010000000011
00000010000000010000000100010011
00000000000000001000000001100111
11111100000000010000000100010011
00000010000100010010111000100011
00000010100000010010110000100011
00000100000000010000010000010011
11111100101001000010011000100011
11111100101101000010010000100011
11111100110001000010001000100011
11111110000001000010011000100011
11111110000001000010010000100011
11111100110001000010011110000011
00000000000001111001011001100011
00000000000000000000011110010011
00111100010000000000000001101111
00001000110000000000010100010011
00000000000000000000000000010011
00000000101000000000011110110011
11111110111101000010001000100011
11111110010001000010011110000011
00000000000001111001011001100011
00000000000000000000011110010011
00111010010000000000000001101111
11111110010001000010011110000011
00000000000001111010110000100011
11111110010001000010011110000011
00000000000000000010011100110111
00000000000001110000011100010011
00000000111001111010111000100011
11111110010001000010011110000011
00000100000001111010100000100011
11111110010001000010011110000011
00000000000001111010011000100011
11111110010001000010011110000011
11111111111100000000011100010011
00000010111001111010111000100011
11111110010001000010011110000011
00000100000001111010000000100011
11111110010001000010011110000011
00000010000001111010010000100011
00010010110000000000000001101111
11111100010001000010011110000011
00000000000001111100011100000011
00000010111100000000011110010011
00000010111001111111011001100011
11111100010001000010011110000011
00000000000001111100011100000011
00000011100100000000011110010011
00000000111001111110111001100011
11111100010001000010011110000011
00000000000001111100011110000011
11111101000001111000011100010011
11111110010001000010011110000011
00000010111001111010111000100011
00001110100000000000000001101111
11111100010001000010011110000011
00000000000001111100011110000011
11111101010101111000011110010011
00000100110100000000011100010011
00001100111101110110101001100011
00000000001001111001011100010011
00010000000000010000011110110111
00000000010001111000011110010011
00000000111101110000011110110011
00000000000001111010011110000011
00000000000001111000000001100111
11111110010001000010011110000011
00000000000000000010011100110111
00000000000001110000011100010011
11000100111101110000011100010011
00000000111001111010011000100011
00001010010000000000000001101111
11111110010001000010011110000011
00000000000000001000011100110111
00000000000001110000011100010011
10011011000101110000011100010011
00000000111001111010011000100011
00001000110000000000000001101111
11111110010001000010011110000011
00000000000100000000011100010011
00000000111001111010011000100011
00000111110000000000000001101111
11111110010001000010010100000011
00000000000000000000000000010011
00000000000000000000011110010011
00101010100000000000000001101111
00000000000100000000011110010011
11111110111101000010011000100011
00000110000000000000000001101111
00000000000100000000011110010011
11111110111101000010010000100011
00000101010000000000000001101111
11111110010001000010011110000011
00000000000100000000011100010011
00000100111001111010000000100011
00000100010000000000000001101111
11111110010001000010011110000011
00000000001000000000011100010011
00000100111001111010000000100011
00000011010000000000000001101111
11111110010001000010011110000011
00000000001100000000011100010011
00000100111001111010000000100011
00000010010000000000000001101111
11111110010001000010011110000011
00000000010000000000011100010011
00000100111001111010000000100011
00000001010000000000000001101111
11111110010001000010011110000011
00000000000100000000011100010011
00000010111001111010010000100011
00000000000000000000000000010011
11111100010001000010011110000011
00000000000101111000011110010011
11111100111101000010001000100011
11111100010001000010011110000011
00000000000001111100011110000011
11101100000001111001100011100011
11111110010001000010011110000011
00000000110001111010011110000011
00000000000001111001101001100011
11111110010001000010010100000011
00000000000000000000000000010011
00000000000000000000011110010011
00100000110000000000000001101111
11111110010001000010011110000011
00000000110001111010011100000011
00000000000000000010011110110111
00000000000001111000011110010011
11000100111101111000011110010011
00000010111101110001011001100011
11111110010001000010011110000011
00000010100001111010011110000011
00000000000001111000101001100011
11111110010001000010010100000011
00000000000000000000000000010011
00000000000000000000011110010011
00011101100000000000000001101111
11111110010001000010011110000011
00000000000100000000011100010011
00000010111001111010010000100011
11111100110001000010010100000011
00000000000000000000000000010011
11111110101001000010000000100011
11111110000001000010011110000011
00000000000101111000011110010011
00000000111100000000010100110011
00000000000000000000000000010011
00000000101000000000011110110011
00000000111100000000011100110011
11111110010001000010011110000011
00000000111001111010101000100011
11111110010001000010011110000011
00000001010001111010011110000011
00000000000001111001101001100011
11111110010001000010010100000011
00000000000000000000000000010011
00000000000000000000011110010011
00011000010000000000000001101111
11111110010001000010011110000011
00000001010001111010011100000011
11111110000001000010011110000011
00000000000101111000010110010011
11111100110001000010011010000011
00010000000000010000011110110111
00000000000001111000011000010011
00000000111000000000010100110011
00000000000000000000000000010011
11111110110001000010011110000011
00000000000001111000100001100011
00000000000010000000011010110111
00000000000001101000011010010011
00000000100000000000000001101111
00000000000000000000011010010011
11111110010001000010011110000011
00000000110001111010011100000011
00000000000000000010011110110111
00000000000001111000011110010011
11000100111101111000011110010011
00000100111101110000001001100011
11111110100001000010011110000011
00000000000001111000011001100011
00001100000100000000011100010011
00000000100000000000000001101111
00000100000100000000011100010011
11111110010001000010011110000011
00000000110001111010011000000011
00000000000000001000011110110111
00000000000001111000011110010011
10011011000101111000011110010011
00000000111101100001011001100011
00100000000000000000011110010011
00000000100000000000000001101111
01000000000000000000011110010011
00000000111101110110011110110011
00000000100000000000000001101111
00000000000000000000011110010011
00000000111101101110011110110011
11111100111101000010111000100011
11111100100001000010011110000011
00000000000001111101111001100011
00011011011000000000011000010011
11111101110001000010010110000011
11111100110001000010010100000011
00000000000000000000000000010011
00000000101000000000011110110011
00000000100000000000000001101111
11111100100001000010011110000011
11111110010001000010011100000011
00000000111101110010100000100011
11111110010001000010011110000011
00000001000001111010011100000011
11111111111100000000011110010011
00000010111101110001001001100011
11111110010001000010011110000011
00000001010001111010011110000011
00000000111100000000010100110011
00000000000000000000000000010011
11111110010001000010010100000011
00000000000000000000000000010011
00000000000000000000011110010011
00001000100000000000000001101111
11111110010001000010011110000011
00000000110001111010011100000011
00000000000100000000011110010011
00000000111101110001110001100011
11111110010001000010011110000011
00000000000000001000011100110111
00000000000001110000011100010011
10011011000101110000011100010011
00000000111001111010011000100011
11111110010001000010011110000011
00000000110001111010011100000011
00000000000000000010011110110111
00000000000001111000011110010011
11000100111101111000011110010011
00000100111101110001000001100011
11111110010001000010011110000011
00000001000001111010011110000011
00000000000100000000011000010011
00000000000000000000010110010011
00000000111100000000010100110011
00000000000000000000000000010011
00000000101000000000011100110011
11111110010001000010011110000011
00000010111001111010100000100011
11111110010001000010011110000011
00000011000001111010011100000011
11111111111100000000011110010011
00000000111101110001011001100011
11111110010001000010011110000011
00000010000001111010100000100011
11111110010001000010010100000011
00000000000000000000000000010011
11111110010001000010011110000011
00000000111100000000010100110011
00000011110000010010000010000011
00000011100000010010010000000011
00000100000000010000000100010011
00000000000000001000000001100111
11111110000000010000000100010011
00000000000100010010111000100011
00000000100000010010110000100011
00000010000000010000010000010011
11111110101001000010011000100011
11111110101101000010010000100011
11111110100001000010011000000011
11111111111100000000010110010011
11111110110001000010010100000011
00000000000000000000000000010011
00000000101000000000011110110011
00000000111100000000010100110011
00000001110000010010000010000011
00000001100000010010010000000011
00000010000000010000000100010011
00000000000000001000000001100111
11111110000000010000000100010011
00000000000100010010111000100011
00000000100000010010110000100011
00000010000000010000010000010011
11111110101001000010011000100011
11111110101101000010010000100011
11111110100001000010011000000011
11111111111100000000010110010011
11111110110001000010010100000011
00000000000000000000000000010011
00000000101000000000011110110011
00000000111100000000010100110011
00000001110000010010000010000011
00000001100000010010010000000011
00000010000000010000000100010011
00000000000000001000000001100111
11111101000000010000000100010011
00000010000100010010011000100011
00000010100000010010010000100011
00000011000000010000010000010011
11111100101001000010111000100011
11111100101101000010110000100011
11111101110001000010011100000011
11111111111100000000011110010011
00000000111101110000111001100011
00000001001100000000010100010011
00000000000000000000000000010011
00000000101000000000011110110011
11111110111101000010011000100011
11111110110001000010011110000011
00000000000001111001011001100011
00000000000000000000011110010011
00000011110000000000000001101111
11111101110001000010011010000011
00010000000000010000011110110111
00010011110001111000011000010011
00000001001100000000010110010011
11111110110001000010010100000011
00000000000000000000000000010011
11111101100001000010011000000011
11111101110001000010010110000011
11111110110001000010010100000011
00000000000000000000000000010011
11111110101001000010010000100011
11111110110001000010010100000011
00000000000000000000000000010011
11111110100001000010011110000011
00000000111100000000010100110011
00000010110000010010000010000011
00000010100000010010010000000011
00000011000000010000000100010011
00000000000000001000000001100111
11111101000000010000000100010011
00000010100000010010011000100011
00000011000000010000010000010011
11111100101001000010111000100011
11111100101101000010110000100011
11111101110001000010011110000011
00000000000001111001011001100011
11111111111100000000011110010011
00000111110000000000000001101111
11111101110001000010011110000011
11111110111101000010011000100011
11111110110001000010011110000011
00000000110001111010011100000011
00000000000000000010011110110111
00000000000001111000011110010011
11000100111101111000011110010011
00000010111101110000001001100011
11111110110001000010011110000011
00000000110001111010011100000011
00000000000000001000011110110111
00000000000001111000011110010011
10011011000101111000011110010011
00000000111101110000011001100011
11111111111100000000011110010011
00000011110000000000000001101111
11111110110001000010011110000011
00000001100001111010011110000011
00000000000001111000011001100011
11111111111100000000011110010011
00000010100000000000000001101111
11111101100001000010011100000011
00000000000100000000011110010011
00000000111001111110011001100011
00000000001000000000011110010011
11111100111101000010110000100011
11111110110001000010011110000011
11111101100001000010011100000011
00000000111001111010111000100011
00000000000000000000011110010011
00000000111100000000010100110011
00000010110000010010010000000011
00000011000000010000000100010011
00000000000000001000000001100111
11111101000000010000000100010011
00000010000100010010011000100011
00000010100000010010010000100011
00000011000000010000010000010011
11111100101001000010111000100011
11111101110001000010011110000011
00000000000001111001011001100011
11111111111100000000011110010011
00001000100000000000000001101111
11111101110001000010011110000011
11111110111101000010011000100011
11111110110001000010011110000011
00000000110001111010011100000011
00000000000000000010011110110111
00000000000001111000011110010011
11000100111101111000011110010011
00000010111101110001000001100011
11111110110001000010011110000011
00000100110001111010011110000011
00000000000001111000111001100011
11111110110001000010011110000011
00000100110001111010011100000011
11111111101100000000011110010011
00000000111101110000011001100011
11111111111100000000011110010011
00000100010000000000000001101111
11111110110001000010011110000011
00000001000001111010011100000011
11111110110001000010011110000011
00000011000001111010011110000011
00000000000000000000011000010011
00000000111100000000010110110011
00000000111000000000010100110011
00000000000000000000000000010011
00000000101000000000011100110011
11111111111100000000011110010011
00000000111101110001011001100011
11111111111100000000011110010011
00000001000000000000000001101111
11111110110001000010010100000011
00000000000000000000000000010011
00000000000000000000011110010011
00000000111100000000010100110011
00000010110000010010000010000011
00000010100000010010010000000011
00000011000000010000000100010011
00000000000000001000000001100111
11111101000000010000000100010011
00000010000100010010011000100011
00000010100000010010010000100011
00000011000000010000010000010011
11111100101001000010111000100011
11111100101101000010110000100011
11111100110001000010101000100011
11111101110001000010011110000011
00000000000001111001011001100011
11111111111100000000011110010011
00101110100000000000000001101111
11111101110001000010011110000011
11111110111101000010011000100011
11111110110001000010011110000011
00000000110001111010011100000011
00000000000000000010011110110111
00000000000001111000011110010011
11000100111101111000011110010011
00000010111101110000001001100011
11111110110001000010011110000011
00000000110001111010011100000011
00000000000000001000011110110111
00000000000001111000011110010011
10011011000101111000011110010011
00000000111101110000011001100011
11111111111100000000011110010011
00101010100000000000000001101111
11111110110001000010011110000011
00000100110001111010011110000011
00000000000001111000111001100011
11111110110001000010011110000011
00000100110001111010011100000011
11111111101100000000011110010011
00000000111101110000011001100011
11111111111100000000011110010011
00101000010000000000000001101111
11111101010001000010011110000011
00000000000001111000110001100011
11111101010001000010011100000011
00000000000100000000011110010011
00000000111101110000011001100011
11111111111100000000011110010011
00100110100000000000000001101111
11111101010001000010011110000011
00000000000001111001111001100011
11111110110001000010011110000011
00000000100001111010011110000011
11111101100001000010011100000011
01000000111101110000011110110011
11111100111101000010110000100011
00000010010000000000000001101111
11111110110001000010011110000011
00000100100001111010011110000011
00000000000001111000110001100011
11111110110001000010011110000011
00000100010001111010011110000011
11111101100001000010011100000011
00000000111101110000011110110011
11111100111101000010110000100011
11111110110001000010011110000011
00000100000001111010010000100011
11111110110001000010011110000011
00000000110001111010011100000011
00000000000000000010011110110111
00000000000001111000011110010011
11000100111101111000011110010011
00001100111101110001001001100011
11111110110001000010011110000011
00000010110001111010011100000011
00000000000100000000011110010011
00001010111101110001101001100011
11111110110001000010011110000011
00000000100001111010011100000011
11111101100001000010011110000011
00000000111101110000011110110011
00001010000001111100000001100011
11111110110001000010011110000011
00000001000001111010011010000011
11111101100001000010011100000011
11111110110001000010011110000011
00000000000001111010011110000011
01000000111101110000011110110011
00000000000100000000011000010011
00000000111100000000010110110011
00000000110100000000010100110011
00000000000000000000000000010011
11111110101001000010010000100011
11111110100001000010011100000011
11111111111100000000011110010011
00000000111101110001011001100011
11111111111100000000011110010011
00011010010000000000000001101111
11111110110001000010011110000011
00000000000001111010000000100011
11111110110001000010011110000011
00000010000001111010101000100011
11111110110001000010011110000011
00000010000001111010110000100011
11111110110001000010011110000011
00000100000001111010010000100011
00000000000000000000011000010011
00000000000000000000010110010011
11111110110001000010010100000011
00000000000000000000000000010011
11111110110001000010011110000011
00000100000001111010110000100011
11111110110001000010011110000011
00000000100001111010011100000011
11111101100001000010011110000011
00000000111101110000011100110011
11111110110001000010011110000011
00000000111001111010010000100011
11111110110001000010011110000011
00000000100001111010011110000011
00010100100000000000000001101111
11111101100001000010011110000011
00000110000001111101001001100011
11111110110001000010011110000011
00000000110001111010011100000011
00000000000000000010011110110111
00000000000001111000011110010011
11000100111101111000011110010011
00000000111101110000011001100011
11111111111100000000011110010011
00010010000000000000000001101111
11111110110001000010011110000011
00000000100001111010011110000011
11111101100001000010011100000011
00000000111101110000011110110011
11111100111101000010110000100011
11111101100001000010011110000011
00000000000001111101011001100011
11111111111100000000011110010011
00001111110000000000000001101111
11111101110001000010010100000011
00000000000000000000000000010011
00000000101000000000011100110011
11111111111100000000011110010011
00000000111101110001011001100011
11111111111100000000011110010011
00001110000000000000000001101111
11111110110001000010011110000011
00000000110001111010011100000011
00000000000000000010011110110111
00000000000001111000011110010011
11000100111101111000011110010011
00001000111101110001110001100011
11111110110001000010011110000011
00000000000001111010011110000011
00000010000001111100001001100011
11111110110001000010011110000011
00000000000001111010011110000011
00000000111100000000011100110011
11111101100001000010011110000011
00000000111001111100100001100011
11111110110001000010011110000011
00000000000001111010011110000011
00000000100000000000000001101111
11111101100001000010011110000011
11111110111101000010001000100011
11111110110001000010011110000011
00000000000001111010011100000011
11111110010001000010011110000011
01000000111101110000011100110011
11111110110001000010011110000011
00000000111001111010000000100011
11111110110001000010011110000011
00000000010001111010011100000011
11111110010001000010011110000011
00000000111101110000011100110011
11111110110001000010011110000011
00000000111001111010001000100011
11111110110001000010011110000011
00000000100001111010011110000011
00000000111100000000011100110011
11111110010001000010011110000011
00000000111101110000011110110011
00000000111100000000011100110011
11111110110001000010011110000011
00000000111001111010010000100011
11111101100001000010011100000011
11111110010001000010011110000011
01000000111101110000011110110011
11111100111101000010110000100011
11111101100001000010011110000011
00000000000001111000111001100011
11111110110001000010011110000011
00000000000100000000011100010011
00000100111001111010010000100011
11111110110001000010011110000011
11111101100001000010011100000011
00000100111001111010001000100011
11111110110001000010011110000011
00000000100001111010011100000011
11111101100001000010011110000011
00000000111101110000011110110011
00000000111100000000010100110011
00000010110000010010000010000011
00000010100000010010010000000011
00000011000000010000000100010011
00000000000000001000000001100111
11111101000000010000000100010011
00000010000100010010011000100011
00000010100000010010010000100011
00000011000000010000010000010011
11111100101001000010111000100011
11111100101101000010110000100011
11111100110001000010101000100011
11111101010001000010011000000011
11111101100001000010010110000011
11111101110001000010010100000011
00000000000000000000000000010011
11111110101001000010011000100011
11111110110001000010011110000011
00000000111100000000010100110011
00000010110000010010000010000011
00000010100000010010010000000011
00000011000000010000000100010011
00000000000000001000000001100111
11111101000000010000000100010011
00000010100000010010011000100011
00000011000000010000010000010011
11111100101001000010111000100011
11111101110001000010011110000011
00000000000001111001011001100011
11111111111100000000011110010011
00000110110000000000000001101111
11111101110001000010011110000011
11111110111101000010011000100011
11111110110001000010011110000011
00000000110001111010011100000011
00000000000000000010011110110111
00000000000001111000011110010011
11000100111101111000011110010011
00000010111101110000001001100011
11111110110001000010011110000011
00000000110001111010011100000011
00000000000000001000011110110111
00000000000001111000011110010011
10011011000101111000011110010011
00000000111101110000011001100011
11111111111100000000011110010011
00000010110000000000000001101111
11111110110001000010011110000011
00000000100001111010011100000011
11111110110001000010011110000011
00000100100001111010011110000011
00000000000001111000100001100011
11111110110001000010011110000011
00000100010001111010011110000011
00000000100000000000000001101111
00000000000000000000011110010011
00000000111001111000011110110011
00000000111100000000010100110011
00000010110000010010010000000011
00000011000000010000000100010011
00000000000000001000000001100111
11111101000000010000000100010011
00000010000100010010011000100011
00000010100000010010010000100011
00000011000000010000010000010011
11111100101001000010111000100011
11111101110001000010010100000011
00000000000000000000000000010011
11111110101001000010011000100011
11111110110001000010011110000011
00000000111100000000010100110011
00000010110000010010000010000011
00000010100000010010010000000011
00000011000000010000000100010011
00000000000000001000000001100111
11111101000000010000000100010011
00000010000100010010011000100011
00000010100000010010010000100011
00000011000000010000010000010011
11111100101001000010111000100011
11111101110001000010011110000011
00000000000001111001011001100011
11111111111100000000011110010011
00001010010000000000000001101111
11111101110001000010011110000011
11111110111101000010010000100011
11111110100001000010011110000011
00000000110001111010011100000011
00000000000000000010011110110111
00000000000001111000011110010011
11000100111101111000011110010011
00000010111101110000001001100011
11111110100001000010011110000011
00000000110001111010011100000011
00000000000000001000011110110111
00000000000001111000011110010011
10011011000101111000011110010011
00000000111101110000011001100011
11111111111100000000011110010011
00000110010000000000000001101111
11111110100001000010011110000011
00000001000001111010011110000011
00000000000100000000011000010011
00000000000000000000010110010011
00000000111100000000010100110011
00000000000000000000000000010011
11111110101001000010011000100011
11111110110001000010011100000011
11111111111100000000011110010011
00000000111101110001011001100011
11111111111100000000011110010011
00000011010000000000000001101111
11111110100001000010011110000011
00000000110001111010011100000011
00000000000000000010011110110111
00000000000001111000011110010011
11000100111101111000011110010011
00000000111101110001110001100011
11111110110001000010011100000011
11111110100001000010011110000011
00000101100001111010011110000011
01000000111101110000011110110011
11111110111101000010011000100011
11111110110001000010011110000011
00000000111100000000010100110011
00000010110000010010000010000011
00000010100000010010010000000011
00000011000000010000000100010011
00000000000000001000000001100111
11111101000000010000000100010011
00000010000100010010011000100011
00000010100000010010010000100011
00000011000000010000010000010011
11111100101001000010111000100011
11111101110001000010010100000011
00000000000000000000000000010011
11111110101001000010011000100011
11111110110001000010011110000011
00000000111100000000010100110011
00000010110000010010000010000011
00000010100000010010010000000011
00000011000000010000000100010011
00000000000000001000000001100111
11111101000000010000000100010011
00000010100000010010011000100011
00000011000000010000010000010011
11111100101001000010111000100011
11111101110001000010011110000011
00000000000001111001011001100011
00000000000000000000011110010011
00000110110000000000000001101111
11111101110001000010011110000011
11111110111101000010011000100011
11111110110001000010011110000011
00000000110001111010011100000011
00000000000000000010011110110111
00000000000001111000011110010011
11000100111101111000011110010011
00000010111101110000001001100011
11111110110001000010011110000011
00000000110001111010011100000011
00000000000000001000011110110111
00000000000001111000011110010011
10011011000101111000011110010011
00000000111101110000011001100011
00000000000000000000011110010011
00000010110000000000000001101111
11111110110001000010011110000011
00000000110001111010011100000011
00000000000000000010011110110111
00000000000001111000011110010011
11000100111101111000011110010011
00000000111101110001100001100011
11111110110001000010011110000011
00000011100001111010011110000011
00000000100000000000000001101111
00000000000000000000011110010011
00000000111100000000010100110011
00000010110000010010010000000011
00000011000000010000000100010011
00000000000000001000000001100111
11111101000000010000000100010011
00000010100000010010011000100011
00000011000000010000010000010011
11111100101001000010111000100011
11111100101101000010110000100011
11111101110001000010011110000011
00000000000001111001011001100011
00000000000000000000011110010011
00001001100000000000000001101111
11111101110001000010011110000011
11111110111101000010011000100011
11111110110001000010011110000011
00000000110001111010011100000011
00000000000000000010011110110111
00000000000001111000011110010011
11000100111101111000011110010011
00000010111101110000001001100011
11111110110001000010011110000011
00000000110001111010011100000011
00000000000000001000011110110111
00000000000001111000011110010011
10011011000101111000011110010011
00000000111101110000011001100011
00000000000000000000011110010011
00000101100000000000000001101111
11111101100001000010011110000011
00000000000001111000101001100011
11111110110001000010011110000011
00000100110001111010011100000011
11111101100001000010011110000011
00000000111001111010000000100011
11111110110001000010011110000011
00000100110001111010011100000011
11111111110000000000011110010011
00000010111101110000010001100011
11111110110001000010011110000011
00000101000001111010011110000011
00000000000001111000100001100011
11111110110001000010011110000011
00000101000001111010011110000011
00000001100000000000000001101111
00010000000000010000011110110111
00010100010001111000011110010011
00000000110000000000000001101111
00010000000000010000011110110111
00010100100001111000011110010011
00000000111100000000010100110011
00000010110000010010010000000011
00000011000000010000000100010011
00000000000000001000000001100111
11111101000000010000000100010011
00000010000100010010011000100011
00000010100000010010010000100011
00000011000000010000010000010011
11111100101001000010111000100011
11111101110001000010011110000011
00000110000001111000110001100011
11111101110001000010011110000011
11111110111101000010011000100011
11111110110001000010011110000011
00000000110001111010011100000011
00000000000000000010011110110111
00000000000001111000011110010011
11000100111101111000011110010011
00000000111101110000111001100011
11111110110001000010011110000011
00000000110001111010011100000011
00000000000000001000011110110111
00000000000001111000011110010011
10011011000101111000011110010011
00000100111101110001010001100011
11111110110001000010011110000011
00000000110001111010011100000011
00000000000000000010011110110111
00000000000001111000011110010011
11000100111101111000011110010011
00000000111101110001101001100011
11111110110001000010011110000011
00000010000001111010101000100011
11111110110001000010011110000011
00000010000001111010110000100011
00000000000000000000011000010011
00000000000000000000010110010011
11111110110001000010010100000011
00000000000000000000000000010011
00000001000000000000000001101111
00000000000000000000000000010011
00000000100000000000000001101111
00000000000000000000000000010011
00000010110000010010000010000011
00000010100000010010010000000011
00000011000000010000000100010011
00000000000000001000000001100111
11111110000000010000000100010011
00000000000100010010111000100011
00000000100000010010110000100011
00000000100100010010101000100011
00000001001000010010100000100011
00000010000000010000010000010011
11111110101001000010011000100011
11111110101101000010010000100011
11111110110001000010001000100011
11111110110001000010011110000011
00000101000001111010011110000011
00000010000001111000011001100011
11111110110001000010011110000011
00000100110001111010011100000011
11111111110000000000011110010011
00000000111101110000101001100011
11111110110001000010011110000011
00000101000001111010011110000011
00000000111100000000010100110011
00000000000000000000000000010011
11111110110001000010011110000011
00000100000001111010100000100011
11111110100001000010011110000011
00000000000001111000110001100011
11111110100001000010011100000011
11111111101100000000011110010011
00000000111101110000011001100011
11111110110001000010011110000011
00000000000001111010000000100011
11111110110001000010011110000011
11111110100001000010011100000011
00000100111001111010011000100011
11111110010001000010011110000011
00001100000001111000001001100011
11111110100001000010011100000011
11111111110000000000011110010011
00001100111101110000000001100011
11111110110001000010011110000011
00000001010001111010011110000011
00000000111100000000010100110011
00000000000000000000000000010011
00000000101000000000010010110011
11111110010001000010010100000011
00000000000000000000000000010011
00000000101000000000011110110011
00000000111101001000011110110011
00000000001101111000011110010011
00000000111100000000010100110011
00000000000000000000000000010011
00000000101000000000011110110011
00000000111100000000011100110011
11111110110001000010011110000011
00000100111001111010100000100011
11111110110001000010011110000011
00000101000001111010011110000011
00000000000001111001101001100011
11111110110001000010011110000011
11111111110000000000011100010011
00000100111001111010011000100011
00000110100000000000000001101111
11111110110001000010011110000011
00000101000001111010010010000011
11111110110001000010011110000011
00000001010001111010011110000011
00000000111100000000010100110011
00000000000000000000000000010011
00000000101000000000100100110011
11111110010001000010010100000011
00000000000000000000000000010011
00000000101000000000011110110011
00000000111110010000011110110011
00000000001101111000010110010011
11111110110001000010011110000011
00000001010001111010011010000011
11111110010001000010011110000011
00010000000000010000011100110111
00010101100001110000011100010011
00010000000000010000011000110111
00010101110001100000011000010011
00000000100100000000010100110011
00000000000000000000000000010011
00000001000000000000000001101111
00000000000000000000000000010011
00000000100000000000000001101111
00000000000000000000000000010011
00000001110000010010000010000011
00000001100000010010010000000011
00000001010000010010010010000011
00000001000000010010100100000011
00000010000000010000000100010011
00000000000000001000000001100111
