11111101000000010000000100010011
00000010000100010010011000100011
00000010100000010010010000100011
00000011000000010000010000010011
11111100101001000010111000100011
11111100101101000010110000100011
11111100110001000010101000100011
11111100110101000010100000100011
11111101000001000010011110000011
00000000000001111010000000100011
11111101110001000010011110000011
00000001000001111010011010000011
11111101000001000010011110000011
00000000000001111010011110000011
11111101100001000010011100000011
00000000111101110000010110110011
11111101000001000010011110000011
00000000000001111010011110000011
11111101010001000010011100000011
01000000111101110000011110110011
00000000111100000000011000110011
00000000110100000000010100110011
00000000000000000000000000010011
11111110101001000010011000100011
11111110110001000010011110000011
00000010111100000101100001100011
11111101000001000010011110000011
00000000000001111010011100000011
11111110110001000010011110000011
00000000111101110000011100110011
11111101000001000010011110000011
00000000111001111010000000100011
11111101000001000010011110000011
00000000000001111010011110000011
11111101010001000010011100000011
11111000111001111110111011100011
00000000100000000000000001101111
00000000000000000000000000010011
11111110110001000010011110000011
00000010000001111101101001100011
00000000000000000000000000010011
00000000101000000000011110110011
00000000000001111010011110000011
00000000111100000000010100110011
00000000000000000000000000010011
00000000101000000000011110110011
00000000111100000000011000110011
11111111111100000000010110010011
11111101110001000010010100000011
00000000000000000000000000010011
11111111111100000000011110010011
00000001110000000000000001101111
11111110110001000010011110000011
00000000000001111001100001100011
11111101110001000010011110000011
00000000000100000000011100010011
00000010111001111010101000100011
00000000000000000000011110010011
00000000111100000000010100110011
00000010110000010010000010000011
00000010100000010010010000000011
00000011000000010000000100010011
00000000000000001000000001100111
11111100000000010000000100010011
00000010000100010010111000100011
00000010100000010010110000100011
00000100000000010000010000010011
11111100101001000010011000100011
11111100110001000010011110000011
00000101010001111000011110010011
11111110111101000010000000100011
11111100110001000010011110000011
00000100110001111010011110000011
00000000000001111000111001100011
11111100110001000010011110000011
00000100110001111010011100000011
11111111101100000000011110010011
00000000111101110000011001100011
11111111111100000000011110010011
00001111000000000000000001101111
11111100110001000010011110000011
00000011010001111010011110000011
00001110000001111001000001100011
11111110000001000010011110000011
00000000010001111010011110000011
00000100000001111000111001100011
11111100110001000010011110000011
00000010000001111010011110000011
11111110111101000010011000100011
11111110000001000010011110000011
00000000000001111010011110000011
11111110111101000010010000100011
11111110000001000010011110000011
00000000010001111010011110000011
11111110111101000010001000100011
11111110100001000010011100000011
00000000000101110000011110010011
11111110111101000010010000100011
11111110110001000010011110000011
00000000000101111000011010010011
11111110110101000010011000100011
00000000000001110100011100000011
00000000111001111000000000100011
11111110010001000010011110000011
11111111111101111000011110010011
11111110111101000010001000100011
11111110010001000010011110000011
11111100000001111001100011100011
11111100110001000010011110000011
00000010000001111010011100000011
11111110000001000010011110000011
00000000010001111010011110000011
00000000111101110000010110110011
11111100110001000010011110000011
00000001100001111010011100000011
11111110000001000010011110000011
00000000010001111010011110000011
01000000111101110000011110110011
11111101110001000000011100010011
00000000111000000000011010110011
00000000111100000000011000110011
11111100110001000010010100000011
00000000000000000000000000010011
00000000101000000000011100110011
11111111111100000000011110010011
00000000111101110001011001100011
11111111111100000000011110010011
00000011000000000000000001101111
11111110000001000010011110000011
00000000010001111010011100000011
11111101110001000010011110000011
00000000111101110000011100110011
11111110000001000010011110000011
00000000111001111010001000100011
11111100110001000010011110000011
00000010000001111010011100000011
11111110000001000010011110000011
00000000111001111010000000100011
00000000000000000000011110010011
00000000111100000000010100110011
00000011110000010010000010000011
00000011100000010010010000000011
00000100000000010000000100010011
00000000000000001000000001100111
11111101000000010000000100010011
00000010000100010010011000100011
00000010100000010010010000100011
00000011000000010000010000010011
11111100101001000010111000100011
11111101110001000010011110000011
00000101010001111000011110010011
11111110111101000010011000100011
11111101110001000010011110000011
00000001100001111010011110000011
00010100000001111001110001100011
11111101110001000010011110000011
00000001110001111010011110000011
00000000111100000000010100110011
00000000000000000000000000010011
00000000101000000000011110110011
00000000111100000000011100110011
11111101110001000010011110000011
00000010111001111010000000100011
11111101110001000010011110000011
00000001110001111010011110000011
00000000000101111001011110010011
00000000111100000000010100110011
00000000000000000000000000010011
00000000101000000000011110110011
00000000111100000000011100110011
11111101110001000010011110000011
00000010111001111010001000100011
11111101110001000010011110000011
00000010000001111010011110000011
00000000000001111000100001100011
11111101110001000010011110000011
00000010010001111010011110000011
00000100000001111001110001100011
11111101110001000010011110000011
00000010010001111010011110000011
00000000000001111000101001100011
11111101110001000010011110000011
00000010010001111010011110000011
00000000111100000000010100110011
00000000000000000000000000010011
11111101110001000010011110000011
00000010000001111010011110000011
00000000000001111000101001100011
11111101110001000010011110000011
00000010000001111010011110000011
00000000111100000000010100110011
00000000000000000000000000010011
00010000000000010000011110110111
00000000000001111000011000010011
11111111110000000000010110010011
11111101110001000010010100000011
00000000000000000000000000010011
11111111111100000000011110010011
00011111000000000000000001101111
11111101110001000010011110000011
00000001110001111010011100000011
11111101110001000010011110000011
00000000111001111010110000100011
11111101110001000010011110000011
00000110000001111010101000100011
11111101110001000010011110000011
00000110000001111010110000100011
11111101110001000010011110000011
00000110000001111010111000100011
11111101110001000010011110000011
00000100000001111010110000100011
11111101110001000010011110000011
00000100000001111010101000100011
11111101110001000010011110000011
00000101010001111000011100010011
00000011100000000000011010010011
00010000000000010000011110110111
00000001000001111000011000010011
00000001111100000000010110010011
00000000111000000000010100110011
00000000000000000000000000010011
00000000101000000000011110110011
00000100000001111000010001100011
11111101110001000010011110000011
00000010010001111010011110000011
00000000111100000000010100110011
00000000000000000000000000010011
11111101110001000010011110000011
00000010000001111010011110000011
00000000111100000000010100110011
00000000000000000000000000010011
11111101110001000010011110000011
00000000000001111010110000100011
00010000000000010000011110110111
00000000000001111000011000010011
11111111110000000000010110010011
11111101110001000010010100000011
00000000000000000000000000010011
11111111111100000000011110010011
00010100110000000000000001101111
11111110110001000010011110000011
00000000010001111010011100000011
00000000000100000000011110010011
00000010111001111110101001100011
11111101110001000010010100000011
00000000000000000000000000010011
00000000101000000000011100110011
11111111111100000000011110010011
00000000111101110001011001100011
11111111111100000000011110010011
00010010000000000000000001101111
11111110110001000010011110000011
00000000010001111010011110000011
00000000000001111001011001100011
00000000000000000000011110010011
00010000110000000000000001101111
11111110110001000010011110000011
00000000010001111010011100000011
00000000000100000000011110010011
00000100111001111111101001100011
11111110110001000010011110000011
00000000000001111010011110000011
00000000000001111100011100000011
00000001111100000000011110010011
00000100111101110001000001100011
11111110110001000010011110000011
00000000000001111010011110000011
00000000000101111000011110010011
00000000000001111100011100000011
00001000101100000000011110010011
00000010111101110001010001100011
11111110110001000010010100000011
00000000000000000000000000010011
11111101110001000010011110000011
00000000001000000000011100010011
00000010111001111010011000100011
11111101110001000010011110000011
00000010000001111010010000100011
00000000000000000000011110010011
00001010110000000000000001101111
11111101110001000010011110000011
00000010100001111010011110000011
00000010000001111001010001100011
11111110110001000010011110000011
00000000000001111010001000100011
11111101110001000010011110000011
00000000000100000000011100010011
00000010111001111010101000100011
11111101110001000010011110000011
00000000000001111010000000100011
00000000000000000000011110010011
00000111110000000000000001101111
11111101110001000010011110000011
00000010010001111010011100000011
11111101110001000010011110000011
00000000111001111010001000100011
11111110110001000010011110000011
00000000010001111010011110000011
00000100000001111000001001100011
11111101110001000010011110000011
00000000010001111010011100000011
11111110110001000010011110000011
00000000000001111010011010000011
11111110110001000010011110000011
00000000010001111010011110000011
00000000111100000000011000110011
00000000110100000000010110110011
00000000111000000000010100110011
00000000000000000000000000010011
11111110110001000010011110000011
00000000010001111010011100000011
11111101110001000010011110000011
00000000111001111010000000100011
11111110110001000010011110000011
00000000000001111010001000100011
11111101110001000010011110000011
00000000000100000000011100010011
00000010111001111010011000100011
11111101110001000010011110000011
00000000000100000000011100010011
00000010111001111010010000100011
00000000000000000000011110010011
00000000111100000000010100110011
00000010110000010010000010000011
00000010100000010010010000000011
00000011000000010000000100010011
00000000000000001000000001100111
11111101000000010000000100010011
00000010000100010010011000100011
00000010100000010010010000100011
00000011000000010000010000010011
11111100101001000010111000100011
11111110000001000010011000100011
11111101110001000010011110000011
00000101010001111000011110010011
11111110111101000010010000100011
11111110100001000010011110000011
00000001000001111010011110000011
11111110111101000010001000100011
11111110100001000010011110000011
00000000010001111010011110000011
00000010000001111001000001100011
11111101110001000010010100000011
00000000000000000000000000010011
00000000101000000000011100110011
11111111111100000000011110010011
00000000111101110001011001100011
11111111111100000000011110010011
00010100000000000000000001101111
11111110100001000010011110000011
00000000010001111010011110000011
00000000000001111001111001100011
00010000000000010000011110110111
00000001100001111000011000010011
11111111101100000000010110010011
11111101110001000010010100000011
00000000000000000000000000010011
00001100110000000000000001101111
00000000000000000000010110010011
11111110100001000010010100000011
00000000000000000000000000010011
11111110101001000010011000100011
11111110110001000010011100000011
11111111111000000000011110010011
00000000111101110000100001100011
11111110110001000010011100000011
00000000001000000000011110010011
00000010111101110001000001100011
00010000000000010000011110110111
00000011000001111000011000010011
11111111111000000000010110010011
11111101110001000010010100000011
00000000000000000000000000010011
11111111111100000000011110010011
00001101100000000000000001101111
11111110110001000010011100000011
11111111110000000000011110010011
00000010111101110001000001100011
00010000000000010000011110110111
00000000000001111000011000010011
11111111110000000000010110010011
11111101110001000010010100000011
00000000000000000000000000010011
11111111111100000000011110010011
00001011000000000000000001101111
11111110110001000010011100000011
11111111110100000000011110010011
00000010111101110001111001100011
11111110100001000010011110000011
00000001100001111010011110000011
00000000000001111000100001100011
11111110100001000010011110000011
00000001100001111010011110000011
00000000110000000000000001101111
00010000000000010000011110110111
00000101100001111000011110010011
00000000111100000000011000110011
11111111110100000000010110010011
11111101110001000010010100000011
00000000000000000000000000010011
11111111111100000000011110010011
00000110110000000000000001101111
11111110100001000010011110000011
00000001000001111010011110000011
00000000000001111000100001100011
11111110110001000010011100000011
00000000000100000000011110010011
11101110111101110001100011100011
11111110100001000010011110000011
00000001000001111010011110000011
11111110010001000010011100000011
01000000111101110000011100110011
11111101110001000010011110000011
00000000111001111010000000100011
11111110100001000010011110000011
00000000110001111010011100000011
11111101110001000010011110000011
00000000000001111010011110000011
01000000111100000000011110110011
00000000111101110000011100110011
11111101110001000010011110000011
00000000111001111010001000100011
11111110110001000010011100000011
00000000000100000000011110010011
00000000111101110001011001100011
11111101110001000010011110000011
00000010000001111010011000100011
00000000000000000000011110010011
00000000111100000000010100110011
00000010110000010010000010000011
00000010100000010010010000000011
00000011000000010000000100010011
00000000000000001000000001100111
11111101000000010000000100010011
00000010000100010010011000100011
00000010100000010010010000100011
00000011000000010000010000010011
11111100101001000010111000100011
11111101110001000010011110000011
00000101010001111000011110010011
11111110111101000010011000100011
11111101110001000010011110000011
00000010110001111010011110000011
00000000001000000000011100010011
00001010111001111000000001100011
00000000001000000000011100010011
00001100111101110100111001100011
00000000000001111000100001100011
00000000000100000000011100010011
00000010111001111000110001100011
00001100110000000000000001101111
11111101110001000010010100000011
00000000000000000000000000010011
00000000101000000000011100110011
11111111111100000000011110010011
00000000111101110001011001100011
11111111111100000000011110010011
00001101100000000000000001101111
11111101110001000010011110000011
00000010110001111010011110000011
00001010000001111001000001100011
00000000000000000000011110010011
00001100010000000000000001101111
11111101110001000010011110000011
00000010010001111010011100000011
11111101110001000010011110000011
00000001100001111010011110000011
00000000000101111001011110010011
11111101110001000010011010000011
00000000111100000000011000110011
00000000111000000000010110110011
11111101110001000010010100000011
00000000000000000000000000010011
00000000101000000000011100110011
11111111111100000000011110010011
00000000111101110001011001100011
11111111111100000000011110010011
00001000100000000000000001101111
11111101110001000010011110000011
00000010010001111010011100000011
11111101110001000010011110000011
00000000111001111010001000100011
00000000000000000000011110010011
00000111000000000000000001101111
11111101110001000010011110000011
00000001100001111010011110000011
00000000000101111001011100010011
11111110110001000010011110000011
00000000111001111010100000100011
11111101110001000010011110000011
00000010010001111010011100000011
11111110110001000010011110000011
00000000111001111010011000100011
11111101110001000010010100000011
00000000000000000000000000010011
00000000101000000000011100110011
11111111111100000000011110010011
00000000111101110001100001100011
11111111111100000000011110010011
00000011000000000000000001101111
00000000000000000000000000010011
11111101110001000010011110000011
00000000000001111010011110000011
00000000000001111001111001100011
11111101110001000010011110000011
00000011010001111010011110000011
11101110000001111000111011100011
11111110110001000010011110000011
00000000010001111010011110000011
11101110000001111001100011100011
00000000000000000000011110010011
00000000111100000000010100110011
00000010110000010010000010000011
00000010100000010010010000000011
00000011000000010000000100010011
00000000000000001000000001100111
11111101000000010000000100010011
00000010000100010010011000100011
00000010100000010010010000100011
00000011000000010000010000010011
11111100101001000010111000100011
11111100101101000010110000100011
00001101110000000000000001101111
11111101110001000010011110000011
00000000000001111010011110000011
00001000000001111000111001100011
11111101110001000010011110000011
00000000000001111010011110000011
00000010000001111100001001100011
11111101110001000010011110000011
00000000000001111010011110000011
00000000111100000000011100110011
11111101100001000010011110000011
00000000111001111100100001100011
11111101110001000010011110000011
00000000000001111010011110000011
00000000100000000000000001101111
11111101100001000010011110000011
11111110111101000010011000100011
11111101110001000010011110000011
00000000000001111010011100000011
11111110110001000010011110000011
01000000111101110000011100110011
11111101110001000010011110000011
00000000111001111010000000100011
11111101110001000010011110000011
00000000010001111010011100000011
11111110110001000010011110000011
00000000111101110000011100110011
11111101110001000010011110000011
00000000111001111010001000100011
11111101110001000010011110000011
00000000100001111010011110000011
00000000111100000000011100110011
11111110110001000010011110000011
00000000111101110000011110110011
00000000111100000000011100110011
11111101110001000010011110000011
00000000111001111010010000100011
11111101100001000010011100000011
11111110110001000010011110000011
01000000111101110000011110110011
11111100111101000010110000100011
00000011100000000000000001101111
11111101110001000010011110000011
00000011010001111010011110000011
00000000000001111000100001100011
11111101110001000010011110000011
00000101100001111010011110000011
00000010000001111000010001100011
11111101110001000010010100000011
00000000000000000000000000010011
00000000101000000000011100110011
11111111111100000000011110010011
00000000111101110001011001100011
11111111111100000000011110010011
00000001000000000000000001101111
11111101100001000010011110000011
11110010000001111001001011100011
00000000000000000000011110010011
00000000111100000000010100110011
00000010110000010010000010000011
00000010100000010010010000000011
00000011000000010000000100010011
00000000000000001000000001100111
11111101000000010000000100010011
00000010000100010010011000100011
00000010100000010010010000100011
00000011000000010000010000010011
11111100101001000010111000100011
11111100101101000010110000100011
11111100110001000010101000100011
11111101110001000010011110000011
00000000000001111001011001100011
11111111111100000000011110010011
00101000110000000000000001101111
11111101110001000010011110000011
11111110111101000010010000100011
11111110100001000010011110000011
00000101010001111000011110010011
11111110111101000010001000100011
11111110100001000010011110000011
00000000110001111010011100000011
00000000000000000010011110110111
00000000000001111000011110010011
11000100111101111000011110010011
00000010111101110001000001100011
11111110100001000010011110000011
00000100110001111010011110000011
00000000000001111000111001100011
11111110100001000010011110000011
00000100110001111010011100000011
11111111101100000000011110010011
00000000111101110000011001100011
11111111111100000000011110010011
00100011110000000000000001101111
11111101010001000010011110000011
00000010000001111101000001100011
00010000000000010000011110110111
00000111000001111000011000010011
11111111110100000000010110010011
11111110100001000010010100000011
00000000000000000000000000010011
11111111111100000000011110010011
00100001100000000000000001101111
11111101010001000010011110000011
00000000000001111001011001100011
00000000000000000000011110010011
00100000100000000000000001101111
11111110100001000010011110000011
00000100100001111010011110000011
00000010000001111000101001100011
11111110100001000010011110000011
00000100000001111010010000100011
11111110100001000010011110000011
00000100010001111010011110000011
00000000111100000000010110110011
11111110100001000010010100000011
00000000000000000000000000010011
00000000101000000000011100110011
11111111111100000000011110010011
00000000111101110001011001100011
11111111111100000000011110010011
00011100110000000000000001101111
11111110000001000010011000100011
11111110000001000010000000100011
11111110100001000010011110000011
00000000000001111010011110000011
00000110000001111000011001100011
11111110100001000010011110000011
00000000000001111010011100000011
11111101010001000010011110000011
00000000111101110111010001100011
00000000111000000000011110110011
11111110111101000010000000100011
11111110100001000010011110000011
00000000010001111010011110000011
11111110000001000010011100000011
00000000111000000000011000110011
00000000111100000000010110110011
11111101100001000010010100000011
00000000000000000000000000010011
11111110100001000010011110000011
00000000010001111010011100000011
11111110000001000010011110000011
00000000111101110000011100110011
11111110100001000010011110000011
00000000111001111010001000100011
11111110100001000010011110000011
00000000000001111010011100000011
11111110000001000010011110000011
01000000111101110000011100110011
11111110100001000010011110000011
00000000111001111010000000100011
00001110110000000000000001101111
11111110100001000010011110000011
00000011010001111010011110000011
00000010000001111000000001100011
11111110010001000010011110000011
00000000010001111010011110000011
00000000000001111001101001100011
11111110100001000010011110000011
00000000000100000000011100010011
00000010111001111010110000100011
00010010010000000000000001101111
11111110100001000010011110000011
00000010110001111010011110000011
00000000000001111000110001100011
11111110100001000010011110000011
00000001100001111010011110000011
00000000000101111001011110010011
11111101010001000010011100000011
00000010111101110111000001100011
11111110100001000010010100000011
00000000000000000000000000010011
00000000101000000000011100110011
11111111111100000000011110010011
00001110111101110001001001100011
11111111111100000000011110010011
00001110110000000000000001101111
11111110100001000010011110000011
00000010110001111010011100000011
00000000000100000000011110010011
00000010111101110001100001100011
11111110000001000000011110010011
00000000111100000000011010110011
11111101010001000010011000000011
11111101100001000010010110000011
11111110100001000010010100000011
00000000000000000000000000010011
00000000101000000000011100110011
11111111111100000000011110010011
00000100111101110001101001100011
11111111111100000000011110010011
00001011000000000000000001101111
11111110010001000010011110000011
11111101010001000010011100000011
00000000111001111010100000100011
11111110010001000010011110000011
11111101100001000010011100000011
00000000111001111010011000100011
11111110100001000010010100000011
00000000000000000000000000010011
00000000101000000000011100110011
11111111111100000000011110010011
00000000111101110001011001100011
11111111111100000000011110010011
00000111110000000000000001101111
11111110100001000010011110000011
00000000000001111010011110000011
11111110111101000010000000100011
11111110100001000010011110000011
00000000000001111010000000100011
11111110000001000010011110000011
11111101010001000010011100000011
01000000111101110000011110110011
11111100111101000010101000100011
11111110000001000010011110000011
11111101100001000010011100000011
00000000111101110000011110110011
11111100111101000010110000100011
11111110000001000010011110000011
11111110110001000010011100000011
00000000111101110000011110110011
11111110111101000010011000100011
11111110100001000010011110000011
00000000100001111010011110000011
00000000111100000000011100110011
11111110000001000010011110000011
00000000111101110000011110110011
00000000111100000000011100110011
11111110100001000010011110000011
00000000111001111010010000100011
00000000100000000000000001101111
00000000000000000000000000010011
11111101010001000010011110000011
11100100000001111001010011100011
11111110110001000010011110000011
00000000111100000000010100110011
00000010110000010010000010000011
00000010100000010010010000000011
00000011000000010000000100010011
00000000000000001000000001100111
11111101000000010000000100010011
00000010000100010010011000100011
00000010100000010010010000100011
00000011000000010000010000010011
11111100101001000010111000100011
11111101110001000010011110000011
00000000000001111001011001100011
11111111111100000000011110010011
00001100010000000000000001101111
11111101110001000010011110000011
11111110111101000010011000100011
11111110110001000010011110000011
00000000110001111010011100000011
00000000000000000010011110110111
00000000000001111000011110010011
11000100111101111000011110010011
00000010111101110001000001100011
11111110110001000010011110000011
00000100110001111010011110000011
00000000000001111000111001100011
11111110110001000010011110000011
00000100110001111010011100000011
11111111101100000000011110010011
00000000111101110000011001100011
11111111111100000000011110010011
00001000000000000000000001101111
11111110110001000010011110000011
00000000000001111010011110000011
00000100000001111000010001100011
11111110110001000010011110000011
00000000000001111010011110000011
11111111111101111000011100010011
11111110110001000010011110000011
00000000111001111010000000100011
11111110110001000010011110000011
00000000100001111010011110000011
00000000000101111000011100010011
11111110110001000010011110000011
00000000111001111010010000100011
11111110110001000010011110000011
00000000010001111010011110000011
00000000000101111000011010010011
11111110110001000010011100000011
00000000110101110010001000100011
00000000000001111100011110000011
00000011000000000000000001101111
11111110010001000000011110010011
00000000000100000000011000010011
00000000111100000000010110110011
11111101110001000010010100000011
00000000000000000000000000010011
11111110101001000010010000100011
11111110100001000010011110000011
00000000111100000101011001100011
11111110010001000100011110000011
00000000100000000000000001101111
11111111111100000000011110010011
00000000111100000000010100110011
00000010110000010010000010000011
00000010100000010010010000000011
00000011000000010000000100010011
00000000000000001000000001100111
11111110000000010000000100010011
00000000000100010010111000100011
00000000100000010010110000100011
00000010000000010000010000010011
11111110101001000010011000100011
11111110110001000010010100000011
00000000000000000000000000010011
00000000101000000000011110110011
00000000111100000000010100110011
00000001110000010010000010000011
00000001100000010010010000000011
00000010000000010000000100010011
00000000000000001000000001100111
11111101000000010000000100010011
00000010000100010010011000100011
00000010100000010010010000100011
00000011000000010000010000010011
11111100101001000010111000100011
11111100101101000010110000100011
11111101100001000010011110000011
00000000000001111001011001100011
11111111111100000000011110010011
00100010100000000000000001101111
11111101100001000010011110000011
11111110111101000010001000100011
11111110010001000010011110000011
00000000110001111010011100000011
00000000000000000010011110110111
00000000000001111000011110010011
11000100111101111000011110010011
00000010111101110001000001100011
11111110010001000010011110000011
00000100110001111010011110000011
00000000000001111000111001100011
11111110010001000010011110000011
00000100110001111010011100000011
11111111101100000000011110010011
00000000111101110000011001100011
11111111111100000000011110010011
00011110010000000000000001101111
11111110010001000010011110000011
00000100100001111010011110000011
00000010000001111000101001100011
11111110010001000010011110000011
00000100000001111010010000100011
11111110010001000010011110000011
00000100010001111010011110000011
00000000111100000000010110110011
11111110010001000010010100000011
00000000000000000000000000010011
00000000101000000000011100110011
11111111111100000000011110010011
00000000111101110001011001100011
11111111111100000000011110010011
00011010100000000000000001101111
11111101110001000010011110000011
00000000000001111101011001100011
11111111111100000000011110010011
00011001100000000000000001101111
11111110010001000010011110000011
00000000000001111010011110000011
00000110000001111001011001100011
11111110010001000010011110000011
00000000000100000000011100010011
00000000111001111010000000100011
11111110010001000010011110000011
00000010010001111010011100000011
11111110010001000010011110000011
00000001100001111010011110000011
00000000000101111001011110010011
11111111111101111000011110010011
00000000111101110000011100110011
11111110010001000010011110000011
00000000111001111010001000100011
11111110010001000010011110000011
00000000010001111010011110000011
11111101110001000010011100000011
00001111111101110111011100010011
00000000111001111000000000100011
11111110010001000010011110000011
00000000100001111010011110000011
11111111111101111000011100010011
11111110010001000010011110000011
00000000111001111010010000100011
11111110010001000010011110000011
00000010000001111010110000100011
11111101110001000010011110000011
00010010010000000000000001101111
11111110010001000010011110000011
00000000000001111010011100000011
11111110010001000010011110000011
00000001100001111010011110000011
00000000000101111001011110010011
00000010111101110001000001100011
00010000000000010000011110110111
00001001100001111000011000010011
11111111110100000000010110010011
11111110010001000010010100000011
00000000000000000000000000010011
11111111111100000000011110010011
00001111000000000000000001101111
11111110010001000010011110000011
00000000010001111010011100000011
11111110010001000010011110000011
00000010010001111010011110000011
00001000111101110001000001100011
11111110010001000010011110000011
00000010010001111010011100000011
11111110010001000010011110000011
00000000000001111010011110000011
00000000111101110000011110110011
11111110111101000010011000100011
11111110010001000010011110000011
00000010010001111010011100000011
11111110010001000010011110000011
00000001100001111010011110000011
00000000000101111001011110010011
00000000111101110000011110110011
11111110111101000010010000100011
00000010110000000000000001101111
11111110110001000010011110000011
11111111111101111000011110010011
11111110111101000010011000100011
11111110100001000010011110000011
11111111111101111000011110010011
11111110111101000010010000100011
11111110110001000010011110000011
00000000000001111100011100000011
11111110100001000010011110000011
00000000111001111000000000100011
11111110010001000010011110000011
00000010010001111010011110000011
11111110110001000010011100000011
11111100111001111110011011100011
11111110010001000010011110000011
11111110100001000010011100000011
00000000111001111010001000100011
11111110010001000010011110000011
00000000000001111010011110000011
00000000000101111000011100010011
11111110010001000010011110000011
00000000111001111010000000100011
11111110010001000010011110000011
00000000010001111010011110000011
11111111111101111000011100010011
11111110010001000010011110000011
00000000111001111010001000100011
11111110010001000010011110000011
00000000010001111010011110000011
11111101110001000010011100000011
00001111111101110111011100010011
00000000111001111000000000100011
11111110010001000010011110000011
00000000100001111010011110000011
11111111111101111000011100010011
11111110010001000010011110000011
00000000111001111010010000100011
11111110010001000010011110000011
00000010000001111010110000100011
11111101110001000010011110000011
00000000111100000000010100110011
00000010110000010010000010000011
00000010100000010010010000000011
00000011000000010000000100010011
00000000000000001000000001100111
11111100000000010000000100010011
00000010000100010010111000100011
00000010100000010010110000100011
00000100000000010000010000010011
11111100101001000010011000100011
11111100101101000010010000100011
11111100110001000010001000100011
11111100110001000010011110000011
00000000000001111000101001100011
11111100100001000010011110000011
00000000000001111000011001100011
11111100010001000010011110000011
00000000111100000100011001100011
00000000000000000000011110010011
00011111000000000000000001101111
11111100110001000010011110000011
11111110111101000010001000100011
11111110010001000010011110000011
00000000110001111010011100000011
00000000000000000010011110110111
00000000000001111000011110010011
11000100111101111000011110010011
00000010111101110001000001100011
11111110010001000010011110000011
00000100110001111010011110000011
00000000000001111000111001100011
11111110010001000010011110000011
00000100110001111010011100000011
11111111101100000000011110010011
00000000111101110000011001100011
00000000000000000000011110010011
00011010110000000000000001101111
11111110010001000010011110000011
00000100100001111010011110000011
00000010000001111000101001100011
11111110010001000010011110000011
00000100000001111010010000100011
11111110010001000010011110000011
00000100010001111010011110000011
00000000111100000000010110110011
11111110010001000010010100000011
00000000000000000000000000010011
00000000101000000000011100110011
11111111111100000000011110010011
00000000111101110001011001100011
00000000000000000000011110010011
00010111000000000000000001101111
11111100100001000010011110000011
11111110111101000010000000100011
11111100010001000010011110000011
11111111111101111000011110010011
11111110111101000010011000100011
11111110110001000010011110000011
00010010000001111000101001100011
11111110010001000010011110000011
00000000000001111010011110000011
00000010000001111001000001100011
11111110010001000010010100000011
00000000000000000000000000010011
00000000101000000000011100110011
11111111111100000000011110010011
00000000111101110001011001100011
00000000000000000000011110010011
00010010110000000000000001101111
11111110010001000010011110000011
00000000000001111010011110000011
00000000000001111001101001100011
11111110010001000010011110000011
00000000000100000000011100010011
00000010111001111010110000100011
00001111000000000000000001101111
11111110010001000010011110000011
00000000000001111010011100000011
11111110110001000010011110000011
00000000111101110111010001100011
00000000111000000000011110110011
11111110111101000010010000100011
11111110010001000010011110000011
00000000010001111010011110000011
11111110100001000010011000000011
00000000101000000000010110010011
00000000111100000000010100110011
00000000000000000000000000010011
11111100101001000010111000100011
11111101110001000010011110000011
00000000000001111000111001100011
11111110010001000010011110000011
00000000010001111010011110000011
11111101110001000010011100000011
01000000111101110000011110110011
00000000000101111000011110010011
11111110111101000010010000100011
11111110010001000010011110000011
00000000010001111010011110000011
11111110100001000010011000000011
00000000111100000000010110110011
11111100100001000010010100000011
00000000000000000000000000010011
11111110010001000010011110000011
00000000000001111010011100000011
11111110100001000010011110000011
01000000111101110000011100110011
11111110010001000010011110000011
00000000111001111010000000100011
11111110010001000010011110000011
00000000010001111010011100000011
11111110100001000010011110000011
00000000111101110000011100110011
11111110010001000010011110000011
00000000111001111010001000100011
11111110010001000010011110000011
00000000100001111010011110000011
00000000111100000000011100110011
11111110100001000010011110000011
00000000111101110000011110110011
00000000111100000000011100110011
11111110010001000010011110000011
00000000111001111010010000100011
11111110110001000010011100000011
11111110100001000010011110000011
01000000111101110000011110110011
11111110111101000010011000100011
11111100100001000010011100000011
11111110100001000010011110000011
00000000111101110000011110110011
11111100111101000010010000100011
11111110110001000010011110000011
00000000000001111000011001100011
11111101110001000010011110000011
11101100000001111000101011100011
11111100100001000010011100000011
11111110000001000010011110000011
00000000111101110001011001100011
00000000000000000000011110010011
00000001000000000000000001101111
11111100100001000010011110000011
00000000000001111000000000100011
11111110000001000010011110000011
00000000111100000000010100110011
00000011110000010010000010000011
00000011100000010010010000000011
00000100000000010000000100010011
00000000000000001000000001100111
11111101000000010000000100010011
00000010000100010010011000100011
00000010100000010010010000100011
00000011000000010000010000010011
11111100101001000010111000100011
11111101110001000010011110000011
00000000000001111001011001100011
00000000000000000000011110010011
00000100110000000000000001101111
11111101110001000010011110000011
11111110111101000010011000100011
11111110110001000010011110000011
00000000110001111010011100000011
00000000000000000010011110110111
00000000000001111000011110010011
11000100111101111000011110010011
00000010111101110001001001100011
11111110110001000010011110000011
00000010110001111010011110000011
00000000000001111001110001100011
11111110110001000010011110000011
00000000000001111010011110000011
00000000000001111001011001100011
11111110110001000010010100000011
00000000000000000000000000010011
11111110110001000010011110000011
00000010100001111010011110000011
00000000111100000000010100110011
00000010110000010010000010000011
00000010100000010010010000000011
00000011000000010000000100010011
00000000000000001000000001100111
11111101000000010000000100010011
00000010000100010010011000100011
00000010100000010010010000100011
00000011000000010000010000010011
11111100101001000010111000100011
11111101110001000010011110000011
00000000000001111001011001100011
11111111111000000000011110010011
00001101100000000000000001101111
11111101110001000010011110000011
11111110111101000010011000100011
11111110110001000010011110000011
00000000110001111010011100000011
00000000000000000010011110110111
00000000000001111000011110010011
11000100111101111000011110010011
00000000111101110000011001100011
11111111111000000000011110010011
00001011000000000000000001101111
11111110110001000010011110000011
00000001100001111010011110000011
00000010000001111000101001100011
11111110110001000010011110000011
00000101010001111000011110010011
00000000111100000000010100110011
00000000000000000000000000010011
11111110110001000010011110000011
00000010010001111010011110000011
00000000111100000000010100110011
00000000000000000000000000010011
11111110110001000010011110000011
00000010000001111010011110000011
00000000111100000000010100110011
00000000000000000000000000010011
11111110110001000010011110000011
00000100110001111010011100000011
11111111101100000000011110010011
00000000111101110001011001100011
11111111101100000000011110010011
00000000100000000000000001101111
00000000000000000000011110010011
11111110111101000010010000100011
00000000000000000000011000010011
00000000000000000000010110010011
11111110110001000010010100000011
00000000000000000000000000010011
11111110110001000010011110000011
00000001010001111010011110000011
00000000111100000000010100110011
00000000000000000000000000010011
11111110110001000010011110000011
00000001000001111010011110000011
00000000111100000000010100110011
00000000000000000000000000010011
11111110101001000010001000100011
11111110110001000010010100000011
00000000000000000000000000010011
11111110010001000010011110000011
00000000000001111001011001100011
11111110100001000010011110000011
00000000100000000000000001101111
11111111111100000000011110010011
00000000111100000000010100110011
00000010110000010010000010000011
00000010100000010010010000000011
00000011000000010000000100010011
00000000000000001000000001100111
