11111000000000010000000100010011
00000110100000010010111000100011
00001000000000010000010000010011
11111000101001000010011000100011
11111000101101000010010000100011
11111000110001000010011110000011
00000001110001111010011110000011
11111100111101000010100000100011
11111000110001000010011110000011
00000000000001111010011110000011
11111111111101111000011110010011
11111110111101000010011000100011
11111000110001000010011110000011
00000000010001111010011110000011
11111111101101111000011110010011
11111110110001000010011100000011
00000000111101110000011110110011
11111100111101000010011000100011
11111000110001000010011110000011
00000000110001111010011110000011
11111111111101111000011110010011
11111110111101000010010000100011
11111000110001000010011110000011
00000001000001111010011100000011
11111000100001000010011110000011
01000000111101110000011110110011
11111110100001000010011100000011
00000000111101110000011110110011
11111100111101000010010000100011
11111000110001000010011110000011
00000001000001111010011110000011
11101111111101111000011110010011
11111110100001000010011100000011
00000000111101110000011110110011
11111100111101000010001000100011
11111101000001000010011110000011
00000010100001111010011110000011
11111100111101000010000000100011
11111101000001000010011110000011
00000010110001111010011110000011
11111010111101000010111000100011
11111101000001000010011110000011
00000011000001111010011110000011
11111010111101000010110000100011
11111101000001000010011110000011
00000011010001111010011110000011
11111010111101000010101000100011
11111101000001000010011110000011
00000011100001111010011110000011
11111110111101000010001000100011
11111101000001000010011110000011
00000011110001111010011110000011
11111110111101000010000000100011
11111101000001000010011110000011
00000100110001111010011110000011
11111010111101000010100000100011
11111101000001000010011110000011
00000101000001111010011110000011
11111010111101000010011000100011
11111101000001000010011110000011
00000101010001111010011110000011
00000000000100000000011100010011
00000000111101110001011110110011
11111111111101111000011110010011
11111010111101000010010000100011
11111101000001000010011110000011
00000101100001111010011110000011
00000000000100000000011100010011
00000000111101110001011110110011
11111111111101111000011110010011
11111010111101000010001000100011
11111110000001000010011100000011
00000000111000000000011110010011
00000110111001111110101001100011
11111110110001000010011110000011
00000000000101111000011110010011
11111110111101000010011000100011
11111110110001000010011110000011
00000000000001111100011110000011
00000000111100000000011100110011
11111110000001000010011110000011
00000000111101110001011110110011
11111110010001000010011100000011
00000000111101110000011110110011
11111110111101000010001000100011
11111110000001000010011110000011
00000000100001111000011110010011
11111110111101000010000000100011
11111110110001000010011110000011
00000000000101111000011110010011
11111110111101000010011000100011
11111110110001000010011110000011
00000000000001111100011110000011
00000000111100000000011100110011
11111110000001000010011110000011
00000000111101110001011110110011
11111110010001000010011100000011
00000000111101110000011110110011
11111110111101000010001000100011
11111110000001000010011110000011
00000000100001111000011110010011
11111110111101000010000000100011
11111110010001000010011100000011
11111010100001000010011110000011
00000000111101110111011110110011
00000000001001111001011110010011
11111011000001000010011100000011
00000000111101110000011110110011
00000000000001111101011100000011
11111000111001000001111000100011
00000000001001111101011110000011
11111000111101000001111100100011
11111001110101000100011110000011
11111100111101000010111000100011
11111101110001000010011110000011
11111110010001000010011100000011
00000000111101110101011110110011
11111110111101000010001000100011
11111110000001000010011100000011
11111101110001000010011110000011
01000000111101110000011110110011
11111110111101000010000000100011
11111001110001000100011110000011
11111100111101000010111000100011
11111101110001000010011110000011
00000010000001111001001001100011
11111001111001000101011100000011
11111110100001000010011110000011
00000000000101111000011110010011
11111110111101000010010000100011
00001111111101110111011100010011
11111110100001000010011110000011
00000000111001111000000000100011
00000010000100000000000001101111
11111101110001000010011110000011
00000001000001111111011110010011
01111000000001111000010001100011
11111001111001000101011110000011
11111100111101000010110000100011
11111101110001000010011110000011
00000000111101111111011110010011
11111100111101000010111000100011
11111101110001000010011110000011
00001000000001111000011001100011
11111110000001000010011100000011
11111101110001000010011110000011
00000010111101110111111001100011
11111110110001000010011110000011
00000000000101111000011110010011
11111110111101000010011000100011
11111110110001000010011110000011
00000000000001111100011110000011
00000000111100000000011100110011
11111110000001000010011110000011
00000000111101110001011110110011
11111110010001000010011100000011
00000000111101110000011110110011
11111110111101000010001000100011
11111110000001000010011110000011
00000000100001111000011110010011
11111110111101000010000000100011
11111101110001000010011110000011
11111111111100000000011100010011
00000000111101110001011110110011
11111111111101111100011100010011
11111110010001000010011110000011
00000000111101110111011110110011
11111101100001000010011100000011
00000000111101110000011110110011
11111100111101000010110000100011
11111101110001000010011110000011
11111110010001000010011100000011
00000000111101110101011110110011
11111110111101000010001000100011
11111110000001000010011100000011
11111101110001000010011110000011
01000000111101110000011110110011
11111110111101000010000000100011
11111110000001000010011100000011
00000000111000000000011110010011
00000110111001111110101001100011
11111110110001000010011110000011
00000000000101111000011110010011
11111110111101000010011000100011
11111110110001000010011110000011
00000000000001111100011110000011
00000000111100000000011100110011
11111110000001000010011110000011
00000000111101110001011110110011
11111110010001000010011100000011
00000000111101110000011110110011
11111110111101000010001000100011
11111110000001000010011110000011
00000000100001111000011110010011
11111110111101000010000000100011
11111110110001000010011110000011
00000000000101111000011110010011
11111110111101000010011000100011
11111110110001000010011110000011
00000000000001111100011110000011
00000000111100000000011100110011
11111110000001000010011110000011
00000000111101110001011110110011
11111110010001000010011100000011
00000000111101110000011110110011
11111110111101000010001000100011
11111110000001000010011110000011
00000000100001111000011110010011
11111110111101000010000000100011
11111110010001000010011100000011
11111010010001000010011110000011
00000000111101110111011110110011
00000000001001111001011110010011
11111010110001000010011100000011
00000000111101110000011110110011
00000000000001111101011100000011
11111000111001000001111000100011
00000000001001111101011110000011
11111000111101000001111100100011
11111001110101000100011110000011
11111100111101000010111000100011
11111101110001000010011110000011
11111110010001000010011100000011
00000000111101110101011110110011
11111110111101000010001000100011
11111110000001000010011100000011
11111101110001000010011110000011
01000000111101110000011110110011
11111110111101000010000000100011
11111001110001000100011110000011
11111100111101000010111000100011
11111101110001000010011110000011
00000001000001111111011110010011
01011000000001111000101001100011
11111001111001000101011110000011
11111010111101000010000000100011
11111101110001000010011110000011
00000000111101111111011110010011
11111100111101000010111000100011
11111110000001000010011100000011
11111101110001000010011110000011
00001000111101110111000001100011
11111110110001000010011110000011
00000000000101111000011110010011
11111110111101000010011000100011
11111110110001000010011110000011
00000000000001111100011110000011
00000000111100000000011100110011
11111110000001000010011110000011
00000000111101110001011110110011
11111110010001000010011100000011
00000000111101110000011110110011
11111110111101000010001000100011
11111110000001000010011110000011
00000000100001111000011110010011
11111110111101000010000000100011
11111110000001000010011100000011
11111101110001000010011110000011
00000010111101110111111001100011
11111110110001000010011110000011
00000000000101111000011110010011
11111110111101000010011000100011
11111110110001000010011110000011
00000000000001111100011110000011
00000000111100000000011100110011
11111110000001000010011110000011
00000000111101110001011110110011
11111110010001000010011100000011
00000000111101110000011110110011
11111110111101000010001000100011
11111110000001000010011110000011
00000000100001111000011110010011
11111110111101000010000000100011
11111101110001000010011110000011
11111111111100000000011100010011
00000000111101110001011110110011
11111111111101111100011100010011
11111110010001000010011110000011
00000000111101110111011110110011
11111010000001000010011100000011
00000000111101110000011110110011
11111010111101000010000000100011
11111101110001000010011110000011
11111110010001000010011100000011
00000000111101110101011110110011
11111110111101000010001000100011
11111110000001000010011100000011
11111101110001000010011110000011
01000000111101110000011110110011
11111110111101000010000000100011
11111110100001000010011100000011
11111100100001000010011110000011
01000000111101110000011110110011
11111100111101000010111000100011
11111010000001000010011100000011
11111101110001000010011110000011
00111000111001111111011001100011
11111010000001000010011100000011
11111101110001000010011110000011
01000000111101110000011110110011
11111100111101000010111000100011
11111101110001000010011100000011
11111011110001000010011110000011
00000010111001111111111001100011
11111101000001000010011100000011
00000000000000000010011110110111
00000000000001111000011110010011
00000000111101110000011110110011
10111100000001111010011110000011
00000010000001111000001001100011
11111000110001000010011110000011
00010000000000010000011100110111
00000000000001110000011100010011
00000000111001111010110000100011
11111101000001000010011110000011
00000001110100000000011100010011
00000000111001111010000000100011
01010101100000000000000001101111
11111011010001000010011110000011
11111111111101111000011110010011
11111100111101000010101000100011
11111011100001000010011110000011
00001000000001111001011001100011
11111100000001000010011100000011
11111101110001000010011110000011
01000000111101110000011110110011
11111101010001000010011100000011
00000000111101110000011110110011
11111100111101000010101000100011
11111101110001000010011100000011
11111101100001000010011110000011
00101000111101110111011001100011
11111101100001000010011100000011
11111101110001000010011110000011
01000000111101110000011110110011
11111100111101000010110000100011
11111101010001000010011110000011
00000000000101111000011110010011
11111100111101000010101000100011
11111110100001000010011110000011
00000000000101111000011110010011
11111110111101000010010000100011
11111101010001000010011110000011
00000000000001111100011100000011
11111110100001000010011110000011
00000000111001111000000000100011
11111101110001000010011110000011
11111111111101111000011110010011
11111100111101000010111000100011
11111101110001000010011110000011
11111100000001111001010011100011
11111010000001000010011110000011
01000000111100000000011110110011
11111110100001000010011100000011
00000000111101110000011110110011
11111100111101000010101000100011
00100010100000000000000001101111
11111011100001000010011100000011
11111101110001000010011110000011
00010000111101110111100001100011
11111100000001000010011100000011
11111011100001000010011110000011
00000000111101110000011100110011
11111101110001000010011110000011
01000000111101110000011110110011
11111101010001000010011100000011
00000000111101110000011110110011
11111100111101000010101000100011
11111101110001000010011100000011
11111011100001000010011110000011
01000000111101110000011110110011
11111100111101000010111000100011
11111101110001000010011100000011
11111101100001000010011110000011
00011110111101110111000001100011
11111101100001000010011100000011
11111101110001000010011110000011
01000000111101110000011110110011
11111100111101000010110000100011
11111101010001000010011110000011
00000000000101111000011110010011
11111100111101000010101000100011
11111110100001000010011110000011
00000000000101111000011110010011
11111110111101000010010000100011
11111101010001000010011110000011
00000000000001111100011100000011
11111110100001000010011110000011
00000000111001111000000000100011
11111101110001000010011110000011
11111111111101111000011110010011
11111100111101000010111000100011
11111101110001000010011110000011
11111100000001111001010011100011
11111011010001000010011110000011
11111111111101111000011110010011
11111100111101000010101000100011
11111011100001000010011100000011
11111101100001000010011110000011
00010110111101110111111001100011
11111011100001000010011110000011
11111100111101000010111000100011
11111101100001000010011100000011
11111101110001000010011110000011
01000000111101110000011110110011
11111100111101000010110000100011
11111101010001000010011110000011
00000000000101111000011110010011
11111100111101000010101000100011
11111110100001000010011110000011
00000000000101111000011110010011
11111110111101000010010000100011
11111101010001000010011110000011
00000000000001111100011100000011
11111110100001000010011110000011
00000000111001111000000000100011
11111101110001000010011110000011
11111111111101111000011110010011
11111100111101000010111000100011
11111101110001000010011110000011
11111100000001111001010011100011
11111010000001000010011110000011
01000000111100000000011110110011
11111110100001000010011100000011
00000000111101110000011110110011
11111100111101000010101000100011
00010001000000000000000001101111
11111011100001000010011100000011
11111101110001000010011110000011
01000000111101110000011110110011
11111101010001000010011100000011
00000000111101110000011110110011
11111100111101000010101000100011
11111101110001000010011100000011
11111101100001000010011110000011
00001110111101110111011001100011
11111101100001000010011100000011
11111101110001000010011110000011
01000000111101110000011110110011
11111100111101000010110000100011
11111101010001000010011110000011
00000000000101111000011110010011
11111100111101000010101000100011
11111110100001000010011110000011
00000000000101111000011110010011
11111110111101000010010000100011
11111101010001000010011110000011
00000000000001111100011100000011
11111110100001000010011110000011
00000000111001111000000000100011
11111101110001000010011110000011
11111111111101111000011110010011
11111100111101000010111000100011
11111101110001000010011110000011
11111100000001111001010011100011
11111010000001000010011110000011
01000000111100000000011110110011
11111110100001000010011100000011
00000000111101110000011110110011
11111100111101000010101000100011
00001000100000000000000001101111
11111101010001000010011110000011
00000000000101111000011110010011
11111100111101000010101000100011
11111110100001000010011110000011
00000000000101111000011110010011
11111110111101000010010000100011
11111101010001000010011110000011
00000000000001111100011100000011
11111110100001000010011110000011
00000000111001111000000000100011
11111101010001000010011110000011
00000000000101111000011110010011
11111100111101000010101000100011
11111110100001000010011110000011
00000000000101111000011110010011
11111110111101000010010000100011
11111101010001000010011110000011
00000000000001111100011100000011
11111110100001000010011110000011
00000000111001111000000000100011
11111101010001000010011110000011
00000000000101111000011110010011
11111100111101000010101000100011
11111110100001000010011110000011
00000000000101111000011110010011
11111110111101000010010000100011
11111101010001000010011110000011
00000000000001111100011100000011
11111110100001000010011110000011
00000000111001111000000000100011
11111101100001000010011110000011
11111111110101111000011110010011
11111100111101000010110000100011
11111101100001000010011100000011
00000000001000000000011110010011
11110110111001111110101011100011
11111101100001000010011110000011
00100110000001111000011001100011
11111101010001000010011110000011
00000000000101111000011110010011
11111100111101000010101000100011
11111110100001000010011110000011
00000000000101111000011110010011
11111110111101000010010000100011
11111101010001000010011110000011
00000000000001111100011100000011
11111110100001000010011110000011
00000000111001111000000000100011
11111101100001000010011100000011
00000000000100000000011110010011
00100010111001111111110001100011
11111101010001000010011110000011
00000000000101111000011110010011
11111100111101000010101000100011
11111110100001000010011110000011
00000000000101111000011110010011
11111110111101000010010000100011
11111101010001000010011110000011
00000000000001111100011100000011
11111110100001000010011110000011
00000000111001111000000000100011
00100000110000000000000001101111
11111010000001000010011110000011
01000000111100000000011110110011
11111110100001000010011100000011
00000000111101110000011110110011
11111100111101000010101000100011
11111101010001000010011110000011
00000000000101111000011110010011
11111100111101000010101000100011
11111110100001000010011110000011
00000000000101111000011110010011
11111110111101000010010000100011
11111101010001000010011110000011
00000000000001111100011100000011
11111110100001000010011110000011
00000000111001111000000000100011
11111101010001000010011110000011
00000000000101111000011110010011
11111100111101000010101000100011
11111110100001000010011110000011
00000000000101111000011110010011
11111110111101000010010000100011
11111101010001000010011110000011
00000000000001111100011100000011
11111110100001000010011110000011
00000000111001111000000000100011
11111101010001000010011110000011
00000000000101111000011110010011
11111100111101000010101000100011
11111110100001000010011110000011
00000000000101111000011110010011
11111110111101000010010000100011
11111101010001000010011110000011
00000000000001111100011100000011
11111110100001000010011110000011
00000000111001111000000000100011
11111101100001000010011110000011
11111111110101111000011110010011
11111100111101000010110000100011
11111101100001000010011100000011
00000000001000000000011110010011
11110110111001111110101011100011
11111101100001000010011110000011
00010110000001111000000001100011
11111101010001000010011110000011
00000000000101111000011110010011
11111100111101000010101000100011
11111110100001000010011110000011
00000000000101111000011110010011
11111110111101000010010000100011
11111101010001000010011110000011
00000000000001111100011100000011
11111110100001000010011110000011
00000000111001111000000000100011
11111101100001000010011100000011
00000000000100000000011110010011
00010010111001111111011001100011
11111101010001000010011110000011
00000000000101111000011110010011
11111100111101000010101000100011
11111110100001000010011110000011
00000000000101111000011110010011
11111110111101000010010000100011
11111101010001000010011110000011
00000000000001111100011100000011
11111110100001000010011110000011
00000000111001111000000000100011
00010000000000000000000001101111
11111101110001000010011110000011
00000100000001111111011110010011
00000100000001111001010001100011
11111001111001000101011110000011
00000000111100000000011010110011
11111101110001000010011110000011
00000000000100000000011100010011
00000000111101110001011110110011
11111111111101111000011100010011
11111110010001000010011110000011
00000000111101110111011110110011
00000000111101101000011110110011
00000000001001111001011110010011
11111010110001000010011100000011
00000000111101110000011110110011
00000000000001111101011100000011
11111000111001000001111000100011
00000000001001111101011110000011
11111000111101000001111100100011
10011110100111111111000001101111
11111000110001000010011110000011
00010000000000010000011100110111
00000010000001110000011100010011
00000000111001111010110000100011
11111101000001000010011110000011
00000001110100000000011100010011
00000000111001111010000000100011
00001010100000000000000001101111
11111101110001000010011110000011
00000100000001111111011110010011
00000100000001111001010001100011
11111001111001000101011110000011
00000000111100000000011010110011
11111101110001000010011110000011
00000000000100000000011100010011
00000000111101110001011110110011
11111111111101111000011100010011
11111110010001000010011110000011
00000000111101110111011110110011
00000000111101101000011110110011
00000000001001111001011110010011
11111011000001000010011100000011
00000000111101110000011110110011
00000000000001111101011100000011
11111000111001000001111000100011
00000000001001111101011110000011
11111000111101000001111100100011
11111100110011111111000001101111
11111101110001000010011110000011
00000010000001111111011110010011
00000000000001111000101001100011
11111101000001000010011110000011
00000000101100000000011100010011
00000000111001111010000000100011
00000011110000000000000001101111
11111000110001000010011110000011
00010000000000010000011100110111
00000011100001110000011100010011
00000000111001111010110000100011
11111101000001000010011110000011
00000001110100000000011100010011
00000000111001111010000000100011
00000001110000000000000001101111
11111110110001000010011100000011
11111100110001000010011110000011
00000000111101110111100001100011
11111110100001000010011100000011
11111100010001000010011110000011
11101100111101110110101001100011
11111110000001000010011110000011
00000000001101111101011110010011
11111100111101000010110000100011
11111101100001000010011110000011
01000000111100000000011110110011
11111110110001000010011100000011
00000000111101110000011110110011
11111110111101000010011000100011
11111101100001000010011110000011
00000000001101111001011110010011
11111110000001000010011100000011
01000000111101110000011110110011
11111110111101000010000000100011
11111110000001000010011110000011
00000000000100000000011100010011
00000000111101110001011110110011
11111111111101111000011110010011
11111110010001000010011100000011
00000000111101110111011110110011
11111110111101000010001000100011
11111110110001000010011110000011
00000000000101111000011100010011
11111000110001000010011110000011
00000000111001111010000000100011
11111110100001000010011110000011
00000000000101111000011100010011
11111000110001000010011110000011
00000000111001111010011000100011
11111110110001000010011100000011
11111100110001000010011110000011
00000000111101110111111001100011
11111100110001000010011100000011
11111110110001000010011110000011
01000000111101110000011110110011
00000000010101111000011110010011
00000000111100000000011100110011
00000001110000000000000001101111
11111110110001000010011100000011
11111100110001000010011110000011
01000000111101110000011110110011
00000000010100000000011100010011
01000000111101110000011110110011
00000000111100000000011100110011
11111000110001000010011110000011
00000000111001111010001000100011
11111110100001000010011100000011
11111100010001000010011110000011
00000000111101110111111001100011
11111100010001000010011100000011
11111110100001000010011110000011
01000000111101110000011110110011
00010000000101111000011110010011
00000000111100000000011100110011
00000001110000000000000001101111
11111110100001000010011100000011
11111100010001000010011110000011
01000000111101110000011110110011
00010000000100000000011100010011
01000000111101110000011110110011
00000000111100000000011100110011
11111000110001000010011110000011
00000000111001111010100000100011
11111101000001000010011110000011
11111110010001000010011100000011
00000010111001111010110000100011
11111101000001000010011110000011
11111110000001000010011100000011
00000010111001111010111000100011
00000000000000000000000000010011
00000111110000010010010000000011
00001000000000010000000100010011
00000000000000001000000001100111
