11110100000000010000000100010011
00001010100000010010111000100011
00001100000000010000010000010011
11110100101001000010111000100011
11110100101101000010110000100011
11110100110001000010101000100011
11110100110101000010100000100011
11110100111001000010011000100011
11110100111101000010010000100011
11111110000001000010011000100011
00000010010000000000000001101111
11111110110001000010011110000011
00000000000101111001011110010011
11111111000001000000011100010011
00000000111101110000011110110011
11111000000001111001101000100011
11111110110001000010011110000011
00000000000101111000011110010011
11111110111101000010011000100011
11111110110001000010011100000011
00000000111100000000011110010011
11111100111001111111110011100011
11111110000001000010010000100011
00000101010000000000000001101111
11111110100001000010011110000011
00000000000101111001011110010011
11110101100001000010011100000011
00000000111101110000011110110011
00000000000001111101011110000011
00000000111100000000011100110011
00000000000101110001011110010011
11111111000001000000011010010011
00000000111101101000011110110011
11111001010001111101011110000011
00000000000101111000011110010011
00000001000001111001011010010011
00000001000001101101011010010011
00000000000101110001011110010011
11111111000001000000011100010011
00000000111101110000011110110011
11111000110101111001101000100011
11111110100001000010011110000011
00000000000101111000011110010011
11111110111101000010010000100011
11111110100001000010011100000011
11110101010001000010011110000011
11111010111101110110010011100011
11110100110001000010011110000011
00000000000001111010011110000011
11111100111101000010111000100011
00000000111100000000011110010011
11111110111101000010000000100011
00000010100000000000000001101111
11111110000001000010011110000011
00000000000101111001011110010011
11111111000001000000011100010011
00000000111101110000011110110011
11111001010001111101011110000011
00000000000001111001111001100011
11111110000001000010011110000011
11111111111101111000011110010011
11111110111101000010000000100011
11111110000001000010011110000011
11111100000001111001110011100011
00000000100000000000000001101111
00000000000000000000000000010011
11111101110001000010011100000011
11111110000001000010011110000011
00000000111001111111011001100011
11111110000001000010011110000011
11111100111101000010111000100011
11111110000001000010011110000011
00000110000001111001101001100011
00000100000000000000011110010011
11111010111101000000001000100011
00000000000100000000011110010011
11111010111101000000001010100011
11111010000001000001001100100011
11110101000001000010011110000011
00000000000001111010011110000011
00000000010001111000011010010011
11110101000001000010011100000011
00000000110101110010000000100011
11111010010001000101011100000011
00000000111001111001000000100011
11111010011001000101011100000011
00000000111001111001000100100011
11110101000001000010011110000011
00000000000001111010011110000011
00000000010001111000011010010011
11110101000001000010011100000011
00000000110101110010000000100011
11111010010001000101011100000011
00000000111001111001000000100011
11111010011001000101011100000011
00000000111001111001000100100011
11110100110001000010011110000011
00000000000100000000011100010011
00000000111001111010000000100011
00000000000000000000011110010011
01111000100000000000000001101111
00000000000100000000011110010011
11111110111101000010001000100011
00000010100000000000000001101111
11111110010001000010011110000011
00000000000101111001011110010011
11111111000001000000011100010011
00000000111101110000011110110011
11111001010001111101011110000011
00000010000001111001000001100011
11111110010001000010011110000011
00000000000101111000011110010011
11111110111101000010001000100011
11111110010001000010011100000011
11111110000001000010011110000011
11111100111101110110101011100011
00000000100000000000000001101111
00000000000000000000000000010011
11111101110001000010011100000011
11111110010001000010011110000011
00000000111101110111011001100011
11111110010001000010011110000011
11111100111101000010111000100011
00000000000100000000011110010011
11111100111101000010100000100011
00000000000100000000011110010011
11111110111101000010011000100011
00000101000000000000000001101111
11111101000001000010011110000011
00000000000101111001011110010011
11111100111101000010100000100011
11111110110001000010011110000011
00000000000101111001011110010011
11111111000001000000011100010011
00000000111101110000011110110011
11111001010001111101011110000011
00000000111100000000011100110011
11111101000001000010011110000011
01000000111001111000011110110011
11111100111101000010100000100011
11111101000001000010011110000011
00000000000001111101011001100011
11111111111100000000011110010011
01101101110000000000000001101111
11111110110001000010011110000011
00000000000101111000011110010011
11111110111101000010011000100011
11111110110001000010011100000011
00000000111100000000011110010011
11111010111001111111011011100011
11111101000001000010011110000011
00000010111100000101000001100011
11110101110001000010011110000011
00000000000001111000100001100011
11111110000001000010011100000011
00000000000100000000011110010011
00000000111101110000011001100011
11111111111100000000011110010011
01101010000000000000000001101111
11110110000001000001001100100011
00000000000100000000011110010011
11111110111101000010011000100011
00000101110000000000000001101111
11111110110001000010011110000011
00000000000101111001011110010011
11111111000001000000011100010011
00000000111101110000011110110011
11110111010001111101011010000011
11111110110001000010011110000011
00000000000101111001011110010011
11111111000001000000011100010011
00000000111101110000011110110011
11111001010001111101011100000011
11111110110001000010011110000011
00000000000101111000011110010011
00000000111001101000011100110011
00000001000001110001011100010011
00000001000001110101011100010011
00000000000101111001011110010011
11111111000001000000011010010011
00000000111101101000011110110011
11110110111001111001101000100011
11111110110001000010011110000011
00000000000101111000011110010011
11111110111101000010011000100011
11111110110001000010011100000011
00000000111000000000011110010011
11111010111001111111000011100011
11111110000001000010010000100011
00001000110000000000000001101111
11111110100001000010011110000011
00000000000101111001011110010011
11110101100001000010011100000011
00000000111101110000011110110011
00000000000001111101011110000011
00000110000001111000010001100011
11111110100001000010011110000011
00000000000101111001011110010011
11110101100001000010011100000011
00000000111101110000011110110011
00000000000001111101011110000011
00000000111100000000011010110011
00000000000101101001011110010011
11111111000001000000011100010011
00000000111101110000011110110011
11110111010001111101011100000011
00000000000101110000011110010011
00000001000001111001011000010011
00000001000001100101011000010011
00000000000101101001011110010011
11111111000001000000011010010011
00000000111101101000011110110011
11110110110001111001101000100011
00000000111000000000011110110011
00000000000101111001011110010011
11110100100001000010011100000011
00000000111101110000011110110011
11111110100001000010011100000011
00000001000001110001011100010011
00000001000001110101011100010011
00000000111001111001000000100011
11111110100001000010011110000011
00000000000101111000011110010011
11111110111101000010010000100011
11111110100001000010011100000011
11110101010001000010011110000011
11110110111101110110100011100011
11110101110001000010011110000011
00000000000001111000101001100011
11110101110001000010011100000011
00000000000100000000011110010011
00000010111101110000001001100011
00000101110000000000000001101111
11110100100001000010011110000011
11111010111101000010100000100011
11111011000001000010011110000011
11111010111101000010101000100011
00000001001100000000011110010011
11111010111101000010011000100011
00000110000000000000000001101111
00010000000000010000011110110111
00000011000001111000011110010011
11111010111101000010101000100011
11111011010001000010011110000011
11011111111001111000011110010011
11111010111101000010101000100011
00010000000000010000011110110111
00000111000001111000011110010011
11111010111101000010100000100011
11111011000001000010011110000011
11011111111001111000011110010011
11111010111101000010100000100011
00010000000000000000011110010011
11111010111101000010011000100011
00000010010000000000000001101111
00010000000000010000011110110111
00001011000001111000011110010011
11111010111101000010101000100011
00010000000000010000011110110111
00001111000001111000011110010011
11111010111101000010100000100011
11111111111100000000011110010011
11111010111101000010011000100011
11111100000001000010010000100011
11111110000001000010010000100011
11111110010001000010011110000011
11111110111101000010011000100011
11110101000001000010011110000011
00000000000001111010011110000011
11111010111101000010110000100011
11111101110001000010011110000011
11111100111101000010110000100011
11111100000001000010101000100011
11111111111100000000011110010011
11111010111101000010111000100011
11111101110001000010011110000011
00000000000100000000011100010011
00000000111101110001011110110011
11111100111101000010011000100011
11111100110001000010011110000011
11111111111101111000011110010011
11111010111101000010010000100011
11110101110001000010011100000011
00000000000100000000011110010011
00000000111101110001100001100011
11111100110001000010011100000011
00110101010000000000011110010011
00000000111001111110111001100011
11110101110001000010011100000011
00000000001000000000011110010011
00000000111101110001110001100011
11111100110001000010011100000011
00100101000000000000011110010011
00000000111001111111011001100011
00000000000100000000011110010011
01000111110000000000000001101111
11111110110001000010011110000011
00001111111101111111011100010011
11111101010001000010011110000011
00001111111101111111011110010011
01000000111101110000011110110011
00001111111101111111011110010011
11111010111101000000001010100011
11111110100001000010011110000011
00000000000101111001011110010011
11110100100001000010011100000011
00000000111101110000011110110011
00000000000001111101011110000011
00000000111100000000011100110011
11111010110001000010011110000011
00000010111101110101001001100011
11111010000001000000001000100011
11111110100001000010011110000011
00000000000101111001011110010011
11110100100001000010011100000011
00000000111101110000011110110011
00000000000001111101011110000011
11111010111101000001001100100011
00001000100000000000000001101111
11111110100001000010011110000011
00000000000101111001011110010011
11110100100001000010011100000011
00000000111101110000011110110011
00000000000001111101011110000011
00000000111100000000011100110011
11111010110001000010011110000011
00000100111001111101111001100011
11111110100001000010011110000011
00000000000101111001011110010011
11110100100001000010011100000011
00000000111101110000011110110011
00000000000001111101011110000011
00000000000101111001011110010011
11111011000001000010011100000011
00000000111101110000011110110011
00000000000001111101011110000011
00001111111101111111011110010011
11111010111101000000001000100011
11111110100001000010011110000011
00000000000101111001011110010011
11110100100001000010011100000011
00000000111101110000011110110011
00000000000001111101011110000011
00000000000101111001011110010011
11111011010001000010011100000011
00000000111101110000011110110011
00000000000001111101011110000011
11111010111101000001001100100011
00000001000000000000000001101111
00000110000000000000011110010011
11111010111101000000001000100011
11111010000001000001001100100011
11111110110001000010011100000011
11111101010001000010011110000011
01000000111101110000011110110011
00000000000100000000011100010011
00000000111101110001011110110011
11111100111101000010001000100011
11111101100001000010011110000011
00000000000100000000011100010011
00000000111101110001011110110011
11111100111101000010000000100011
11111100000001000010011110000011
11111110111101000010001000100011
11111100000001000010011100000011
11111100010001000010011110000011
01000000111101110000011110110011
11111100111101000010000000100011
11111101010001000010011110000011
11111100100001000010011100000011
00000000111101110101011100110011
11111100000001000010011110000011
00000000111101110000011110110011
00000000001001111001011110010011
11111011100001000010011100000011
00000000111101110000011110110011
11111010010001000101011100000011
00000000111001111001000000100011
11111010011001000101011100000011
00000000111001111001000100100011
11111100000001000010011110000011
11111010000001111001111011100011
11111110110001000010011110000011
11111111111101111000011110010011
00000000000100000000011100010011
00000000111101110001011110110011
11111100111101000010001000100011
00000001000000000000000001101111
11111100010001000010011110000011
00000000000101111101011110010011
11111100111101000010001000100011
11111100100001000010011100000011
11111100010001000010011110000011
00000000111101110111011110110011
11111110000001111001010011100011
11111100010001000010011110000011
00000010000001111000011001100011
11111100010001000010011110000011
11111111111101111000011110010011
11111100100001000010011100000011
00000000111101110111011110110011
11111100111101000010010000100011
11111100100001000010011100000011
11111100010001000010011110000011
00000000111101110000011110110011
11111100111101000010010000100011
00000000100000000000000001101111
11111100000001000010010000100011
11111110100001000010011110000011
00000000000101111000011110010011
11111110111101000010010000100011
11111110110001000010011110000011
00000000000101111001011110010011
11111111000001000000011100010011
00000000111101110000011110110011
11111001010001111101011110000011
11111111111101111000011110010011
00000001000001111001011100010011
00000001000001110101011100010011
11111110110001000010011110000011
00000000000101111001011110010011
11111111000001000000011010010011
00000000111101101000011110110011
11111000111001111001101000100011
11111110110001000010011110000011
00000000000101111001011110010011
11111111000001000000011100010011
00000000111101110000011110110011
11111001010001111101011110000011
00000010000001111001110001100011
11111110110001000010011100000011
11111110000001000010011110000011
00011100111101110000110001100011
11111110100001000010011110000011
00000000000101111001011110010011
11110100100001000010011100000011
00000000111101110000011110110011
00000000000001111101011110000011
00000000000101111001011110010011
11110101100001000010011100000011
00000000111101110000011110110011
00000000000001111101011110000011
11111110111101000010011000100011
11111110110001000010011100000011
11111101110001000010011110000011
11011010111001111111011011100011
11111100100001000010011100000011
11111010100001000010011110000011
00000000111101110111011110110011
11111011110001000010011100000011
11011000111101110000110011100011
11111101010001000010011110000011
00000000000001111001011001100011
11111101110001000010011110000011
11111100111101000010101000100011
11111110010001000010011110000011
00000000001001111001011110010011
11111011100001000010011100000011
00000000111101110000011110110011
11111010111101000010110000100011
11111110110001000010011100000011
11111101010001000010011110000011
01000000111101110000011110110011
11111100111101000010110000100011
11111101100001000010011110000011
00000000000100000000011100010011
00000000111101110001011110110011
11111100111101000010100000100011
00000101000000000000000001101111
11111101100001000010011100000011
11111101010001000010011110000011
00000000111101110000011110110011
00000000000101111001011110010011
11111111000001000000011100010011
00000000111101110000011110110011
11111001010001111101011110000011
00000000111100000000011100110011
11111101000001000010011110000011
01000000111001111000011110110011
11111100111101000010100000100011
11111101000001000010011110000011
00000010111100000101101001100011
11111101100001000010011110000011
00000000000101111000011110010011
11111100111101000010110000100011
11111101000001000010011110000011
00000000000101111001011110010011
11111100111101000010100000100011
11111101100001000010011100000011
11111101010001000010011110000011
00000000111101110000011110110011
11111110000001000010011100000011
11111010111001111110001011100011
00000000100000000000000001101111
00000000000000000000000000010011
11111101100001000010011110000011
00000000000100000000011100010011
00000000111101110001011110110011
11111100110001000010011100000011
00000000111101110000011110110011
11111100111101000010011000100011
11110101110001000010011100000011
00000000000100000000011110010011
00000000111101110001100001100011
11111100110001000010011100000011
00110101010000000000011110010011
00000000111001111110111001100011
11110101110001000010011100000011
00000000001000000000011110010011
00000000111101110001110001100011
11111100110001000010011100000011
00100101000000000000011110010011
00000000111001111111011001100011
00000000000100000000011110010011
00010001000000000000000001101111
11111100100001000010011100000011
11111010100001000010011110000011
00000000111101110111011110110011
11111010111101000010111000100011
11110101000001000010011110000011
00000000000001111010011100000011
11111011110001000010011110000011
00000000001001111001011110010011
00000000111101110000011110110011
11111101100001000010011100000011
00001111111101110111011100010011
00000000111001111000000000100011
11110101000001000010011110000011
00000000000001111010011100000011
11111011110001000010011110000011
00000000001001111001011110010011
00000000111101110000011110110011
11111101110001000010011100000011
00001111111101110111011100010011
00000000111001111000000010100011
11110101000001000010011110000011
00000000000001111010011110000011
11111011100001000010011100000011
01000000111101110000011110110011
01000000001001111101011110010011
00000000111100000000011010110011
11110101000001000010011110000011
00000000000001111010011100000011
11111011110001000010011110000011
00000000001001111001011110010011
00000000111101110000011110110011
00000001000001101001011100010011
00000001000001110101011100010011
00000000111001111001000100100011
11000000110111111111000001101111
00000000000000000000000000010011
11111100100001000010011110000011
00000100000001111000011001100011
00000100000000000000011110010011
11111010111101000000001000100011
11111110110001000010011110000011
00001111111101111111011100010011
11111101010001000010011110000011
00001111111101111111011110010011
01000000111101110000011110110011
00001111111101111111011110010011
11111010111101000000001010100011
11111010000001000001001100100011
11111100100001000010011110000011
00000000001001111001011110010011
11111011100001000010011100000011
00000000111101110000011110110011
11111010010001000101011100000011
00000000111001111001000000100011
11111010011001000101011100000011
00000000111001111001000100100011
11110101000001000010011110000011
00000000000001111010011100000011
11111100110001000010011110000011
00000000001001111001011110010011
00000000111101110000011100110011
11110101000001000010011110000011
00000000111001111010000000100011
11110100110001000010011110000011
11111101110001000010011100000011
00000000111001111010000000100011
00000000000000000000011110010011
00000000111100000000010100110011
00001011110000010010010000000011
00001100000000010000000100010011
00000000000000001000000001100111
