11111110000000010000000100010011
00000000000100010010111000100011
00000000100000010010110000100011
00000010000000010000010000010011
11111110101001000010011000100011
11111110101101000010010000100011
11111110110001000010001000100011
11111110110001000010011110000011
00000000000001111010011110000011
00000010000001111000011001100011
11111110110001000010011110000011
00000000000001111010011100000011
11111110110001000010011110000011
00000001110001111010011110000011
11111110010001000010011000000011
11111110100001000010010110000011
00000000111100000000010100110011
00000000000001110000000011100111
00000000101000000000011110110011
00000010100000000000000001101111
11111110110001000010011110000011
00000010000001111010011100000011
11111110110001000010011110000011
00000001110001111010011110000011
11111110010001000010011000000011
11111110100001000010010110000011
00000000111100000000010100110011
00000000000001110000000011100111
00000000101000000000011110110011
00000000111100000000010100110011
00000001110000010010000010000011
00000001100000010010010000000011
00000010000000010000000100010011
00000000000000001000000001100111
11111100000000010000000100010011
00000010000100010010111000100011
00000010100000010010110000100011
00000100000000010000010000010011
11111100101001000010111000100011
11111100101101000010110000100011
11111100110001000010100000100011
11111100110101000010101000100011
11111100111001000010011000100011
11111101110001000010011110000011
00000001000001111010011110000011
00000010000001111000101001100011
11111101110001000010011110000011
00000001000001111010100000000011
11111101110001000010011110000011
00000001110001111010011110000011
11111100110001000010011100000011
11111101000001000010011000000011
11111101010001000010011010000011
11111101100001000010010110000011
00000000111100000000010100110011
00000000000010000000000011100111
00000000101000000000011110110011
00000110000000000000000001101111
11111101000001000010011110000011
11111110111101000010011000100011
11111110110001000010011110000011
00000000111100000000100000110011
00000000000000000000100010010011
11111101000001000010011110000011
00000001000000000000011100110011
00000000111001111001100001100011
11111101010001000010011110000011
00000001000100000000011100110011
00000000111001111000011001100011
11111111111100000000011110010011
00000010110000000000000001101111
11111101110001000010011110000011
00000010100001111010011100000011
11111101110001000010011110000011
00000001110001111010011110000011
11111100110001000010011010000011
11111110110001000010011000000011
11111101100001000010010110000011
00000000111100000000010100110011
00000000000001110000000011100111
00000000101000000000011110110011
00000000111100000000010100110011
00000011110000010010000010000011
00000011100000010010010000000011
00000100000000010000000100010011
00000000000000001000000001100111
11111101000000010000000100010011
00000010000100010010011000100011
00000010100000010010010000100011
00000011001000010010001000100011
00000011001100010010000000100011
00000011000000010000010000010011
11111100101001000010111000100011
11111100101101000010110000100011
11111101110001000010011110000011
00000001000001111010011110000011
00000010000001111000011001100011
11111101110001000010011110000011
00000000110001111010011100000011
11111101110001000010011110000011
00000001110001111010011110000011
11111101100001000010010110000011
00000000111100000000010100110011
00000000000001110000000011100111
00000000101000000000100100110011
00000000101100000000100110110011
00000100110000000000000001101111
11111101110001000010011110000011
00000010010001111010011100000011
11111101110001000010011110000011
00000001110001111010011110000011
11111101100001000010010110000011
00000000111100000000010100110011
00000000000001110000000011100111
00000000101000000000011110110011
11111110111101000010011000100011
11111110110001000010011100000011
11111111111100000000011110010011
00000000111101110001100001100011
11111111111100000000100100010011
11111111111100000000100110010011
00000001000000000000000001101111
11111110110001000010011110000011
00000000111100000000100100110011
00000000000000000000100110010011
00000001001000000000011100110011
00000001001100000000011110110011
00000000111000000000010100110011
00000000111100000000010110110011
00000010110000010010000010000011
00000010100000010010010000000011
00000010010000010010100100000011
00000010000000010010100110000011
00000011000000010000000100010011
00000000000000001000000001100111
11111110000000010000000100010011
00000000100000010010111000100011
00000010000000010000010000010011
11111110101001000010011000100011
11111110101101000010010000100011
11111110110001000010011110000011
00000000000001111010000000100011
11111110100001000010011110000011
00000000000001111010011100000011
11111110110001000010011110000011
00000010111001111010000000100011
11111110100001000010011110000011
00000001100001111010011100000011
11111110110001000010011110000011
00000000111001111010110000100011
11111110100001000010011110000011
00000000010001111010011100000011
11111110110001000010011110000011
00000000111001111010001000100011
11111110100001000010011110000011
00000000100001111010011100000011
11111110110001000010011110000011
00000000111001111010010000100011
11111110110001000010011110000011
00000000000001111010011000100011
11111110110001000010011110000011
00000000000001111010100000100011
11111110100001000010011110000011
00000001010001111010011100000011
11111110110001000010011110000011
00000000111001111010101000100011
11111110100001000010011110000011
00000001100001111010011100000011
11111110110001000010011110000011
00000000111001111010110000100011
11111110100001000010011110000011
00000001110001111010011100000011
11111110110001000010011110000011
00000000111001111010111000100011
11111110100001000010011110000011
00000001000001111010011100000011
11111110110001000010011110000011
00000010111001111010010000100011
11111110100001000010011110000011
00000000110001111010011100000011
11111110110001000010011110000011
00000010111001111010001000100011
00000000000000000000000000010011
00000001110000010010010000000011
00000010000000010000000100010011
00000000000000001000000001100111
11111101000000010000000100010011
00000010000100010010011000100011
00000010100000010010010000100011
00000011000000010000010000010011
11111100101001000010111000100011
11111100101101000010110000100011
11111100110001000010101000100011
11111110000001000010011000100011
11111110000001000010010000100011
11111101010001000010011110000011
00000000001101111111011100010011
00000000000100000000011110010011
00000000111101110001101001100011
00010000000000010000011110110111
00000000000001111000011110010011
11111110111101000010010000100011
00000011100000000000000001101111
11111101010001000010011110000011
00000000010001111111011110010011
00000000000001111000101001100011
00010000000000010000011110110111
00000000010001111000011110010011
11111110111101000010010000100011
00000001110000000000000001101111
11111101010001000010011110000011
00000000100001111111011110010011
00000000000001111000100001100011
00010000000000010000011110110111
00000000100001111000011110010011
11111110111101000010010000100011
11111101100001000010011110000011
00000000000001111000111001100011
11111110100001000010011110000011
00000000000001111000101001100011
11111110100001000010010110000011
11111101100001000010010100000011
00000000000000000000000000010011
11111110101001000010011000100011
11111110110001000010011110000011
00000000111100000000010100110011
00000010110000010010000010000011
00000010100000010010010000000011
00000011000000010000000100010011
00000000000000001000000001100111
11111101000000010000000100010011
00000010000100010010011000100011
00000010100000010010010000100011
00000011000000010000010000010011
11111100101001000010111000100011
11111100101101000010110000100011
11111100110001000010101000100011
11111110000001000010011000100011
11111110000001000010010000100011
11111101010001000010011110000011
00000000001101111111011100010011
00000000000100000000011110010011
00000000111101110001101001100011
00010000000000010000011110110111
00000000000001111000011110010011
11111110111101000010010000100011
00000011100000000000000001101111
11111101010001000010011110000011
00000000010001111111011110010011
00000000000001111000101001100011
00010000000000010000011110110111
00000000010001111000011110010011
11111110111101000010010000100011
00000001110000000000000001101111
11111101010001000010011110000011
00000000100001111111011110010011
00000000000001111000100001100011
00010000000000010000011110110111
00000000100001111000011110010011
11111110111101000010010000100011
11111101100001000010011110000011
00000000000001111000111001100011
11111110100001000010011110000011
00000000000001111000101001100011
11111110100001000010010110000011
11111101100001000010010100000011
00000000000000000000000000010011
11111110101001000010011000100011
11111110110001000010011110000011
00000000111100000000010100110011
00000010110000010010000010000011
00000010100000010010010000000011
00000011000000010000000100010011
00000000000000001000000001100111
11111101000000010000000100010011
00000010000100010010011000100011
00000010100000010010010000100011
00000011000000010000010000010011
11111100101001000010111000100011
11111100101101000010110000100011
11111100110001000010101000100011
11111100110101000010100000100011
11111101100001000010011010000011
11111101000001000010011000000011
00000000000100000000010110010011
11111101010001000010010100000011
00000000000000000000000000010011
11111110101001000010011000100011
11111110110001000010011110000011
00000000111100000000010100110011
00000010110000010010000010000011
00000010100000010010010000000011
00000011000000010000000100010011
00000000000000001000000001100111
11111101000000010000000100010011
00000010000100010010011000100011
00000010100000010010010000100011
00000011000000010000010000010011
11111100101001000010111000100011
11111100101101000010110000100011
11111100110001000010101000100011
11111100110101000010100000100011
11111101100001000010011010000011
11111101000001000010011000000011
00000000000100000000010110010011
11111101010001000010010100000011
00000000000000000000000000010011
11111110101001000010011000100011
11111110110001000010011110000011
00000000111100000000010100110011
00000010110000010010000010000011
00000010100000010010010000000011
00000011000000010000000100010011
00000000000000001000000001100111
11111101000000010000000100010011
00000010000100010010011000100011
00000010100000010010010000100011
00000011000000010000010000010011
11111100101001000010111000100011
11111100101101000010110000100011
11111101100001000010010100000011
00000000000000000000000000010011
11111110101001000010011000100011
11111110110001000010011110000011
00000000111100000000010100110011
00000010110000010010000010000011
00000010100000010010010000000011
00000011000000010000000100010011
00000000000000001000000001100111
11111101000000010000000100010011
00000010000100010010011000100011
00000010100000010010010000100011
00000011000000010000010000010011
11111100101001000010111000100011
11111100101101000010110000100011
11111101100001000010010100000011
00000000000000000000000000010011
00000000101000000000011110110011
11111110111101000010010000100011
01000001111101111101011110010011
11111110111101000010011000100011
11111110100001000010011100000011
11111110110001000010011110000011
00000000111000000000010100110011
00000000111100000000010110110011
00000010110000010010000010000011
00000010100000010010010000000011
00000011000000010000000100010011
00000000000000001000000001100111
11111101000000010000000100010011
00000010000100010010011000100011
00000010100000010010010000100011
00000011000000010000010000010011
11111100101001000010111000100011
11111100101101000010110000100011
11111100110001000010101000100011
11111100110101000010100000100011
11111110000001000010011000100011
11111101000001000010011100000011
00000000001000000000011110010011
00000010111101110000100001100011
11111101000001000010011100000011
00000000001000000000011110010011
00000010111001111100110001100011
11111101000001000010011110000011
00000010000001111000010001100011
11111101000001000010011100000011
00000000000100000000011110010011
00000010111101110001001001100011
00000000000100000000011110010011
11111110111101000010011000100011
00000010000000000000000001101111
00000000001000000000011110010011
11111110111101000010011000100011
00000001010000000000000001101111
11111110000001000010011000100011
00000000110000000000000001101111
11111111111100000000011110010011
00000011000000000000000001101111
11111110000001000010010000100011
11111101010001000010011110000011
11111110110001000010011000000011
00000000111100000000010110110011
11111101100001000010010100000011
00000000000000000000000000010011
00000000101000000000011110110011
00000000000001111000011001100011
11111111111100000000011110010011
11111110111101000010010000100011
11111110100001000010011110000011
00000000111100000000010100110011
00000010110000010010000010000011
00000010100000010010010000000011
00000011000000010000000100010011
00000000000000001000000001100111
11111100000000010000000100010011
00000010000100010010111000100011
00000010100000010010110000100011
00000100000000010000010000010011
11111100101001000010111000100011
11111100101101000010110000100011
11111100110001000010100000100011
11111100110101000010101000100011
11111100111001000010011000100011
11111110000001000010011000100011
11111100110001000010011100000011
00000000001000000000011110010011
00000010111101110000100001100011
11111100110001000010011100000011
00000000001000000000011110010011
00000010111001111100110001100011
11111100110001000010011110000011
00000010000001111000010001100011
11111100110001000010011100000011
00000000000100000000011110010011
00000010111101110001001001100011
00000000000100000000011110010011
11111110111101000010011000100011
00000010000000000000000001101111
00000000001000000000011110010011
11111110111101000010011000100011
00000001010000000000000001101111
11111110000001000010011000100011
00000000110000000000000001101111
11111111111100000000011110010011
00000011000000000000000001101111
11111110000001000010010000100011
11111101000001000010011110000011
11111110110001000010011000000011
00000000111100000000010110110011
11111101100001000010010100000011
00000000000000000000000000010011
00000000101000000000011110110011
00000000000001111000011001100011
11111111111100000000011110010011
11111110111101000010010000100011
11111110100001000010011110000011
00000000111100000000010100110011
00000011110000010010000010000011
00000011100000010010010000000011
00000100000000010000000100010011
00000000000000001000000001100111
11111101000000010000000100010011
00000010000100010010011000100011
00000010100000010010010000100011
00000011000000010000010000010011
11111100101001000010111000100011
11111100101101000010110000100011
11111101100001000010010100000011
00000000000000000000000000010011
11111110101001000010011000100011
11111110110001000010011110000011
00000000111100000000010100110011
00000010110000010010000010000011
00000010100000010010010000000011
00000011000000010000000100010011
00000000000000001000000001100111
11111101000000010000000100010011
00000010000100010010011000100011
00000010100000010010010000100011
00000011000000010000010000010011
11111100101001000010111000100011
11111100101101000010110000100011
11111101100001000010010100000011
00000000000000000000000000010011
11111110101001000010011000100011
11111110110001000010011110000011
00000000111100000000010100110011
00000010110000010010000010000011
00000010100000010010010000000011
00000011000000010000000100010011
00000000000000001000000001100111
11111110000000010000000100010011
00000000100000010010111000100011
00000010000000010000010000010011
11111110101001000010011000100011
11111110110001000010011110000011
00000000010000000000011100110111
00101110100001110000011100010011
00000000111001111010000000100011
11111110110001000010011110000011
00000000010000000000011100110111
01000100100001110000011100010011
00000000111001111010001000100011
11111110110001000010011110000011
00000000010000000000011100110111
01001001100001110000011100010011
00000000111001111010010000100011
11111110110001000010011110000011
00000000010000000000011100110111
01001110100001110000011100010011
00000000111001111010011000100011
11111110110001000010011110000011
00000000010000000000011100110111
01010111010001110000011100010011
00000000111001111010100000100011
11111110110001000010011110000011
00000000010000000000011100110111
01101110100001110000011100010011
00000000111001111010101000100011
11111110110001000010011110000011
00000000010000000000011100110111
01110010010001110000011100010011
00000000111001111010110000100011
11111110110001000010011110000011
00000000000001111010111000100011
00000000000000000000000000010011
00000001110000010010010000000011
00000010000000010000000100010011
00000000000000001000000001100111
11111110000000010000000100010011
00000000100000010010111000100011
00000010000000010000010000010011
11111110101001000010011000100011
11111110110001000010011110000011
00000000010000000000011100110111
00111001100001110000011100010011
00000000111001111010000000100011
11111110110001000010011110000011
00000000010000000000011100110111
01000100100001110000011100010011
00000000111001111010001000100011
11111110110001000010011110000011
00000000010000000000011100110111
01001001100001110000011100010011
00000000111001111010010000100011
11111110110001000010011110000011
00000000010000000000011100110111
01010010010001110000011100010011
00000000111001111010011000100011
11111110110001000010011110000011
00000000010000000000011100110111
01100010110001110000011100010011
00000000111001111010100000100011
11111110110001000010011110000011
00000000010000000000011100110111
01101110100001110000011100010011
00000000111001111010101000100011
11111110110001000010011110000011
00000000010000000000011100110111
01110010010001110000011100010011
00000000111001111010110000100011
11111110110001000010011110000011
00000000000001111010111000100011
00000000000000000000000000010011
00000001110000010010010000000011
00000010000000010000000100010011
00000000000000001000000001100111
