11111101000000010000000100010011
00000010100000010010011000100011
00000011000000010000010000010011
11111100101001000010111000100011
11111101110001000010011110000011
00000000000001111010010000100011
11111110000001000010011000100011
00000101110000000000000001101111
11111101110001000010011110000011
00000000100001111010011110000011
00000000100001111001011110010011
11111101110001000010011100000011
00000000000001110010011100000011
00000000000001110100011100000011
00000000111001111110011100110011
11111101110001000010011110000011
00000000111001111010010000100011
11111101110001000010011110000011
00000000000001111010011110000011
00000000000101111000011100010011
11111101110001000010011110000011
00000000111001111010000000100011
11111101110001000010011110000011
00000000010001111010011110000011
11111111111101111000011100010011
11111101110001000010011110000011
00000000111001111010001000100011
11111110110001000010011110000011
00000000000101111000011110010011
11111110111101000010011000100011
11111101110001000010011110000011
00000000010001111010011110000011
00000000000001111000100001100011
11111110110001000010011100000011
00000000001100000000011110010011
11111000111001111111101011100011
11111110110001000010011110000011
00000000001101111001011100010011
11111101110001000010011110000011
00000000111001111010011000100011
11111101110001000010011110000011
00000000100001111010011100000011
11111101110001000010011110000011
00000000110001111010011110000011
00000010000000000000011010010011
01000000111101101000011110110011
00000000111101110001011100110011
11111101110001000010011110000011
00000000111001111010010000100011
00000000000000000000000000010011
00000010110000010010010000000011
00000011000000010000000100010011
00000000000000001000000001100111
11111110000000010000000100010011
00000000100000010010111000100011
00000010000000010000010000010011
11111110101001000010011000100011
11111110101101000010010000100011
11111110110001000010001000100011
11111110110001000010011110000011
00000000100001111010011100000011
11111110010001000010011110000011
00000000111101110101011100110011
00000010000000000000011010010011
11111110010001000010011110000011
01000000111101101000011110110011
11111110100001000010011010000011
00000000111101101001011110110011
00000000111101110110011100110011
11111110110001000010011110000011
00000000111001111010010000100011
11111110110001000010011110000011
00000000110001111010011100000011
11111110010001000010011110000011
00000000111101110000011100110011
11111110110001000010011110000011
00000000111001111010011000100011
00000000000000000000000000010011
00000001110000010010010000000011
00000010000000010000000100010011
00000000000000001000000001100111
11111110000000010000000100010011
00000000100000010010111000100011
00000010000000010000010000010011
11111110101001000010011000100011
11111110101101000010010000100011
11111110110001000010001000100011
11111110110001000010011110000011
11111110100001000010011100000011
00000000111001111010000000100011
11111110110001000010011110000011
11111110010001000010011100000011
00000000111001111010001000100011
11111110110001000010011110000011
00000000000001111010010000100011
11111110110001000010011110000011
00000000000001111010011000100011
00000000000000000000000000010011
00000001110000010010010000000011
00000010000000010000000100010011
00000000000000001000000001100111
11111101000000010000000100010011
00000010000100010010011000100011
00000010100000010010010000100011
00000011000000010000010000010011
11111100101001000010111000100011
11111100101101000010110000100011
11111110000001000010011000100011
00001010100000000000000001101111
11111101110001000010011110000011
00000000110001111010011110000011
00000000000001111001011001100011
11111101110001000010010100000011
00000000000000000000000000010011
11111101100001000010011110000011
11111110111101000010010000100011
11111101110001000010011110000011
00000000110001111010011110000011
11111110100001000010011100000011
00000000111001111111100001100011
11111101110001000010011110000011
00000000110001111010011110000011
11111110111101000010010000100011
11111110100001000010011110000011
11111110110001000010011100000011
00000000111101110001011100110011
11111101110001000010011110000011
00000000100001111010011010000011
00000010000000000000011000010011
11111110100001000010011110000011
01000000111101100000011110110011
00000000111101101101011110110011
00000000111101110110011110110011
11111110111101000010011000100011
11111101110001000010011110000011
00000000100001111010011100000011
11111110100001000010011110000011
00000000111101110001011100110011
11111101110001000010011110000011
00000000111001111010010000100011
11111101110001000010011110000011
00000000110001111010011100000011
11111110100001000010011110000011
01000000111101110000011100110011
11111101110001000010011110000011
00000000111001111010011000100011
11111101100001000010011100000011
11111110100001000010011110000011
01000000111101110000011110110011
11111100111101000010110000100011
11111101100001000010011110000011
11110100000001111001110011100011
11111110110001000010011110000011
00000000111100000000010100110011
00000010110000010010000010000011
00000010100000010010010000000011
00000011000000010000000100010011
00000000000000001000000001100111
11111110000000010000000100010011
00000000000100010010111000100011
00000000100000010010110000100011
00000010000000010000010000010011
11111110101001000010011000100011
11111110101101000010010000100011
00000001110000000000000001101111
00000010000000000000010110010011
11111110110001000010010100000011
00000000000000000000000000010011
11111110100001000010011110000011
11111110000001111000011110010011
11111110111101000010010000100011
11111110100001000010011100000011
00000010000000000000011110010011
11111110111001111110000011100011
11111110100001000010011110000011
00000000000001111000100001100011
11111110100001000010010110000011
11111110110001000010010100000011
00000000000000000000000000010011
00000000000000000000000000010011
00000001110000010010000010000011
00000001100000010010010000000011
00000010000000010000000100010011
00000000000000001000000001100111
11111110000000010000000100010011
00000000100000010010111000100011
00000010000000010000010000010011
11111110101001000010011000100011
11111110110001000010011110000011
00000000010001111010011110000011
00000000001101111001011100010011
11111110110001000010011110000011
00000000110001111010011110000011
00000000111101110000011110110011
00000000111100000000010100110011
00000001110000010010010000000011
00000010000000010000000100010011
00000000000000001000000001100111
11111110000000010000000100010011
00000000100000010010111000100011
00000010000000010000010000010011
11111110101001000010011000100011
11111110110001000010011110000011
00000000000001111010011100000011
11111110110001000010011110000011
00000000110001111010011110000011
00000000001101111101011110010011
01000000111100000000011110110011
00000000111101110000011110110011
00000000111100000000010100110011
00000001110000010010010000000011
00000010000000010000000100010011
00000000000000001000000001100111
