11111101000000010000000100010011
00000010000100010010011000100011
00000010100000010010010000100011
00000011000000010000010000010011
11111100101001000010111000100011
00000000010100000000011110010011
11111110111101000010010000100011
11111101110001000010010100000011
00000000000000000000000000010011
11111110101001000010001000100011
11111110010001000010011100000011
00000000111100000000011110010011
00000000111101110001100001100011
00000000001000000000011110010011
11111110111101000010010000100011
00000010010000000000000001101111
11111110010001000010011100000011
00000001000000000000011110010011
00000000111101110001100001100011
00000000001100000000011110010011
11111110111101000010010000100011
00000000110000000000000001101111
00000000010000000000011110010011
00000110000000000000000001101111
11111110000001000010011000100011
00000100100000000000000001101111
11111110110001000010011110000011
11111101110001000010011100000011
00000000111101110000011110110011
00000000000001111100011100000011
00000010111100000000011110010011
00000000111001111111111001100011
11111110110001000010011110000011
11111101110001000010011100000011
00000000111101110000011110110011
00000000000001111100011100000011
00000011100100000000011110010011
00000000111001111111011001100011
00000000010100000000011110010011
00000010000000000000000001101111
11111110110001000010011110000011
00000000000101111000011110010011
11111110111101000010011000100011
11111110110001000010011110000011
11111110010001000010011100000011
11111010111001111110101011100011
11111110100001000010011110000011
00000000111100000000010100110011
00000010110000010010000010000011
00000010100000010010010000000011
00000011000000010000000100010011
00000000000000001000000001100111
11111110000000010000000100010011
00000000100000010010111000100011
00000000100100010010110000100011
00000010000000010000010000010011
00000000101000000000010010110011
11111110000001000000010110100011
11111110000001000010011000100011
00000111110000000000000001101111
11111110110001000010011110000011
00000000111101001000011110110011
00000000000001111100011110000011
00000000111101111111011110010011
11111110111101000000010100100011
11111110110001000010011110000011
00000000000101111111011110010011
00000000000001111000011001100011
00000000001000000000011110010011
00000000100000000000000001101111
00000000000100000000011110010011
11111110101001000100011100000011
00000010111001111000011110110011
11111110111101000000010100100011
11111110101001000100011100000011
00000000101000000000011110010011
00000010111101110111011110110011
00001111111101111111011100010011
11111110101001000100011010000011
00000000101000000000011110010011
00000010111101101101011110110011
00001111111101111111011110010011
00000000111101110000011110110011
00001111111101111111011100010011
11111110101101000100011110000011
00000000111101110000011110110011
11111110111101000000010110100011
11111110110001000010011110000011
00000000000101111000011110010011
11111110111101000010011000100011
11111110110001000010011100000011
00000000110100000000011110010011
11111000111001111111000011100011
11111110101101000100011100000011
00000000101000000000011110010011
00000010111101110111011110110011
00001111111101111111011110010011
00000000111100000000011100110011
00000000101000000000011110010011
01000000111001111000011100110011
00000000101000000000011110010011
00000010111101110110011110110011
00001111111101111111011110010011
00000000111100000000010100110011
00000001110000010010010000000011
00000001100000010010010010000011
00000010000000010000000100010011
00000000000000001000000001100111
