11111110000000010000000100010011
00000000100000010010111000100011
00000010000000010000010000010011
11111110101001000010011000100011
11111110110001000010011110000011
00000000000001111100011100000011
00000000000101111100011110000011
00000000100001111001011110010011
00000000111001111110011110110011
00000001000001111001011110010011
00000001000001111101011110010011
00000000111100000000010100110011
00000001110000010010010000000011
00000010000000010000000100010011
00000000000000001000000001100111
11111110000000010000000100010011
00000000100000010010111000100011
00000010000000010000010000010011
11111110101001000010011000100011
11111110110001000010011110000011
00000000000001111100011100000011
00000000000101111100011010000011
00000000100001101001011010010011
00000000111001101110011100110011
00000000001001111100011010000011
00000001000001101001011010010011
00000000111001101110011100110011
00000000001101111100011110000011
00000001100001111001011110010011
00000000111001111110011110110011
00000000111100000000010100110011
00000001110000010010010000000011
00000010000000010000000100010011
00000000000000001000000001100111
11111111000000010000000100010011
00000000000100010010011000100011
00000000100000010010010000100011
00000001000000010000010000010011
00000000000011000001011110110111
00000000000001111000011110010011
11100000100001111000010110010011
00000000000100000000010100010011
00000000000000000000000000010011
00000000101000000000011110110011
00000000111100000000010100110011
00000000110000010010000010000011
00000000100000010010010000000011
00000001000000010000000100010011
00000000000000001000000001100111
11111101000000010000000100010011
00000010000100010010011000100011
00000010100000010010010000100011
00000011000000010000010000010011
11111100101001000010111000100011
11111100101101000010110000100011
11111101110001000010011110000011
11111101100001000010011100000011
00000000111001111010000000100011
11111101110001000010011110000011
00000000000001111010011100000011
11111101110001000010011110000011
00000000111001111010001000100011
11111101110001000010011100000011
00000000000000100000011110110111
00000000000001111000011110010011
00000000100001111000011110010011
00000000111101110000011110110011
00000000000010000000011000110111
00000000000001100000011000010011
00000000000000000000010110010011
00000000111100000000010100110011
00000000000000000000000000010011
11111101110001000010011110000011
00000000100001111000011110010011
00000000000000100000011000110111
00000000000001100000011000010011
00000000000000000000010110010011
00000000111100000000010100110011
00000000000000000000000000010011
11111110000001000010011000100011
00010001010000000000000001101111
11111101110001000010011100000011
11111110110001000010011010000011
00000000000000010100011110110111
00000000000001111000011110010011
00000000111101101000011110110011
00000000001101111001011110010011
00000000111101110000011110110011
00000000100001111010011110000011
00001000000000000000010110010011
00000000111100000000010100110011
00000000000000000000000000010011
11111110101001000010010000100011
11111110100001000010011110000011
00000000000001111001011001100011
00000000000100000000011110010011
00001110010000000000000001101111
11111101110001000010011100000011
11111110110001000010011010000011
00000000000000010100011110110111
00000000000001111000011110010011
00000000111101101000011110110011
00000000001101111001011110010011
00000000111101110000011110110011
11111110100001000010011100000011
00000000111001111010010000100011
11111101110001000010011100000011
11111110110001000010011010000011
00000000000000010100011110110111
00000000000001111000011110010011
00000000111101101000011110110011
00000000001101111001011110010011
00000000111101110000011110110011
00000001000000000000011100010011
00000000111001111001011100100011
11111101110001000010011100000011
11111110110001000010011010000011
00000000000000010100011110110111
00000000000001111000011110010011
00000000111101101000011110110011
00000000001101111001011110010011
00000000111101110000011110110011
00000000000001111001011000100011
11111101110001000010011100000011
11111110110001000010011010000011
00000000000000010100011110110111
00000000000001111000011110010011
00000000111101101000011110110011
00000000001101111001011110010011
00000000111101110000011110110011
00000000100001111010011110000011
11111111111100000000011100010011
00000000111001111010001000100011
11111101110001000010011100000011
11111110110001000010011010000011
00000000000000010100011110110111
00000000000001111000011110010011
00000000111101101000011110110011
00000000001101111001011110010011
00000000111101110000011110110011
00000000100001111010011110000011
11111101100001000010011010000011
11111111111111110000011100110111
00000000000001110000011100010011
00000000111001101000011100110011
00000000111001111010000000100011
11111110110001000010011110000011
00000000000101111000011110010011
11111110111101000010011000100011
11111110110001000010011100000011
00001111111100000000011110010011
11101110111001111101010011100011
00000000000000000000011110010011
00000000111100000000010100110011
00000010110000010010000010000011
00000010100000010010010000000011
00000011000000010000000100010011
00000000000000001000000001100111
11111101000000010000000100010011
00000010000100010010011000100011
00000010100000010010010000100011
00000011000000010000010000010011
11111100101001000010111000100011
11111101110001000010011110000011
00000100000001111000110001100011
11111110000001000010011000100011
00000011100000000000000001101111
11111101110001000010011100000011
11111110110001000010011010000011
00000000000000010100011110110111
00000000000001111000011110010011
00000000111101101000011110110011
00000000001101111001011110010011
00000000111101110000011110110011
00000000100001111010011110000011
00000000111100000000010100110011
00000000000000000000000000010011
11111110110001000010011110000011
00000000000101111000011110010011
11111110111101000010011000100011
11111110110001000010011100000011
00001111111100000000011110010011
11111100111001111101001011100011
11111101110001000010010100000011
00000000000000000000000000010011
00000000100000000000000001101111
00000000000000000000000000010011
00000010110000010010000010000011
00000010100000010010010000000011
00000011000000010000000100010011
00000000000000001000000001100111
11111110000000010000000100010011
00000000100000010010111000100011
00000010000000010000010000010011
11111110101001000010011000100011
11111110110001000010011100000011
10011110001101111000011110110111
00000000000001111000011110010011
10011011000101111000011110010011
00000010111101110000011110110011
00000001000101111101011110010011
00000000111100000000010100110011
00000001110000010010010000000011
00000010000000010000000100010011
00000000000000001000000001100111
11110111000000010000000100010011
00001000000100010010011000100011
00001000100000010010010000100011
00001001000000010000010000010011
11110110101001000010111000100011
11110110101101000010110000100011
11110110110001000010101000100011
11110110110101000010100000100011
11110111110001000010011100000011
00000000000010100000011110110111
00000000000001111000011110010011
00000000100001111000011110010011
00000000111101110000011110110011
11111010111101000010110000100011
11110111110001000010011100000011
00000000000000100000011110110111
00000000000001111000011110010011
00000000100001111000011110010011
00000000111101110000011110110011
11111010111101000010101000100011
11110111110001000010011110000011
00000000100001111000011110010011
11111010111101000010100000100011
11110111110001000010011100000011
00000000000010100001011110110111
00000000000001111000011110010011
10000000100001111000011110010011
00000000111101110000011110110011
11111010111101000010011000100011
11110111110001000010011100000011
00000000000011000001011110110111
00000000000001111000011110010011
10000000100001111000011110010011
00000000111101110000011110110011
11111010111101000010010000100011
11110111110001000010011100000011
00000000000011000001011110110111
00000000000001111000011110010011
11000000100001111000011110010011
00000000111101110000011110110011
11111010111101000010001000100011
11110111100001000010011110000011
11111010111101000010000000100011
11111010000001000010011100000011
11110111010001000010011110000011
00000000111101110000011110110011
11111000111101000010111000100011
11111110000001000001001100100011
11111100000001000010110000100011
11111100000001000010101000100011
11111000000001000010110000100011
11111010000001000010010100000011
00000000000000000000000000010011
11111000101001000010101000100011
11111010000001000010010110000011
11110111110001000010010100000011
00000000000000000000000000010011
11111001010001000010011110000011
00000001000001111001011100010011
00000001000001110101011100010011
11111001010001000010011110000011
00000001000001111101011110010011
00000001000001111001011110010011
00000001000001111101011110010011
00101100111101110001001001100011
11111001010001000010011110000011
00001111111101111111011100010011
11111001010001000010011110000011
00000000100001111101011110010011
00001111111101111111011110010011
00101010111101110001011001100011
11111001010001000010011110000011
11111000111101000000100110100011
11111001001101000100011110000011
00000000001101111001011110010011
11111011100001000010011100000011
00000000111101110000011110110011
00000000010001111101011110000011
11111100111101000010100000100011
11111010000001000010011110000011
00000000010001111000011110010011
11111100111101000010011000100011
00000001000000000000000001101111
11111100110001000010011110000011
00000000000101111000011110010011
11111100111101000010011000100011
11111100110001000010011110000011
00000000000001111100011110000011
11111001001101000100011100000011
00000000111101110001100001100011
11111100110001000010011100000011
11111001110001000010011110000011
11111100111101110110111011100011
11111100110001000010011100000011
11111010000001000010011110000011
01000000111101110000011110110011
11111000111101000010110000100011
00000001000000000000000001101111
11111101000001000010011110000011
11111111111101111000011110010011
11111100111101000010100000100011
11111001001101000100011110000011
00000000001101111001011110010011
11111011100001000010011100000011
00000000111101110000011110110011
00000000000001111010011100000011
11111101000001000010011110000011
00000000001101111001011110010011
00000000111101110000011110110011
00000000010001111010011110000011
11111001100001000010011100000011
11111100111001111110011011100011
11111001001101000100011110000011
00000000001101111001011110010011
11111011100001000010011100000011
00000000111101110000011110110011
00000000000001111010011100000011
11111101000001000010011110000011
00000000001101111001011110010011
00000000111101110000011110110011
00000000000001111010011100000011
11111001100001000010011110000011
01000000111100000000011110110011
00000000111101110000011100110011
11111010000001000010011010000011
11111111111111110000011110110111
00000000000001111000011110010011
00000000000101111000011110010011
00000000111101101000011110110011
00001000111001111110101001100011
11111010000001000010011100000011
00000000000000010000011110110111
00000000000001111000011110010011
11111111111101111000011110010011
00000000111101110111011110110011
00000000001101111001011110010011
11111011010001000010011100000011
00000000111101110000011110110011
00000000000001111010000000100011
11111010000001000010011010000011
00000000000000010000011100110111
00000000000001110000011100010011
11111111111101110000011100010011
00000000111001101111011100110011
00000000001101110001011100010011
11111011010001000010011010000011
00000000111001101000011100110011
00000000000001111010011110000011
00000000111101110010001000100011
11110111110001000010011110000011
00000000000001111010011110000011
11111010000001000010011100000011
00000010111001111111100001100011
11111010000001000010011110000011
11111111111101111000011110010011
00000000000001111100011110000011
11111001001101000100011100000011
00000000111101110001111001100011
11111010000001000010011110000011
11111111111101111000011100010011
11110111000001000010011110000011
00000000111001111010000000100011
11111001100001000010011110000011
00010110000000000001000001101111
00000000000000000000011110010011
00010101100000000001000001101111
11111001001101000100011110000011
00000000001101111001011110010011
11111011100001000010011100000011
00000000111101110000011110110011
00000000000001111010011100000011
11111101000001000010011110000011
00000000001101111001011110010011
00000000111101110000011110110011
00000000000001111010011010000011
11111001100001000010011110000011
01000000111100000000011100110011
11111010000001000010011000000011
00000000000000010000011110110111
00000000000001111000011110010011
11111111111101111000011110010011
00000000111101100111011110110011
00000000001101111001011110010011
11111011010001000010011000000011
00000000111101100000011110110011
00000000111001101000011100110011
00000000111001111010001000100011
00000000010001111010011110000011
11111110111101000010011000100011
11111001100001000010011110000011
11111100111101000010110000100011
11111101100001000010011110000011
11111100111101000010111000100011
11111101110001000010011110000011
11111110111101000010000000100011
11111110000001000010011100000011
00000000000000001000011110110111
00000000000001111000011110010011
11111111111101111000011110010011
00000000111101110111011110110011
00000000001001111001011110010011
11111010110001000010011100000011
00000000111101110000011110110011
11111010000001000010011100000011
00000000111001111010000000100011
11111110000001000010010000100011
11111010000001000010011100000011
00000000000000010000011110110111
00000000000001111000011110010011
11111111111101111000011110010011
00000000111101110111011110110011
00000000001101111001011110010011
11111011010001000010011100000011
00000000111101110000011110110011
00000000000001111010000000100011
11111010000001000010011110000011
11111111111101111000011110010011
00000000000001111100011110000011
11111001001101000100011100000011
00000000111101110001110001100011
11111010000001000010011110000011
11111111111101111000011100010011
11110111000001000010011110000011
00000000111001111010000000100011
00000001000000000000000001101111
11110111000001000010011110000011
11111110110001000010011100000011
00000000111001111010000000100011
11111001100001000010011100000011
00000000010000000000011110010011
01001010111101110001110001100011
11111010000001000010011100000011
00000000000000010000011110110111
00000000000001111000011110010011
11111111111101111000011110010011
00000000111101110111011110110011
00000000001101111001011110010011
11111011010001000010011100000011
00000000111101110000011110110011
11111110111101000010010000100011
01001001000000000000000001101111
11111001010001000010010100000011
00000000000000000000000000010011
00000000101000000000011110110011
00000000001001111001011110010011
11111011000001000010011100000011
00000000111101110000011110110011
00000000000001111010011110000011
11111110111101000010011000100011
11111110110001000010011110000011
00000000000001111001011001100011
00000000000000000000011110010011
01111111110100000000000001101111
11111010000001000010011100000011
00000000000000010000011110110111
00000000000001111000011110010011
11111111111101111000011110010011
00000000111101110111011110110011
00000000001101111001011110010011
11111011010001000010011100000011
00000000111101110000011110110011
11111110111101000010010000100011
00000000001100000000011110010011
11111100111101000010111000100011
11111101110001000010011110000011
11111110111101000010000000100011
11111010110001000010011110000011
00000000110001111000011110010011
11111010000001000010011100000011
00000000111001111010000000100011
00111110010000000000000001101111
11111110110001000010010100000011
00000000000000000000000000010011
00000000101000000000011100110011
11111001010001000010011110000011
00000100111001111000000001100011
11111010110001000010011110000011
00000000110001111000011110010011
11111110110001000010011100000011
00000000111001111010000000100011
11111110110001000010011100000011
00000000000000010000011110110111
00000000000001111000011110010011
11111111111101111000011110010011
00000000111101110111011110110011
00000000001101111001011110010011
11111011010001000010011100000011
00000000111101110000011110110011
00000000010001111010011110000011
11111110111101000010011000100011
00111001010000000000000001101111
00000000010000000000011110010011
11111100111101000010101000100011
00000001000000000000000001101111
11111101010001000010011110000011
00000000000101111000011110010011
11111100111101000010101000100011
11111101010001000010011100000011
11110111010001000010011110000011
00000010111101110111010001100011
11111010000001000010011100000011
11111101010001000010011110000011
00000000111101110000011110110011
00000000000001111100011100000011
11111110110001000010011010000011
11111101010001000010011110000011
00000000111101101000011110110011
00000000000001111100011110000011
11111100111101110000010011100011
11111101010001000010011100000011
11111101100001000010011110000011
00000000111001111111110001100011
11111101010001000010011110000011
11111100111101000010110000100011
11110111000001000010011110000011
11111110110001000010011100000011
00000000111001111010000000100011
11111101010001000010011100000011
11111101110001000010011110000011
00000110111001111110111001100011
11111101010001000010011100000011
00000000000000001000011110110111
00000000000001111000011110010011
11111111111101111000011110010011
00000000111101110111011110110011
00000000001001111001011110010011
11111010110001000010011100000011
00000000111101110000011110110011
00000000000001111010011110000011
00000000111100000000011100110011
00000000000000010000011110110111
00000000000001111000011110010011
11111111111101111000011110010011
00000000111101110111011110110011
00000000001101111001011110010011
11111011010001000010011100000011
00000000111101110000011110110011
11111110110001000010011100000011
00000000111001111010001000100011
11111101010001000010011100000011
00000000000000001000011110110111
00000000000001111000011110010011
11111111111101111000011110010011
00000000111101110111011110110011
00000000001001111001011110010011
11111010110001000010011100000011
00000000111101110000011110110011
11111110110001000010011100000011
00000000111001111010000000100011
00010010000000000000000001101111
11111110100001000010011110000011
00001000000001111000000001100011
11111101110001000010011110000011
00000000000101111000011110010011
11111100111101000010111000100011
11111110100001000010011110000011
11111110110001000010011100000011
00000000111001111010000000100011
11111101110001000010011100000011
00000000000000001000011110110111
00000000000001111000011110010011
11111111111101111000011110010011
00000000111101110111011110110011
00000000001001111001011110010011
11111010110001000010011100000011
00000000111101110000011110110011
11111110110001000010011100000011
00000000111001111010000000100011
11111101010001000010011100000011
11111101110001000010011110000011
00000010111001111111011001100011
11111110110001000010011100000011
00000000000000010000011110110111
00000000000001111000011110010011
11111111111101111000011110010011
00000000111101110111011110110011
00000000001101111001011110010011
11111011010001000010011100000011
00000000111101110000011110110011
11111110111101000010010000100011
00001010010000000000000001101111
11111110000001000010010000100011
00001001110000000000000001101111
11111110110001000010011100000011
00000000000000010000011110110111
00000000000001111000011110010011
11111111111101111000011110010011
00000000111101110111011110110011
00000000001101111001011110010011
11111011010001000010011100000011
00000000111101110000011110110011
11111110111101000010010000100011
11111101110001000010011100000011
00000000000000001000011110110111
00000000000001111000011110010011
11111111111101111000011110010011
00000000111101110111011110110011
00000000001001111001011110010011
11111010110001000010011100000011
00000000111101110000011110110011
00000000000001111010011110000011
00000000111100000000011100110011
00000000000000010000011110110111
00000000000001111000011110010011
11111111111101111000011110010011
00000000111101110111011110110011
00000000001101111001011110010011
11111011010001000010011100000011
00000000111101110000011110110011
11111110110001000010011100000011
00000000111001111010001000100011
11111101110001000010011100000011
00000000000000001000011110110111
00000000000001111000011110010011
11111111111101111000011110010011
00000000111101110111011110110011
00000000001001111001011110010011
11111010110001000010011100000011
00000000111101110000011110110011
11111110110001000010011100000011
00000000111001111010000000100011
11111110110001000010011110000011
11111000111101000010011000100011
11111110110001000010011100000011
00000000000000010000011110110111
00000000000001111000011110010011
11111111111101111000011110010011
00000000111101110111011110110011
00000000001101111001011110010011
11111011010001000010011100000011
00000000111101110000011100110011
11111010110001000010011110000011
00000000110001111000011110010011
00000000000001111010011110000011
00000000111100000000011010110011
00000000000000010000011110110111
00000000000001111000011110010011
11111111111101111000011110010011
00000000111101101111011110110011
00000000001101111001011110010011
11111011010001000010011010000011
00000000111101101000011110110011
00000000010001110010011100000011
00000000111001111010001000100011
11111110110001000010011100000011
00000000000000010000011110110111
00000000000001111000011110010011
11111111111101111000011110010011
00000000111101110111011110110011
00000000001101111001011110010011
11111011010001000010011100000011
00000000111101110000011110110011
00000000000001111010011110000011
00001010000001111000111001100011
11111110110001000010011100000011
00000000000000010000011110110111
00000000000001111000011110010011
11111111111101111000011110010011
00000000111101110111011110110011
00000000001101111001011110010011
11111011010001000010011100000011
00000000111101110000011110110011
00000000000001111010011110000011
11111110111101000010011000100011
11111000110001000010011100000011
00000000000000010000011110110111
00000000000001111000011110010011
11111111111101111000011110010011
00000000111101110111011110110011
00000000001101111001011110010011
11111011010001000010011100000011
00000000111101110000011110110011
00000000000001111010000000100011
11111000110001000010011010000011
00000000000000010000011100110111
00000000000001110000011100010011
11111111111101110000011100010011
00000000111001101111011100110011
00000000001101110001011100010011
11111011010001000010011010000011
00000000111001101000011100110011
00000000000001111010011110000011
00000000111101110010001000100011
11111110000001000010011110000011
00000000000101111000011110010011
11111110111101000010000000100011
11111010110001000010011110000011
00000001000001111000011110010011
00000000000001111010011110000011
00000000111100000000011100110011
00000000000000010000011110110111
00000000000001111000011110010011
11111111111101111000011110010011
00000000111101110111011110110011
00000000001101111001011110010011
11111011010001000010011100000011
00000000111101110000011110110011
11111110110001000010011100000011
00000000111001111010001000100011
00000111010000000000000001101111
11111110110001000010011100000011
00000000000000010000011110110111
00000000000001111000011110010011
11111111111101111000011110010011
00000000111101110111011110110011
00000000001101111001011110010011
11111011010001000010011100000011
00000000111101110000011110110011
00000000010001111010011110000011
11111110111101000010011000100011
11111000110001000010011100000011
00000000000000010000011110110111
00000000000001111000011110010011
11111111111101111000011110010011
00000000111101110111011110110011
00000000001101111001011110010011
11111011010001000010011100000011
00000000111101110000011110110011
00000000000001111010001000100011
11111110110001000010011110000011
00000010000001111000000001100011
11111010000001000010011100000011
11111110110001000010011110000011
01000000111101110000011100110011
00000000000000010000011110110111
00000000000001111000011110010011
11111111111001111000011110010011
11000000111001111101000011100011
11111101100001000010011110000011
00000000000001111001101001100011
00000000000000000000011110010011
00111010000100000000000001101111
00000000000000000000000000010011
00110100010100000000000001101111
00000000000000000000000000010011
00110011110100000000000001101111
11111110011001000101011110000011
00000100000001111001000001100011
11111100000001000010010000100011
00000010010000000000000001101111
11111100100001000010011110000011
00000000000101111001011110010011
11111010010001000010011100000011
00000000111101110000011110110011
00000000000001111001000000100011
11111100100001000010011110000011
00000000000101111000011110010011
11111100111101000010010000100011
11111100100001000010011100000011
00001111111100000000011110010011
11111100111001111111110011100011
00000000000100000000011110010011
11111110111101000001001100100011
11111110000001000010011110000011
11111100111101000010101000100011
00000001000000000000000001101111
11111101010001000010011110000011
00000000000101111000011110010011
11111100111101000010101000100011
11111101010001000010011100000011
11110111010001000010011110000011
00000010111101110111010001100011
11111010000001000010011100000011
11111101010001000010011110000011
00000000111101110000011110110011
00000000000001111100011100000011
11111110110001000010011010000011
11111101010001000010011110000011
00000000111101101000011110110011
00000000000001111100011110000011
11111100111101110000010011100011
11111101010001000010011100000011
11111110000001000010011110000011
01010000111101110001101001100011
11111110110001000010011100000011
11111110000001000010011110000011
00000000111101110000011110110011
00000000000001111100011110000011
11111000111101000000010110100011
11111000101101000100011110000011
00000000000101111001011110010011
11111010010001000010011100000011
00000000111101110000011110110011
00000000000001111101011110000011
11111110011001000101011100000011
00101110111101110001001001100011
11111110110001000010011100000011
00000000000000010000011110110111
00000000000001111000011110010011
11111111111101111000011110010011
00000000111101110111011110110011
00000000001101111001011110010011
11111011010001000010011100000011
00000000111101110000011110110011
00000000010001111010011110000011
11111100111101000010001000100011
11111000101101000100011110000011
00000000001001111001011110010011
11111010100001000010011100000011
00000000111101110000011110110011
00000000000001111010011110000011
11111110110001000010011100000011
00000000111001111010000000100011
11111110110001000010011100000011
00000000000000010000011110110111
00000000000001111000011110010011
11111111111101111000011110010011
00000000111101110111011110110011
00000000001101111001011110010011
11111011010001000010011100000011
00000000111101110000011100110011
11111110000001000010011010000011
00000000000000001000011110110111
00000000000001111000011110010011
11111111111101111000011110010011
00000000111101101111011110110011
00000000001001111001011110010011
11111010110001000010011010000011
00000000111101101000011110110011
00000000000001111010011110000011
00000000111100000000011010110011
00000000000000010000011110110111
00000000000001111000011110010011
11111111111101111000011110010011
00000000111101101111011110110011
00000000001101111001011110010011
11111011010001000010011010000011
00000000111101101000011110110011
00000000010001110010011100000011
00000000111001111010001000100011
11111110110001000010011100000011
00000000000000010000011110110111
00000000000001111000011110010011
11111111111101111000011110010011
00000000111101110111011110110011
00000000001101111001011110010011
11111011010001000010011100000011
00000000111101110000011110110011
00000000000001111010011110000011
00001000000001111000010001100011
11111110110001000010011100000011
00000000000000010000011110110111
00000000000001111000011110010011
11111111111101111000011110010011
00000000111101110111011110110011
00000000001101111001011110010011
11111011010001000010011100000011
00000000111101110000011100110011
11111110110001000010011010000011
00000000000000010000011110110111
00000000000001111000011110010011
11111111111101111000011110010011
00000000111101101111011110110011
00000000001101111001011110010011
11111011010001000010011010000011
00000000111101101000011110110011
00000000000001110010011100000011
00000000111001111010001000100011
11111110110001000010011100000011
00000000000000010000011110110111
00000000000001111000011110010011
11111111111101111000011110010011
00000000111101110111011110110011
00000000001101111001011110010011
11111011010001000010011100000011
00000000111101110000011110110011
00000000000001111010000000100011
11111000101101000100011110000011
00000000000101111001011110010011
11111010010001000010011100000011
00000000111101110000011110110011
00000000000001111001000000100011
00000110010000000000000001101111
11111110110001000010011100000011
00000000000000010000011110110111
00000000000001111000011110010011
11111111111101111000011110010011
00000000111101110111011110110011
00000000001101111001011110010011
11111011010001000010011100000011
00000000111101110000011110110011
00000000000100000000011100010011
00000000111001111010001000100011
11111110110001000010011100000011
00000000000000010000011110110111
00000000000001111000011110010011
11111111111101111000011110010011
00000000111101110111011110110011
00000000001101111001011110010011
11111011010001000010011100000011
00000000111101110000011100110011
11111000101101000100011110000011
00000000001001111001011110010011
11111010100001000010011010000011
00000000111101101000011110110011
00000000010001110000011100010011
00000000111001111010000000100011
11111100010001000010011100000011
00000000000100000000011110010011
00010000111101110001100001100011
11111110000001000010011100000011
00000000000000001000011110110111
00000000000001111000011110010011
11111111111101111000011110010011
00000000111101110111011110110011
00000000001001111001011110010011
11111010110001000010011100000011
00000000111101110000011110110011
00000000000001111010011110000011
00000000111100000000011100110011
00000000000000010000011110110111
00000000000001111000011110010011
11111111111101111000011110010011
00000000111101110111011110110011
00000000001101111001011110010011
11111011010001000010011100000011
00000000111101110000011110110011
00000000000001111010001000100011
11111110000001000010011110000011
11111111111101111000011110010011
11111110111101000010000000100011
11111110011001000101011110000011
00000000000101111000011110010011
11111110111101000001001100100011
11111110000001000010011100000011
00000000000000001000011110110111
00000000000001111000011110010011
11111111111101111000011110010011
00000000111101110111011110110011
00000000001001111001011110010011
11111010110001000010011100000011
00000000111101110000011110110011
00000000000001111010011110000011
00000000111100000000011100110011
00000000000000010000011110110111
00000000000001111000011110010011
11111111111101111000011110010011
00000000111101110111011110110011
00000000001101111001011110010011
11111011010001000010011100000011
00000000111101110000011110110011
00000000010001111010011110000011
11111100111101000010001000100011
00000101010000000000000001101111
11111110000001000010011100000011
00000000000000001000011110110111
00000000000001111000011110010011
11111111111101111000011110010011
00000000111101110111011110110011
00000000001001111001011110010011
11111010110001000010011100000011
00000000111101110000011110110011
11111100010001000010011100000011
00000000111001111010000000100011
11111100010001000010011100000011
00000000000000010000011110110111
00000000000001111000011110010011
11111111111101111000011110010011
00000000111101110111011110110011
00000000001101111001011110010011
11111011010001000010011100000011
00000000111101110000011110110011
00000000010001111010011110000011
11111100111101000010001000100011
11111100010001000010011100000011
11111110110001000010011110000011
11111010111001111110010011100011
11111100010001000010011110000011
11111110111101000010011000100011
01111001010000000000000001101111
11111110110001000010011100000011
00000000000000010000011110110111
00000000000001111000011110010011
11111111111101111000011110010011
00000000111101110111011110110011
00000000001101111001011110010011
11111011010001000010011100000011
00000000111101110000011110110011
00000000000001111010011110000011
00000100000001111001110001100011
11111000101101000100011110000011
00000000000101111001011110010011
11111010010001000010011100000011
00000000111101110000011110110011
11111110011001000101011100000011
00000000111001111001000000100011
11111110110001000010011100000011
00000000000000010000011110110111
00000000000001111000011110010011
11111111111101111000011110010011
00000000111101110111011110110011
00000000001101111001011110010011
11111011010001000010011100000011
00000000111101110000011010110011
11111000101101000100011110000011
00000000001001111001011110010011
11111010100001000010011100000011
00000000111101110000011110110011
00000000110100000000011100110011
00000000111001111010000000100011
00000000100000000000000001101111
00000000000000000000000000010011
11111110000001000010011100000011
00000000000000001000011110110111
00000000000001111000011110010011
11111111111101111000011110010011
00000000111101110111011110110011
00000000001001111001011110010011
11111010110001000010011100000011
00000000111101110000011110110011
11111110110001000010011100000011
00000000111001111010000000100011
11111110110001000010011100000011
00000000000000010000011110110111
00000000000001111000011110010011
11111111111101111000011110010011
00000000111101110111011110110011
00000000001101111001011110010011
11111011010001000010011100000011
00000000111101110000011110110011
00000000010001111010011110000011
11111110111101000010011000100011
11111110110001000010011100000011
00000000000100000000011110010011
01101010111101110001110001100011
11111110000001000010011100000011
00000000000000001000011110110111
00000000000001111000011110010011
11111111111101111000011110010011
00000000111101110111011110110011
00000000001001111001011110010011
11111010110001000010011100000011
00000000111101110000011110110011
00000000000001111010011110000011
11111000111101000010001000100011
11111110000001000010011110000011
11111111111101111000011100010011
00000000000000001000011110110111
00000000000001111000011110010011
11111111111101111000011110010011
00000000111101110111011110110011
00000000001001111001011110010011
11111010110001000010011100000011
00000000111101110000011110110011
00000000000001111010011110000011
00000000111100000000011100110011
00000000000000010000011110110111
00000000000001111000011110010011
11111111111101111000011110010011
00000000111101110111011110110011
00000000001101111001011110010011
11111011010001000010011100000011
00000000111101110000011110110011
00000000010001111010011110000011
11111100111101000010000000100011
11111000010001000010011100000011
00000000000000010000011110110111
00000000000001111000011110010011
11111111111101111000011110010011
00000000111101110111011110110011
00000000001101111001011110010011
11111011010001000010011100000011
00000000111101110000011110110011
00000000000001111010001000100011
00000101100000000000000001101111
11111110000001000010011110000011
11111111111101111000011100010011
00000000000000001000011110110111
00000000000001111000011110010011
11111111111101111000011110010011
00000000111101110111011110110011
00000000001001111001011110010011
11111010110001000010011100000011
00000000111101110000011110110011
11111100000001000010011100000011
00000000111001111010000000100011
11111100000001000010011100000011
00000000000000010000011110110111
00000000000001111000011110010011
11111111111101111000011110010011
00000000111101110111011110110011
00000000001101111001011110010011
11111011010001000010011100000011
00000000111101110000011110110011
00000000010001111010011110000011
11111100111101000010000000100011
11111100000001000010011100000011
11111000010001000010011110000011
11111010111001111110001011100011
11111100000001000010011110000011
11111110111101000010011000100011
11111110000001000010011110000011
11111111111101111000011110010011
11111110111101000010000000100011
11111110011001000101011110000011
00000000000101111000011110010011
11111110111101000001001100100011
01011001010000000000000001101111
11111101010001000010011100000011
11111101100001000010011110000011
00000000111001111111110001100011
11111101010001000010011110000011
11111100111101000010110000100011
11110111000001000010011110000011
11111110110001000010011100000011
00000000111001111010000000100011
11111101010001000010011100000011
11111101110001000010011110000011
00110110111001111110010001100011
11111101010001000010011100000011
00000000000000001000011110110111
00000000000001111000011110010011
11111111111101111000011110010011
00000000111101110111011110110011
00000000001001111001011110010011
11111010110001000010011100000011
00000000111101110000011110110011
00000000000001111010011110000011
00000000111100000000011100110011
00000000000000010000011110110111
00000000000001111000011110010011
11111111111101111000011110010011
00000000111101110111011110110011
00000000001101111001011110010011
11111011010001000010011100000011
00000000111101110000011110110011
11111110110001000010011100000011
00000000111001111010001000100011
11111101010001000010011100000011
00000000000000001000011110110111
00000000000001111000011110010011
11111111111101111000011110010011
00000000111101110111011110110011
00000000001001111001011110010011
11111010110001000010011100000011
00000000111101110000011110110011
11111110110001000010011100000011
00000000111001111010000000100011
11111110110001000010011110000011
11111000111101000010011000100011
11111110110001000010011100000011
00000000000000010000011110110111
00000000000001111000011110010011
11111111111101111000011110010011
00000000111101110111011110110011
00000000001101111001011110010011
11111011010001000010011100000011
00000000111101110000011100110011
11111110000001000010011010000011
00000000000000001000011110110111
00000000000001111000011110010011
11111111111101111000011110010011
00000000111101101111011110110011
00000000001001111001011110010011
11111010110001000010011010000011
00000000111101101000011110110011
00000000000001111010011110000011
00000000111100000000011010110011
00000000000000010000011110110111
00000000000001111000011110010011
11111111111101111000011110010011
00000000111101101111011110110011
00000000001101111001011110010011
11111011010001000010011010000011
00000000111101101000011110110011
00000000010001110010011100000011
00000000111001111010001000100011
11111110110001000010011100000011
00000000000000010000011110110111
00000000000001111000011110010011
11111111111101111000011110010011
00000000111101110111011110110011
00000000001101111001011110010011
11111011010001000010011100000011
00000000111101110000011110110011
00000000000001111010011110000011
00001110000001111000000001100011
11111110110001000010011100000011
00000000000000010000011110110111
00000000000001111000011110010011
11111111111101111000011110010011
00000000111101110111011110110011
00000000001101111001011110010011
11111011010001000010011100000011
00000000111101110000011110110011
00000000000001111010011110000011
11111110111101000010011000100011
11111000110001000010011100000011
00000000000000010000011110110111
00000000000001111000011110010011
11111111111101111000011110010011
00000000111101110111011110110011
00000000001101111001011110010011
11111011010001000010011100000011
00000000111101110000011110110011
00000000000001111010000000100011
11111000110001000010011010000011
00000000000000010000011100110111
00000000000001110000011100010011
11111111111101110000011100010011
00000000111001101111011100110011
00000000001101110001011100010011
11111011010001000010011010000011
00000000111001101000011100110011
00000000000001111010011110000011
00000000111101110010001000100011
11111110000001000010011110000011
00000000000101111000011110010011
11111110111101000010000000100011
11111110011001000101011110000011
00000000000101111000011110010011
11111110111101000001001100100011
11111110000001000010011100000011
00000000000000001000011110110111
00000000000001111000011110010011
11111111111101111000011110010011
00000000111101110111011110110011
00000000001001111001011110010011
11111010110001000010011100000011
00000000111101110000011110110011
00000000000001111010011110000011
00000000111100000000011100110011
00000000000000010000011110110111
00000000000001111000011110010011
11111111111101111000011110010011
00000000111101110111011110110011
00000000001101111001011110010011
11111011010001000010011100000011
00000000111101110000011110110011
11111110110001000010011100000011
00000000111001111010001000100011
00110111110000000000000001101111
11111110110001000010011100000011
00000000000000010000011110110111
00000000000001111000011110010011
11111111111101111000011110010011
00000000111101110111011110110011
00000000001101111001011110010011
11111011010001000010011100000011
00000000111101110000011110110011
00000000010001111010011110000011
11111110111101000010011000100011
11111000110001000010011100000011
00000000000000010000011110110111
00000000000001111000011110010011
11111111111101111000011110010011
00000000111101110111011110110011
00000000001101111001011110010011
11111011010001000010011100000011
00000000111101110000011110110011
00000000000001111010001000100011
11111110110001000010011100000011
00000000000100000000011110010011
00110010111101110001001001100011
11111110000001000010011110000011
11111111111101111000011100010011
00000000000000001000011110110111
00000000000001111000011110010011
11111111111101111000011110010011
00000000111101110111011110110011
00000000001001111001011110010011
11111010110001000010011100000011
00000000111101110000011110110011
00000000000001111010011110000011
00000000111100000000011100110011
00000000000000010000011110110111
00000000000001111000011110010011
11111111111101111000011110010011
00000000111101110111011110110011
00000000001101111001011110010011
11111011010001000010011100000011
00000000111101110000011110110011
00000000010001111010011110000011
11111010111101000010111000100011
11111110000001000010011100000011
00000000000000001000011110110111
00000000000001111000011110010011
11111111111101111000011110010011
00000000111101110111011110110011
00000000001001111001011110010011
11111010110001000010011100000011
00000000111101110000011110110011
00000000000001111010011110000011
00000000111100000000011100110011
00000000000000010000011110110111
00000000000001111000011110010011
11111111111101111000011110010011
00000000111101110111011110110011
00000000001101111001011110010011
11111011010001000010011100000011
00000000111101110000011110110011
00000000000001111010001000100011
00000101100000000000000001101111
11111110000001000010011110000011
11111111111101111000011100010011
00000000000000001000011110110111
00000000000001111000011110010011
11111111111101111000011110010011
00000000111101110111011110110011
00000000001001111001011110010011
11111010110001000010011100000011
00000000111101110000011110110011
11111011110001000010011100000011
00000000111001111010000000100011
11111011110001000010011100000011
00000000000000010000011110110111
00000000000001111000011110010011
11111111111101111000011110010011
00000000111101110111011110110011
00000000001101111001011110010011
11111011010001000010011100000011
00000000111101110000011110110011
00000000010001111010011110000011
11111010111101000010111000100011
11111011110001000010011100000011
11111000110001000010011110000011
11111010111001111110001011100011
11111011110001000010011110000011
11111110111101000010011000100011
11111110000001000010011110000011
11111111111101111000011110010011
11111110111101000010000000100011
11111110011001000101011110000011
00000000000101111000011110010011
11111110111101000001001100100011
00100000010000000000000001101111
11111110100001000010011110000011
00001000000001111000000001100011
11111110100001000010011110000011
11111110110001000010011100000011
00000000111001111010000000100011
11111101110001000010011110000011
00000000000101111000011110010011
11111100111101000010111000100011
11111101110001000010011100000011
00000000000000001000011110110111
00000000000001111000011110010011
11111111111101111000011110010011
00000000111101110111011110110011
00000000001001111001011110010011
11111010110001000010011100000011
00000000111101110000011110110011
11111110110001000010011100000011
00000000111001111010000000100011
11111101010001000010011100000011
11111101110001000010011110000011
00000010111001111111011001100011
11111110110001000010011100000011
00000000000000010000011110110111
00000000000001111000011110010011
11111111111101111000011110010011
00000000111101110111011110110011
00000000001101111001011110010011
11111011010001000010011100000011
00000000111101110000011110110011
11111110111101000010010000100011
11001001100111111111000001101111
11111110000001000010010000100011
11001001000111111111000001101111
11111101110001000010011100000011
11111110000001000010011110000011
00000100111101110001101001100011
11111110110001000010011100000011
00000000000000010000011110110111
00000000000001111000011110010011
11111111111101111000011110010011
00000000111101110111011110110011
00000000001101111001011110010011
11111011010001000010011100000011
00000000111101110000011110110011
00000000000001111010011110000011
00000010000001111001011001100011
11111110110001000010011100000011
00000000000000010000011110110111
00000000000001111000011110010011
11111111111101111000011110010011
00000000111101110111011110110011
00000000001101111001011110010011
11111011010001000010011100000011
00000000111101110000011110110011
11111110111101000010010000100011
10100001010111111111000001101111
11111101110001000010011100000011
11111110000001000010011110000011
00000110111101110001111001100011
11111110000001000010011100000011
00000000000000001000011110110111
00000000000001111000011110010011
11111111111101111000011110010011
00000000111101110111011110110011
00000000001001111001011110010011
11111010110001000010011100000011
00000000111101110000011110110011
11111110110001000010011100000011
00000000111001111010000000100011
11111110110001000010011100000011
00000000000000010000011110110111
00000000000001111000011110010011
11111111111101111000011110010011
00000000111101110111011110110011
00000000001101111001011110010011
11111011010001000010011100000011
00000000111101110000011110110011
00000000000001111010011110000011
11111110111101000010011000100011
11111101110001000010011110000011
00000000000101111000011110010011
11111100111101000010111000100011
11111110000001000010011110000011
00000000000101111000011110010011
11111110111101000010000000100011
11111110011001000101011110000011
00000000000101111000011110010011
11111110111101000001001100100011
00001010000000000000000001101111
11111110110001000010011100000011
00000000000000010000011110110111
00000000000001111000011110010011
11111111111101111000011110010011
00000000111101110111011110110011
00000000001101111001011110010011
11111011010001000010011100000011
00000000111101110000011110110011
11111110111101000010010000100011
11111101110001000010011100000011
00000000000000001000011110110111
00000000000001111000011110010011
11111111111101111000011110010011
00000000111101110111011110110011
00000000001001111001011110010011
11111010110001000010011100000011
00000000111101110000011110110011
00000000000001111010011110000011
00000000111100000000011100110011
00000000000000010000011110110111
00000000000001111000011110010011
11111111111101111000011110010011
00000000111101110111011110110011
00000000001101111001011110010011
11111011010001000010011100000011
00000000111101110000011110110011
11111110110001000010011100000011
00000000111001111010001000100011
11111101110001000010011100000011
00000000000000001000011110110111
00000000000001111000011110010011
11111111111101111000011110010011
00000000111101110111011110110011
00000000001001111001011110010011
11111010110001000010011100000011
00000000111101110000011110110011
11111110110001000010011100000011
00000000111001111010000000100011
10110001010111111111000001101111
11111110110001000010011110000011
00000010000001111000000001100011
11111010000001000010011100000011
11111110110001000010011110000011
01000000111101110000011100110011
00000000000000010000011110110111
00000000000001111000011110010011
11111111111001111000011110010011
11001010111001111101010001100011
11111110100001000010011110000011
00000000000001111000111001100011
11111010000001000010011100000011
11111111111111110000011110110111
00000000000001111000011110010011
00000000111101110000011100110011
11111110100001000010011110000011
00000000111001111010000000100011
11111110011001000101011110000011
00000000000101111000011110010011
11111110111101000001001100100011
11111101100001000010011110000011
00000000111100000000010100110011
00001000110000010010000010000011
00001000100000010010010000000011
00001001000000010000000100010011
00000000000000001000000001100111
11111010000000010000000100010011
00000100000100010010111000100011
00000100100000010010110000100011
00000100100100010010101000100011
00000110000000010000010000010011
11111010101001000010011000100011
11111010101101000010010000100011
11111010110001000010001000100011
11111010110001000010011100000011
00000000000010100000011110110111
00000000000001111000011110010011
00000000100001111000011110010011
00000000111101110000011110110011
11111100111101000010101000100011
11111010110001000010011100000011
00000000000000100000011110110111
00000000000001111000011110010011
00000000100001111000011110010011
00000000111101110000011110110011
11111100111101000010100000100011
11111010110001000010011110000011
00000000100001111000011110010011
11111100111101000010011000100011
11111010100001000010011110000011
11111100111101000010010000100011
11111100100001000010011100000011
11111010010001000010011110000011
00000000111101110000011110110011
11111100111101000010001000100011
11111010110001000010011110000011
00000000000001111010011110000011
11111100111101000010000000100011
11111100100001000010010100000011
00000000000000000000000000010011
00000000101000000000011110110011
00000000111100000000010010110011
11111100100001000010011110000011
00000000001001111000011110010011
00000000111100000000010100110011
00000000000000000000000000010011
00000000101000000000011110110011
01100100111101001001111001100011
11111100100001000010011110000011
00000000000001111100011100000011
11111100100001000010011110000011
00000000000101111000011110010011
00000000000001111100011110000011
01100100111101110001001001100011
11111100100001000010011110000011
00000000000001111100011110000011
11111010111101000000111110100011
00000000010000000000011110010011
11111110111101000010010000100011
11111100100001000010011110000011
00000000010001111000011110010011
11111110111101000010001000100011
11111100100001000010011110000011
11111110111101000010000000100011
11111100010001000010011110000011
00000000010001111000011110010011
11111100111101000010001000100011
00000001000000000000000001101111
11111110010001000010011110000011
00000000000101111000011110010011
11111110111101000010001000100011
11111110010001000010011110000011
00000000000001111100011110000011
11111011111101000100011100000011
00000000111101110001100001100011
11111110010001000010011100000011
11111100010001000010011110000011
11111100111101110110111011100011
11111110010001000010011100000011
11111100010001000010011110000011
00000000111101110001101001100011
11111100010001000010011100000011
11111100100001000010011110000011
01000000111101110000011110110011
01100110100000000000000001101111
11111110010001000010011100000011
11111100100001000010011110000011
01000000111101110000011110110011
11111010111101000010110000100011
00000001000000000000000001101111
11111110000001000010011110000011
11111111111101111000011110010011
11111110111101000010000000100011
11111110000001000010011100000011
11111100000001000010011110000011
00000000111001111111110001100011
11111110000001000010011110000011
11111111111101111000011110010011
00000000000001111100011110000011
11111011111101000100011100000011
11111100111101110000110011100011
11111100100001000010011100000011
11111110000001000010011110000011
01000000111101110000011110110011
11111010111101000010101000100011
11111011100001000010011100000011
11111011010001000010011110000011
00000000111101110000011110110011
11111110111101000010011000100011
11111110110001000010011100000011
00000000000000010000011110110111
00000000000001111000011110010011
11111111111001111000011110010011
00010110111001111111111001100011
00000000000000010000011110110111
00000000000001111000011110010011
11111111111001111000011110010011
11111110111101000010011000100011
00010110100000000000000001101111
11111011111101000100011110000011
00000000001101111001011110010011
11111101010001000010011100000011
00000000111101110000011110110011
00000000000001111010011100000011
11111011111101000100011110000011
00000000001101111001011110010011
11111101010001000010011010000011
00000000111101101000011110110011
00000000010001111101011110000011
00000000001101111001011110010011
00000000111101110000011110110011
00000000000001111010011100000011
11111100100001000010011010000011
11111111111111110000011110110111
00000000000001111000011110010011
00000000000101111000011110010011
00000000111101101000011110110011
00010100111001111111111001100011
00001011100000000000000001101111
11111011111101000100011110000011
00000000001101111001011110010011
11111101010001000010011100000011
00000000111101110000011110110011
00000000000001111010011100000011
11111011111101000100011110000011
00000000001101111001011110010011
11111101010001000010011010000011
00000000111101101000011110110011
00000000010001111101011110000011
00000000001101111001011110010011
00000000111101110000011110110011
00000000000001111010011010000011
11111110100001000010011110000011
01000000111100000000011100110011
11111110100001000010011110000011
01000000111100000000011110110011
11111110010001000010011000000011
00000000111101100000011110110011
00000000111100000000011000110011
00000000000000010000011110110111
00000000000001111000011110010011
11111111111101111000011110010011
00000000111101100111011110110011
00000000001101111001011110010011
11111101000001000010011000000011
00000000111101100000011110110011
00000000111001101000011100110011
00000000111001111010001000100011
11111110100001000010011110000011
01000000111100000000011110110011
11111110010001000010011100000011
00000000111101110000011110110011
00000000111100000000011100110011
00000000000000010000011110110111
00000000000001111000011110010011
11111111111101111000011110010011
00000000111101110111011110110011
00000000001101111001011110010011
11111101000001000010011100000011
00000000111101110000011110110011
00000000000001111010000000100011
11111110100001000010011110000011
00000000000101111000011110010011
11111110111101000010010000100011
11111011111101000100011110000011
00000000001101111001011110010011
11111101010001000010011100000011
00000000111101110000011110110011
00000000000001111010011100000011
11111011111101000100011110000011
00000000001101111001011110010011
11111101010001000010011010000011
00000000111101101000011110110011
00000000010001111101011110000011
00000000001101111001011110010011
00000000111101110000011110110011
00000000010001111010011110000011
11111110100001000010011100000011
11110000111001111111101011100011
11111011111101000100011110000011
00000000001101111001011110010011
11111101010001000010011100000011
00000000111101110000011110110011
00000000010001111101011100000011
11111111111101110000011100010011
00000001000001110001011100010011
00000001000001110101011100010011
00000000111001111001001000100011
11111011111101000100011110000011
00000000001101111001011110010011
11111101010001000010011100000011
00000000111101110000011110110011
00000000000001111010011100000011
11111011111101000100011110000011
00000000001101111001011110010011
11111101010001000010011010000011
00000000111101101000011110110011
00000000010001111101011110000011
00000000001101111001011110010011
00000000111101110000011110110011
00000000010001111010011110000011
11111110110001000010011100000011
11100110111101110111001011100011
00000000100000000000000001101111
00000000000000000000000000010011
11111011111101000100011110000011
00000000001101111001011110010011
11111101010001000010011100000011
00000000111101110000011110110011
00000000000001111010011100000011
11111011111101000100011110000011
00000000001101111001011110010011
11111101010001000010011010000011
00000000111101101000011110110011
00000000010001111101011110000011
00000000001101111001011110010011
00000000111101110000011110110011
00000000000001111010011100000011
11111100100001000010011010000011
11111111111111110000011110110111
00000000000001111000011110010011
00000000000101111000011110010011
00000000111101101000011110110011
00001100111001111110100001100011
11111011111101000100011110000011
00000000001101111001011110010011
11111101010001000010011100000011
00000000111101110000011110110011
00000000000001111001001000100011
00001011100000000000000001101111
11111011111101000100011110000011
00000000001101111001011110010011
11111101010001000010011100000011
00000000111101110000011110110011
00000000000001111010011100000011
11111011111101000100011110000011
00000000001101111001011110010011
11111101010001000010011010000011
00000000111101101000011110110011
00000000010001111101011110000011
00000000001101111001011110010011
00000000111101110000011110110011
00000000000001111010011010000011
11111110100001000010011110000011
01000000111100000000011100110011
11111110100001000010011110000011
01000000111100000000011110110011
11111110010001000010011000000011
00000000111101100000011110110011
00000000111100000000011000110011
00000000000000010000011110110111
00000000000001111000011110010011
11111111111101111000011110010011
00000000111101100111011110110011
00000000001101111001011110010011
11111101000001000010011000000011
00000000111101100000011110110011
00000000111001101000011100110011
00000000111001111010001000100011
11111110100001000010011110000011
01000000111100000000011110110011
11111110010001000010011100000011
00000000111101110000011110110011
00000000111100000000011100110011
00000000000000010000011110110111
00000000000001111000011110010011
11111111111101111000011110010011
00000000111101110111011110110011
00000000001101111001011110010011
11111101000001000010011100000011
00000000111101110000011110110011
00000000000001111010000000100011
11111110100001000010011110000011
00000000000101111000011110010011
11111110111101000010010000100011
11111110100001000010011100000011
11111110110001000010011110000011
11110100111001111111001011100011
11111011111101000100011110000011
00000000001101111001011110010011
11111101010001000010011100000011
00000000111101110000011110110011
00000000011001111101011110000011
11111111111101111000011110010011
11111011111101000100011100000011
00000000001101110001011100010011
11111101010001000010011010000011
00000000111001101000011100110011
00000000010001110101011100000011
00011000111101110100111001100011
11111011111101000100011110000011
00000000001101111001011110010011
11111101010001000010011100000011
00000000111101110000011110110011
00000000000001111010011010000011
11111011111101000100011110000011
00000000001101111001011110010011
11111101010001000010011100000011
00000000111101110000011110110011
00000000011001111101011110000011
00000000010001111001011110010011
00000000111100000000010110110011
00000000110100000000010100110011
00000000000000000000000000010011
11111010101001000010100000100011
11111100000001000010111000100011
11111011000001000010011110000011
00000000000001111001011001100011
00000000000000000000011110010011
00101001010000000000000001101111
11111011111101000100011110000011
00000000001101111001011110010011
11111101010001000010011100000011
00000000111101110000011110110011
00000000011001111101011100000011
11111011111101000100011110000011
00000000001101111001011110010011
11111101010001000010011010000011
00000000111101101000011110110011
00000000000101110001011100010011
00000001000001110001011100010011
00000001000001110101011100010011
00000000111001111001001100100011
11111011111101000100011110000011
00000000001101111001011110010011
11111101010001000010011100000011
00000000111101110000011110110011
11111011000001000010011100000011
00000000111001111010000000100011
00000001000000000000000001101111
11111101110001000010011110000011
00000000000101111000011110010011
11111100111101000010111000100011
11111101110001000010011110000011
00000000001101111001011110010011
11111011000001000010011100000011
00000000111101110000011110110011
00000000000001111010011100000011
11111100100001000010011010000011
11111111111111110000011110110111
00000000000001111000011110010011
00000000000101111000011110010011
00000000111101101000011110110011
11111100111101110110011011100011
11111101110001000010011110000011
11111100111101000010110000100011
00000100110000000000000001101111
11111101100001000010011110000011
00000000001101111001011110010011
11111011000001000010011100000011
00000000111101110000011100110011
11111101100001000010011010000011
11111101110001000010011110000011
01000000111101101000011110110011
00000000000101111000011110010011
00000000001101111001011110010011
11111011000001000010011010000011
00000000111101101000011110110011
00000000000001110010011010000011
00000000110101111010000000100011
00000000010001110010011100000011
00000000111001111010001000100011
11111101100001000010011110000011
00000000000101111000011110010011
11111100111101000010110000100011
11111011111101000100011110000011
00000000001101111001011110010011
11111101010001000010011100000011
00000000111101110000011110110011
00000000010001111101011110000011
00000000111100000000011100110011
11111101100001000010011110000011
11111000111101110111111011100011
11111011111101000100011110000011
00000000001101111001011110010011
11111101010001000010011100000011
00000000111101110000011110110011
00000000010001111101011100000011
11111101110001000010011110000011
00000001000001111001011110010011
00000001000001111101011110010011
01000000111101110000011110110011
00000001000001111001011100010011
00000001000001110101011100010011
11111011111101000100011110000011
00000000001101111001011110010011
11111101010001000010011010000011
00000000111101101000011110110011
00000000000101110000011100010011
00000001000001110001011100010011
00000001000001110101011100010011
00000000111001111001001000100011
11111011111101000100011110000011
00000000001101111001011110010011
11111101010001000010011100000011
00000000111101110000011110110011
00000000010001111101011100000011
00000000000101110000011100010011
00000001000001110001011100010011
00000001000001110101011100010011
00000000111001111001001000100011
11111011111101000100011110000011
00000000001101111001011110010011
11111101010001000010011100000011
00000000111101110000011110110011
00000000000001111010011100000011
11111011111101000100011110000011
00000000001101111001011110010011
11111101010001000010011010000011
00000000111101101000011110110011
00000000010001111101011110000011
00000000001101111001011110010011
00000000111101110000011110110011
11111110010001000010011100000011
00000000111001111010000000100011
11111011111101000100011110000011
00000000001101111001011110010011
11111101010001000010011100000011
00000000111101110000011110110011
00000000000001111010011100000011
11111011111101000100011110000011
00000000001101111001011110010011
11111101010001000010011010000011
00000000111101101000011110110011
00000000010001111101011110000011
00000000001101111001011110010011
00000000111101110000011110110011
11111110110001000010011100000011
00000000111001111010001000100011
11111110010001000010011100000011
11111100100001000010011110000011
01000000111101110000011110110011
11111111110101111000011110010011
00001010010000000000000001101111
11111100100001000010010100000011
00000000000000000000000000010011
00000000101000000000011110110011
00000000111100000000010100110011
00000000000000000000000000010011
00000000101000000000011110110011
00000000001001111001011110010011
11111100110001000010011100000011
00000000111101110000011100110011
11111100100001000010011010000011
00000000000000010000011110110111
00000000000001111000011110010011
11111111111101111000011110010011
00000000111101101111011110110011
00000000001101111001011110010011
11111101000001000010011010000011
00000000111101101000011110110011
00000000000001110010011100000011
00000000111001111010001000100011
11111100100001000010011100000011
00000000000000010000011110110111
00000000000001111000011110010011
11111111111101111000011110010011
00000000111101110111011110110011
00000000001101111001011110010011
11111101000001000010011100000011
00000000111101110000011110110011
00000000000001111010000000100011
11111100100001000010010100000011
00000000000000000000000000010011
00000000101000000000011110110011
00000000111100000000010100110011
00000000000000000000000000010011
00000000101000000000011110110011
00000000001001111001011110010011
11111100110001000010011100000011
00000000111101110000011110110011
11111100100001000010011100000011
00000000111001111010000000100011
00000000000100000000011110010011
00000000111100000000010100110011
00000101110000010010000010000011
00000101100000010010010000000011
00000101010000010010010010000011
00000110000000010000000100010011
00000000000000001000000001100111
11111101000000010000000100010011
00000010000100010010011000100011
00000010100000010010010000100011
00000011000000010000010000010011
11111100101001000010111000100011
11111100101101000010110000100011
11111101110001000010011110000011
00000000010001111010011110000011
11111110111101000010011000100011
00000011000000000000000001101111
11111101100001000010011100000011
11111110110001000010011110000011
01000000111101110000011110110011
00000000111100000000011000110011
11111110110001000010010110000011
11111101110001000010010100000011
00000000000000000000000000010011
00000000101000000000011100110011
11111110110001000010011110000011
00000000111001111000011110110011
11111110111101000010011000100011
11111110110001000010011100000011
11111101100001000010011110000011
11111100111101110110011011100011
11111101110001000010011110000011
11111101100001000010011100000011
00000000111001111010001000100011
00000000000000000000000000010011
00000010110000010010000010000011
00000010100000010010010000000011
00000011000000010000000100010011
00000000000000001000000001100111
