11111100000000010000000100010011
00000010000100010010111000100011
00000010100000010010110000100011
00000100000000010000010000010011
11111100101001000010011000100011
11111100101101000010010000100011
11111100110001000010001000100011
11111100100001000010011110000011
00000000000001111001101001100011
11111100010001000010011110000011
00000000000001111001011001100011
00000000000000000000011110010011
00010100100000000000000001101111
00011001000000000000010100010011
00000000000000000000000000010011
00000000101000000000011110110011
00000000111100000000011100110011
11111100110001000010011110000011
00000000111001111010000000100011
11111100110001000010011110000011
00000000000001111010011110000011
00011001000000000000011000010011
00001010010100000000010110010011
00000000111100000000010100110011
00000000000000000000000000010011
11111100110001000010011110000011
00000000000001111010011110000011
00011000110001111000011110010011
11111111111100000000011100010011
00000000111001111010000000100011
11111110000001000010011000100011
00010000000000010000011110110111
00000000000001111000010100010011
00000000000000000000000000010011
11111110101001000010010000100011
11111110100001000010011110000011
00001110000001111000001001100011
00001011110000000000000001101111
11111110000001000010000000100011
11111110010001000010011110000011
00000000101101111000011100010011
00010000000000010000011110110111
00000000010001111000010110010011
00000000111000000000010100110011
00000000000000000000000000010011
11111110101001000010000000100011
11111110000001000010011110000011
00000000000001111001010001100011
00001001000000000000000001101111
11111110000001000010011110000011
00000000100001111000011110010011
00000000000001111100011110000011
00000000000001111000010001100011
00000111110000000000000001101111
11111110010001000010011110000011
00000000101101111000011100010011
00010000000000010000011110110111
00000001000001111000010110010011
00000000111000000000010100110011
00000000000000000000000000010011
11111100101001000010111000100011
11111101110001000010011110000011
00000000000001111001101001100011
00010000000000010000011110110111
00000001010001111000010100010011
00000000000000000000000000010011
00000100100000000000000001101111
11111100110001000010011110000011
00000000000001111010011100000011
11111110110001000010011110000011
00000000001001111001011110010011
00000000111101110000011110110011
11111101110001000010011010000011
11111100010001000010011000000011
11111100100001000010010110000011
00000000111100000000010100110011
00000000000000000000000000010011
00000000101000000000011100110011
11111110110001000010011110000011
00000000111001111000011110110011
11111110111101000010011000100011
11111110110001000010011100000011
00000110010000000000011110010011
00000000111101110000111001100011
11111110100001000010010100000011
00000000000000000000000000010011
11111110101001000010001000100011
11111110010001000010011110000011
11110010000001111001110011100011
00000000100000000000000001101111
00000000000000000000000000010011
11111110100001000010010100000011
00000000000000000000000000010011
11111110110001000010011110000011
00000000111100000000010100110011
00000011110000010010000010000011
00000011100000010010010000000011
00000100000000010000000100010011
00000000000000001000000001100111
11111100000000010000000100010011
00000010000100010010111000100011
00000010100000010010110000100011
00000100000000010000010000010011
11111100101001000010011000100011
11111100101101000010010000100011
11111100110001000010001000100011
11111100110101000010000000100011
11111110000001000010010000100011
11111100000001000010101000100011
11111100000001000010100000100011
11111110000001000010011000100011
11111100100001000010011110000011
00001110000001111001110001100011
11111100010001000010011110000011
00001110000001111001100001100011
00000000000000000000011110010011
00010001100000000000000001101111
11111100110001000010011110000011
00000000000001111010011100000011
11111111111100000000011110010011
00010000111101110000000001100011
11111101010001000010011110000011
00000000000001111100011100000011
00000010001100000000011110010011
00000000111101110001010001100011
00001100010000000000000001101111
11111101010001000010011110000011
00000000000000000000010110010011
00000000111100000000010100110011
00000000000000000000000000010011
11111110101001000010001000100011
11111110010001000010010100000011
00000000000000000000000000010011
11111110101001000010000000100011
11111110000001000010011110000011
00000000000001111001010001100011
00001001100000000000000001101111
11111101010001000010011110000011
00000000000100000000010110010011
00000000111100000000010100110011
00000000000000000000000000010011
11111100101001000010111000100011
11111101010001000010011110000011
00000000001000000000010110010011
00000000111100000000010100110011
00000000000000000000000000010011
11111100101001000010110000100011
11111100100001000010011110000011
00000000000001111000110001100011
11111100100001000010010110000011
11111101110001000010010100000011
00000000000000000000000000010011
00000000101000000000011110110011
00000100000001111001001001100011
11111100010001000010011110000011
00000000000001111000110001100011
11111100010001000010010110000011
11111101100001000010010100000011
00000000000000000000000000010011
00000000101000000000011110110011
00000010000001111001010001100011
11111100110001000010011110000011
11111110010001000010011100000011
00000000111001111010000000100011
11111100110001000010011110000011
00000000010001111000011110010011
11111100111101000010011000100011
11111110110001000010011110000011
00000000000101111000011110010011
11111110111101000010011000100011
11111101110001000010010100000011
00000000000000000000000000010011
11111101100001000010010100000011
00000000000000000000000000010011
11111101000001000000011100010011
11111101010001000000011110010011
11111100000001000010011000000011
00000000111000000000010110110011
00000000111100000000010100110011
00000000000000000000000000010011
11111110101001000010010000100011
11111110100001000010011110000011
11101110111100000100111011100011
00000000100000000000000001101111
00000000000000000000000000010011
11111110110001000010011110000011
00000000111100000000010100110011
00000011110000010010000010000011
00000011100000010010010000000011
00000100000000010000000100010011
00000000000000001000000001100111
