11111110000000010000000100010011
00000000100000010010111000100011
00000010000000010000010000010011
11111110101001000010011000100011
00000010000000000000011100010011
11111110110001000010011110000011
01000000111101110000011110110011
11111111111100000000011100010011
00000000111101110001011110110011
00000000111100000000010100110011
00000001110000010010010000000011
00000010000000010000000100010011
00000000000000001000000001100111
11111011000000010000000100010011
00000100000100010010011000100011
00000100100000010010010000100011
00000101000000010000010000010011
11111010101001000010111000100011
11111010101101000010110000100011
11111110000001000010011000100011
11111110000001000010010000100011
11111100000001000000011110010011
11111110111101000010001000100011
11111100000001000010101000100011
11111110000001000010000000100011
00000000010000000000011110010011
11111100111101000010111000100011
11111100000001000000011110010011
00000001000100000000011000010011
11111011100001000010010110000011
00000000111100000000010100110011
00000000000000000000000000010011
00001001100000000000000001101111
11111100000001000010110000100011
00000010111000000000010110010011
11111110010001000010010100000011
00000000000000000000000000010011
11111100101001000010101000100011
11111101010001000010011110000011
00000010000001111000011001100011
11111101010001000010011110000011
00000000000001111000000000100011
11111110010001000010010100000011
00000000000000000000000000010011
00000000101000000000011110110011
11111100111101000010110000100011
11111101010001000010011110000011
00000000000101111000011110010011
11111110111101000010001000100011
00000001010000000000000001101111
11111110010001000010010100000011
00000000000000000000000000010011
00000000101000000000011110110011
11111100111101000010110000100011
11111101100001000010011100000011
00001111111100000000011110010011
00000010111001111110010001100011
11111110100001000010011110000011
00000000100001111001011110010011
11111101100001000010011100000011
00000000111101110110011110110011
11111110111101000010010000100011
11111110000001000010011110000011
00000000000101111000011110010011
11111110111101000010000000100011
00000001010000000000000001101111
11111111111100000000011110010011
11111110111101000010011000100011
11111110000001000010011110000011
11111100111101000010111000100011
11111110000001000010011100000011
11111101110001000010011110000011
11110110111101110001001011100011
11111110110001000010011110000011
00000000000001111001100001100011
11111011110001000010011110000011
11111110100001000010011100000011
00000000111001111010000000100011
11111110110001000010011110000011
00000000111100000000010100110011
00000100110000010010000010000011
00000100100000010010010000000011
00000101000000010000000100010011
00000000000000001000000001100111
11111101000000010000000100010011
00000010000100010010011000100011
00000010100000010010010000100011
00000011000000010000010000010011
11111100101001000010111000100011
11111100101101000010110000100011
11111110000001000010011000100011
11111110000001000010000000100011
00000010000000000000011110010011
11111110111101000010001000100011
00000010000000000000011110010011
11111110111101000010010000100011
11111110000001000000011110010011
11111101100001000010010110000011
00000000111100000000010100110011
00000000000000000000000000010011
00000001000000000000000001101111
11111110100001000010011110000011
11111111111101111000011110010011
11111110111101000010010000100011
11111110100001000010011110000011
00000010111100000101010001100011
11111110000001000010011100000011
11111110100001000010011110000011
11111111111101111000011110010011
00000000111100000000010110110011
00000000111000000000010100110011
00000000000000000000000000010011
00000000101000000000011100110011
00000000000100000000011110010011
11111100111101110000011011100011
00000010000000000000011100010011
11111110100001000010011110000011
01000000111101110000011110110011
11111110111101000010001000100011
11111110010001000010010100000011
00000000000000000000000000010011
00000000101000000000011110110011
11111111111101111100011100010011
11111110000001000010011110000011
00000000111101110111011110110011
00000000000001111000011001100011
11111111111100000000011110010011
11111110111101000010011000100011
11111101110001000010011110000011
11111110010001000010011100000011
00000000111001111010000000100011
11111110110001000010011110000011
00000000111100000000010100110011
00000010110000010010000010000011
00000010100000010010010000000011
00000011000000010000000100010011
00000000000000001000000001100111
11111100000000010000000100010011
00000010000100010010111000100011
00000010100000010010110000100011
00000100000000010000010000010011
11111100101001000010011000100011
11111100101101000010010000100011
11111100110001000010001000100011
11111110000001000010011000100011
00000000001100000000011110010011
11111110111101000010011000100011
00000011100000000000000001101111
11111100010001000010011110000011
00001111111101111111011100010011
11111110110001000010011110000011
00000000001001111001011110010011
11111111000001000000011010010011
00000000111101101000011110110011
11111110111001111010011000100011
11111100010001000010011110000011
00000000100001111101011110010011
11111100111101000010001000100011
11111110110001000010011110000011
11111111111101111000011110010011
11111110111101000010011000100011
11111110110001000010011110000011
11111100000001111101010011100011
11111100100001000010010110000011
11111101110001000010011010000011
11111110000001000010011100000011
11111110010001000010011110000011
11111110100001000010011000000011
00000000110000000000100000110011
00010000000000010000011000110111
00000000000001100000011000010011
11111100110001000010010100000011
00000000000000000000000000010011
00000000101000000000011110110011
00000000111100000000010100110011
00000011110000010010000010000011
00000011100000010010010000000011
00000100000000010000000100010011
00000000000000001000000001100111
