11111101000000010000000100010011
00000010000100010010011000100011
00000010100000010010010000100011
00000011000000010000010000010011
11111100101001000010111000100011
11111100101101000010110000100011
11111100110001000010101000100011
11111111111100000000011110010011
11111110111101000010011000100011
00000001000000000000010100010011
00000000000000000000000000010011
00000000101000000000011110110011
11111110111101000010010000100011
11111110100001000010011110000011
00000100000001111000111001100011
11111110100001000010011110000011
00000010111000000000011100010011
00000000111001111000011010100011
11111101010001000010011110000011
00001111111101111111011100010011
11111110100001000010011110000011
00000000111001111000011000100011
11111101010001000010010100000011
00000000000000000000000000010011
00000000101000000000011100110011
11111101100001000010011110000011
00000000111101110111011100110011
11111110100001000010011110000011
00000000111001111010010000100011
11111110100001000010011110000011
00000000000001111010000000100011
11111110100001000010011110000011
00000000000001111010001000100011
11111101110001000010011110000011
11111110100001000010011100000011
00000000111001111010000000100011
11111110000001000010011000100011
11111110110001000010011110000011
00000000111100000000010100110011
00000010110000010010000010000011
00000010100000010010010000000011
00000011000000010000000100010011
00000000000000001000000001100111
11111101000000010000000100010011
00000010000100010010011000100011
00000010100000010010010000100011
00000011000000010000010000010011
11111100101001000010111000100011
11111101110001000010011110000011
00000100000001111000010001100011
11111101110001000010011110000011
00000000000001111010011110000011
11111110111101000010011000100011
11111110110001000010011110000011
00000010000001111000101001100011
11111101110001000010011110000011
00000000000001111010000000100011
11111110110001000010011110000011
00000000000001111000011000100011
11111110110001000010011110000011
00000000000001111010010000100011
11111110110001000010011110000011
00000000000001111010000000100011
11111110110001000010011110000011
00000000000001111010001000100011
11111110110001000010010100000011
00000000000000000000000000010011
00000000000100000000011110010011
00000000111100000000010100110011
00000010110000010010000010000011
00000010100000010010010000000011
00000011000000010000000100010011
00000000000000001000000001100111
11111101000000010000000100010011
00000010100000010010011000100011
00000011000000010000010000010011
11111100101001000010111000100011
11111100101101000010110000100011
11111110000001000010011000100011
11111101110001000010011110000011
00000000000001111000111001100011
11111101110001000010011100000011
11111101100001000010011110000011
00000000001001111001011110010011
00000000111101110000011110110011
00000000000001111010011110000011
11111110111101000010011000100011
11111110110001000010011110000011
00000000111100000000010100110011
00000010110000010010010000000011
00000011000000010000000100010011
00000000000000001000000001100111
11111110000000010000000100010011
00000000100000010010111000100011
00000010000000010000010000010011
11111110101001000010011000100011
11111110101101000010010000100011
11111110110001000010001000100011
11111110110001000010011100000011
11111110100001000010011110000011
00000000001001111001011110010011
00000000111101110000011110110011
11111110010001000010011100000011
00000000111001111010000000100011
00000000000000000000000000010011
00000000111100000000010100110011
00000001110000010010010000000011
00000010000000010000000100010011
00000000000000001000000001100111
11111101000000010000000100010011
00000010100000010010011000100011
00000011000000010000010000010011
11111100101001000010111000100011
11111100101101000010110000100011
11111111111100000000011110010011
11111110111101000010011000100011
11111101110001000010011110000011
00000000000001111000110001100011
11111101100001000010011110000011
00001111111101111111011100010011
11111101110001000010011110000011
00000000111001111000011010100011
11111110000001000010011000100011
00000000000000000000011110010011
00000000111100000000010100110011
00000010110000010010010000000011
00000011000000010000000100010011
00000000000000001000000001100111
11111101000000010000000100010011
00000010100000010010011000100011
00000011000000010000010000010011
11111100101001000010111000100011
00000010111000000000011110010011
11111110111101000010011000100011
11111101110001000010011110000011
00000000000001111000100001100011
11111101110001000010011110000011
00000000110101111100011110000011
11111110111101000010011000100011
11111110110001000010011110000011
00000000111100000000010100110011
00000010110000010010010000000011
00000011000000010000000100010011
00000000000000001000000001100111
11111101000000010000000100010011
00000010100000010010011000100011
00000011000000010000010000010011
11111100101001000010111000100011
11111110000001000010011000100011
11111101110001000010011110000011
00000000000001111000100001100011
11111101110001000010011110000011
00000000110001111100011110000011
11111110111101000010011000100011
11111110110001000010011110000011
00000000111100000000010100110011
00000010110000010010010000000011
00000011000000010000000100010011
00000000000000001000000001100111
11111010000000010000000100010011
00000100000100010010111000100011
00000100100000010010110000100011
00000110000000010000010000010011
11111010101001000010011000100011
11111010101101000010010000100011
11111010110001000010001000100011
11111010110101000010000000100011
11111010110001000010011110000011
00000000110001111100011110000011
11111110111101000010011000100011
11111010110001000010011110000011
00000000110101111100011110000011
11111110111101000010010000100011
11111010110001000010011110000011
00000000100001111010011100000011
11111101000001000000011110010011
00000000111000000000011000110011
00000001000100000000010110010011
00000000111100000000010100110011
00000000000000000000000000010011
11111010010001000010011100000011
00000000000100000000011110010011
00000000111101110001110001100011
11111110100001000010011000000011
00010000000000010000011110110111
00000000000001111000010110010011
11111010100001000010010100000011
00000000000000000000000000010011
11111101000001000000011110010011
11111010100001000010010110000011
00000000111100000000010100110011
00000000000000000000000000010011
11111010000001000010011100000011
00000101011100000000011110010011
00000100111101110000001001100011
11111010000001000010011100000011
00000101011100000000011110010011
00001000111001111100100001100011
11111010000001000010011100000011
00000100001100000000011110010011
00000000111101110000101001100011
11111010000001000010011100000011
00000100111000000000011110010011
00000010111101110000000001100011
00000111010000000000000001101111
11111110110001000010011000000011
00010000000000010000011110110111
00000000100001111000010110010011
11111010100001000010010100000011
00000000000000000000000000010011
00000101110000000000000001101111
11111010000001000010011100000011
00000100111000000000011110010011
00000000111101110000101001100011
11111010110001000010011110000011
00000000110001111100011100000011
00000001111100000000011110010011
00000010111001111110111001100011
11111110110001000010010100000011
00000000000000000000000000010011
11111110101001000010001000100011
11111011110001000000011110010011
11111110010001000010011000000011
00000001000100000000010110010011
00000000111100000000010100110011
00000000000000000000000000010011
11111011110001000000011110010011
00000000111100000000011000110011
00010000000000010000011110110111
00000000110001111000010110010011
11111010100001000010010100000011
00000000000000000000000000010011
00000000000000000000000000010011
11111010100001000010010110000011
00000000101000000000010100010011
00000000000000000000000000010011
00000000000000000000011110010011
00000000111100000000010100110011
00000101110000010010000010000011
00000101100000010010010000000011
00000110000000010000000100010011
00000000000000001000000001100111
