11111101000000010000000100010011
00000010000100010010011000100011
00000010100000010010010000100011
00000011000000010000010000010011
11111100101001000010111000100011
11111100101101000010110000100011
11111110000001000010011000100011
00000110010000000000000001101111
11111101110001000010011110000011
00000011110001111010011100000011
11111110110001000010011110000011
00000000010001111001011110010011
00000000111101110000011110110011
00000000110001111010011110000011
00000000111100000000010110110011
11111101100001000010010100000011
00000000000000000000000000010011
00000000101000000000011110110011
00000010000001111001011001100011
11111101100001000010010110000011
00010000000000010000011110110111
00000000000001111000010100010011
00000000000000000000000000010011
11111101110001000010011110000011
00000011110001111010011100000011
11111110110001000010011110000011
00000000010001111001011110010011
00000000111101110000011110110011
00000011100000000000000001101111
11111110110001000010011110000011
00000000000101111000011110010011
11111110111101000010011000100011
11111101110001000010011110000011
00000011010001111101011110000011
11111111111101111000011110010011
11111110110001000010011100000011
11111000111101110100100011100011
11111101100001000010010110000011
00010000000000010000011110110111
00000001100001111000010100010011
00000000000000000000000000010011
00000000000000000000011110010011
00000000111100000000010100110011
00000010110000010010000010000011
00000010100000010010010000000011
00000011000000010000000100010011
00000000000000001000000001100111
11111101000000010000000100010011
00000010000100010010011000100011
00000010100000010010010000100011
00000011000000010000010000010011
11111100101001000010111000100011
11111100101101000010110000100011
11111110000001000010011000100011
11111101100001000010011110000011
00000000100001111010011110000011
00001100000001111000010001100011
11111101100001000010011110000011
00000000000001111010011110000011
00001010000001111000111001100011
11111101100001000010011110000011
00000000100001111010011110000011
00000000111100000000010100110011
00000000000000000000000000010011
00000000101000000000011110110011
11111110111101000010011000100011
11111110110001000010011110000011
00000000000001111001110001100011
00010000000000010000011110110111
00000011100001111000010100010011
00000000000000000000000000010011
00000000000000000000011110010011
00001010110000000000000001101111
11111101110001000010011110000011
00000000000001111010011100000011
11111101100001000010011110000011
00000000000001111010011110000011
00000000000000000000011000010011
00000000111100000000010110110011
00000000111000000000010100110011
00000000000000000000000000010011
00000000101000000000011110110011
00000010000001111001110001100011
11111101100001000010011110000011
00000000100001111010011100000011
11111101110001000010011110000011
00000000000001111010011110000011
00000000111100000000011010110011
00000000111000000000011000110011
00000000000100000000010110010011
11111110110001000010010100000011
00000000000000000000000000010011
00000000101000000000011100110011
11111101100001000010011110000011
00000000100001111010011110000011
00000100111101110000010001100011
11111101100001000010011110000011
00000000110001111010011110000011
00000000111100000000010110110011
00010000000000010000011110110111
00000101000001111000010100010011
00000000000000000000000000010011
11111110110001000010010100000011
00000000000000000000000000010011
00000000000000000000011110010011
00000010100000000000000001101111
11111101100001000010011110000011
00000000110001111010011110000011
00000000111100000000010110110011
00010000000000010000011110110111
00001000100001111000010100010011
00000000000000000000000000010011
00000000100000000000000001101111
00000000000000000000000000010011
11111110110001000010011110000011
00000000111100000000010100110011
00000010110000010010000010000011
00000010100000010010010000000011
00000011000000010000000100010011
00000000000000001000000001100111
11111011000000010000000100010011
00000100000100010010011000100011
00000100100000010010010000100011
00000101000000010000010000010011
11111010101001000010111000100011
00000100000000000000010100010011
00000000000000000000000000010011
00000000101000000000011110110011
11111110111101000010010000100011
11111110100001000010011110000011
00000000000001111001101001100011
00010000000000010000011110110111
00000011100001111000010100010011
00000000000000000000000000010011
00111110100000000000000001101111
00000100000000000000011000010011
00000000000000000000010110010011
11111110100001000010010100000011
00000000000000000000000000010011
00010000000000010000011110110111
00001011010001111000010110010011
11111011110001000010010100000011
00000000000000000000000000010011
00000000101000000000011100110011
11111110100001000010011110000011
00000000111001111010000000100011
11111110100001000010011110000011
00000000000001111010011110000011
00000000000001111001110001100011
11111011110001000010010110000011
00010000000000010000011110110111
00001011100001111000010100010011
00000000000000000000000000010011
00111001110000000000000001101111
11111110100001000010011110000011
00000000010001111000011100010011
11111110100001000010011110000011
00000000000001111010011110000011
00000000111100000000011010110011
00000011010000000000011000010011
00000000000100000000010110010011
00000000111000000000010100110011
00000000000000000000000000010011
00000000101000000000011100110011
00000011010000000000011110010011
00000000111101110000101001100011
00010000000000010000011110110111
00001101110001111000010100010011
00000000000000000000000000010011
00110101110000000000000001101111
11111110100001000010011110000011
00000000010001111000011100010011
00000000010000000000011000010011
00010000000000010000011110110111
00010000010001111000010110010011
00000000111000000000010100110011
00000000000000000000000000010011
00000000101000000000011110110011
00000000000001111000101001100011
00010000000000010000011110110111
00010000110001111000010100010011
00000000000000000000000000010011
00110010100000000000000001101111
11111110100001000010011110000011
00000011011001111101011110000011
00000000000001111001101001100011
00010000000000010000011110110111
00010101000001111000010100010011
00000000000000000000000000010011
00110000110000000000000001101111
11111110100001000010011110000011
00000000000001111010011010000011
11111110100001000010011110000011
00000010010001111010011110000011
11111110100001000010011100000011
00000011001001110101011100000011
00000000111000000000011000110011
11111110100001000010011100000011
00000011011001110101011100000011
00000010111001100000011100110011
00000000111001111000011110110011
00000000000000000000011000010011
00000000111100000000010110110011
00000000110100000000010100110011
00000000000000000000000000010011
00000000101000000000011110110011
00000010000001111001100001100011
11111110100001000010011110000011
00000000000001111010011100000011
11111100000001000000011110010011
00000000111000000000011010110011
00000010100000000000011000010011
00000000000100000000010110010011
00000000111100000000010100110011
00000000000000000000000000010011
00000000101000000000011100110011
00000010100000000000011110010011
00000000111101110000101001100011
00010000000000010000011110110111
00011000010001111000010100010011
00000000000000000000000000010011
00101000110000000000000001101111
11111101010001000010011110000011
00000000000001111001101001100011
00010000000000010000011110110111
00011011110001111000010100010011
00000000000000000000000000010011
00100111010000000000000001101111
11111101010001000010011110000011
00000000111100000000010100110011
00000000000000000000000000010011
00000000101000000000011110110011
00000000111100000000011100110011
11111110100001000010011110000011
00000010111001111010110000100011
11111110100001000010011110000011
00000011100001111010011110000011
00000000000001111001101001100011
00010000000000010000011110110111
00000011100001111000010100010011
00000000000000000000000000010011
00100011110000000000000001101111
11111110100001000010011110000011
00000000000001111010011110000011
11111101000001000010011100000011
00000000000000000000011000010011
00000000111000000000010110110011
00000000111100000000010100110011
00000000000000000000000000010011
00000000101000000000011110110011
00000010000001111001101001100011
11111110100001000010011110000011
00000011100001111010011100000011
11111101010001000010011000000011
11111110100001000010011110000011
00000000000001111010011110000011
00000000111100000000011010110011
00000000000100000000010110010011
00000000111000000000010100110011
00000000000000000000000000010011
00000000101000000000011100110011
11111101010001000010011110000011
00000000111101110000101001100011
00010000000000010000011110110111
00011111000001111000010100010011
00000000000000000000000000010011
00011101100000000000000001101111
11111110100001000010011110000011
00000011010001111101011110000011
00000000010001111001011110010011
00000000111100000000010100110011
00000000000000000000000000010011
00000000101000000000011110110011
00000000111100000000011100110011
11111110100001000010011110000011
00000010111001111010111000100011
11111110100001000010011110000011
00000011110001111010011110000011
00000000000001111001101001100011
00010000000000010000011110110111
00000011100001111000010100010011
00000000000000000000000000010011
00011001100000000000000001101111
00000000000100000000011110010011
11111110111101000010011000100011
00010111000000000000000001101111
11111110100001000010011110000011
00000000000001111010011010000011
11111110100001000010011110000011
00000010010001111010011110000011
11111110100001000010011100000011
00000011001001110101011100000011
00000000111000000000011000110011
11111110110001000010011100000011
00000010111001100000011100110011
00000000111001111000011110110011
00000000000000000000011000010011
00000000111100000000010110110011
00000000110100000000010100110011
00000000000000000000000000010011
00000000101000000000011110110011
00000010000001111001100001100011
11111110100001000010011110000011
00000000000001111010011100000011
11111100000001000000011110010011
00000000111000000000011010110011
00000010100000000000011000010011
00000000000100000000010110010011
00000000111100000000010100110011
00000000000000000000000000010011
00000000101000000000011100110011
00000010100000000000011110010011
00000000111101110000110001100011
11111110110001000010010110000011
00010000000000010000011110110111
00100010100001111000010100010011
00000000000000000000000000010011
00010000010000000000000001101111
11111110100001000010011110000011
00000011100001111010011100000011
11111100000001000010011110000011
00000000111101110000011110110011
00000000111100000000011000110011
11111110110001000010010110000011
00010000000000010000011110110111
00100101100001111000010100010011
00000000000000000000000000010011
11111110100001000010011110000011
00000011110001111010011100000011
11111110110001000010011010000011
00010000000000000000011110110111
00000000000001111000011110010011
11111111111101111000011110010011
00000000111101101000011110110011
00000000010001111001011110010011
00000000111101110000011110110011
11111100110001000010011100000011
00000000111001111010001000100011
11111110100001000010011110000011
00000011110001111010011100000011
11111110110001000010011010000011
00010000000000000000011110110111
00000000000001111000011110010011
11111111111101111000011110010011
00000000111101101000011110110011
00000000010001111001011110010011
00000000111101110000011110110011
11111101000001000010011100000011
00000000111001111010000000100011
11111110100001000010011110000011
00000011110001111010011100000011
11111110110001000010011010000011
00010000000000000000011110110111
00000000000001111000011110010011
11111111111101111000011110010011
00000000111101101000011110110011
00000000010001111001011110010011
00000000111101110000011110110011
11111101010001000010011100000011
00000000111001111010010000100011
11111110100001000010011110000011
00000011100001111010011010000011
11111100000001000010011100000011
11111110100001000010011110000011
00000011110001111010011000000011
11111110110001000010010110000011
00010000000000000000011110110111
00000000000001111000011110010011
11111111111101111000011110010011
00000000111101011000011110110011
00000000010001111001011110010011
00000000111101100000011110110011
00000000111001101000011100110011
00000000111001111010011000100011
11111110110001000010011110000011
00000000000101111000011110010011
11111110111101000010011000100011
11111110100001000010011110000011
00000011010001111101011110000011
00000000111100000000011100110011
11111110110001000010011110000011
11101000111001111100001011100011
11111110100001000010011110000011
00000101000000000000000001101111
11111110100001000010011110000011
00000100000001111000001001100011
11111110100001000010011110000011
00000000000001111010011110000011
00000000000001111000101001100011
11111110100001000010011110000011
00000000000001111010011110000011
00000000111100000000010100110011
00000000000000000000000000010011
11111110100001000010011110000011
00000011100001111010011110000011
00000000000001111000101001100011
11111110100001000010011110000011
00000011100001111010011110000011
00000000111100000000010100110011
00000000000000000000000000010011
11111110100001000010010100000011
00000000000000000000000000010011
00000000000000000000011110010011
00000000111100000000010100110011
00000100110000010010000010000011
00000100100000010010010000000011
00000101000000010000000100010011
00000000000000001000000001100111
11111110000000010000000100010011
00000000000100010010111000100011
00000000100000010010110000100011
00000010000000010000010000010011
11111110101001000010011000100011
11111110110001000010011110000011
00000110000001111000011001100011
00010000000000010000011110110111
00100111000001111000010100010011
00000000000000000000000000010011
11111110110001000010011110000011
00000000000001111010011110000011
00000000000001111000101001100011
11111110110001000010011110000011
00000000000001111010011110000011
00000000111100000000010100110011
00000000000000000000000000010011
11111110110001000010011110000011
00000011100001111010011110000011
00000000000001111000101001100011
11111110110001000010011110000011
00000011100001111010011110000011
00000000111100000000010100110011
00000000000000000000000000010011
11111110110001000010011110000011
00000011110001111010011110000011
00000000000001111000101001100011
11111110110001000010011110000011
00000011110001111010011110000011
00000000111100000000010100110011
00000000000000000000000000010011
11111110110001000010010100000011
00000000000000000000000000010011
00000000000000000000000000010011
00000001110000010010000010000011
00000001100000010010010000000011
00000010000000010000000100010011
00000000000000001000000001100111
