11110011000000010000000100010011
00001100000100010010011000100011
00001100100000010010010000100011
00001101001000010010001000100011
00001101001100010010000000100011
00001011010000010010111000100011
00001011010100010010110000100011
00001011011000010010101000100011
00001011011100010010100000100011
00001011100000010010011000100011
00001011100100010010010000100011
00001101000000010000010000010011
11110010101001000010111000100011
11110010101101000010110000100011
11111000000001000000011110010011
11110011110001000010011010000011
00000000000100000000011000010011
00000011000000000000010110010011
00000000111100000000010100110011
00000000000000000000000000010011
11111010101001000010101000100011
11111011010001000010011100000011
00000000000100000000011110010011
00000000111101110000110001100011
00010000000000010000011110110111
00000000000001111000010100010011
00000000000000000000000000010011
11111111111100000000011110010011
00111000010000000000000001101111
11111000001001000101011100000011
00000011111000000000011110010011
00000000111101110000110001100011
00010000000000010000011110110111
00000001100001111000010100010011
00000000000000000000000000010011
11111111111100000000011110010011
00110110010000000000000001101111
11111010101001000101011100000011
00000100000000000000011110010011
00000000111101110000110001100011
00010000000000010000011110110111
00000011000001111000010100010011
00000000000000000000000000010011
11111111111100000000011110010011
00110100010000000000000001101111
11111001100001000010011100000011
11111001110001000010011110000011
00000000111000000000011110110011
00000000000000000000011000010011
00000000111100000000010110110011
11110011110001000010010100000011
00000000000000000000000000010011
00000000101000000000011100110011
11111111111100000000011110010011
00000000111101110001110001100011
00010000000000010000011110110111
00000011000001111000010100010011
00000000000000000000000000010011
11111111111100000000011110010011
00110000100000000000000001101111
11111100000001000010011000100011
00001101000000000000000001101111
11110100000001000000011110010011
11110011110001000010011010000011
00000000000100000000011000010011
00000100000000000000010110010011
00000000111100000000010100110011
00000000000000000000000000010011
11111010101001000010101000100011
11111011010001000010011100000011
00000000000100000000011110010011
00000000111101110000110001100011
00010000000000010000011110110111
00000100000001111000010100010011
00000000000000000000000000010011
11111111111100000000011110010011
00101100010000000000000001101111
11110100010001000010011100000011
00000000000100000000011110010011
00000110111101110001111001100011
11110100100001000010011100000011
11110100110001000010011110000011
00000000001001110111101100010011
00000000000001111111101110010011
00000001011000000000011110110011
00000001011101111110011110110011
00000110000001111000000001100011
11110100100001000010011100000011
11110100110001000010011110000011
00000000010001110111110000010011
00000000000001111111110010010011
00000001100000000000011110110011
00000001100101111110011110110011
00000100000001111000001001100011
11110101100001000010011100000011
11110101110001000010011110000011
11111010111001000010111000100011
11110110000001000010011100000011
11110110010001000010011110000011
11111011110001000010011110000011
00000000111001111000011110110011
11111010111101000010110000100011
11110101000001000010011100000011
11110101010001000010011110000011
11111100111001000010000000100011
11111100111101000010001000100011
11111100110001000010011110000011
00000000000101111000011110010011
11111100111101000010011000100011
00000010000000000000000001101111
11111100110001000010011110000011
00000000000101111000011110010011
11111100111101000010011000100011
11111010110001000101011110000011
00000000111100000000011100110011
11111100110001000010011110000011
11110010111001111100010011100011
00010010110000000000000001101111
11110100000001000000011110010011
11110011110001000010011010000011
00000000000100000000011000010011
00000100000000000000010110010011
00000000111100000000010100110011
00000000000000000000000000010011
11111010101001000010101000100011
11111011010001000010011100000011
00000000000100000000011110010011
00000000111101110000110001100011
00010000000000010000011110110111
00000100000001111000010100010011
00000000000000000000000000010011
11111111111100000000011110010011
00011110010000000000000001101111
11110100010001000010011100000011
00000000000100000000011110010011
00001100111101110001110001100011
11110100100001000010011100000011
11110100110001000010011110000011
00000000001001110111100100010011
00000000000001111111100110010011
00000001001000000000011110110011
00000001001101111110011110110011
00001010000001111000111001100011
11110100100001000010011100000011
11110100110001000010011110000011
00000000010001110111101000010011
00000000000001111111101010010011
00000001010000000000011110110011
00000001010101111110011110110011
00001010000001111000000001100011
11110101000001000010011100000011
11110101010001000010011110000011
11111100010001000010011010000011
00000000111100000000011000110011
00000000110101100110111001100011
11111100010001000010011010000011
00000000111100000000011000110011
00000010110001101001000001100011
11111100000001000010011010000011
00000000111000000000011110110011
00000000110101111111101001100011
11110101000001000010011100000011
11110101010001000010011110000011
11111100111001000010000000100011
11111100111101000010001000100011
11110101100001000010011100000011
11110101110001000010011110000011
11111011110001000010011110000011
00000000111101110111100001100011
11110101100001000010011100000011
11110101110001000010011110000011
11111010111001000010111000100011
11110101100001000010011100000011
11110101110001000010011110000011
00000000111000000000011010110011
11110110000001000010011100000011
11110110010001000010011110000011
00000000111000000000011110110011
00000000111101101000011110110011
11111011100001000010011100000011
00000010111101110111001001100011
11110101100001000010011100000011
11110101110001000010011110000011
00000000111000000000011010110011
11110110000001000010011100000011
11110110010001000010011110000011
00000000111000000000011110110011
00000000111101101000011110110011
11111010111101000010110000100011
11111100110001000010011110000011
00000000000101111000011110010011
11111100111101000010011000100011
11111010110001000101011110000011
00000000111100000000011100110011
11111100110001000010011110000011
11101100111001111100011011100011
11111011110001000010011110000011
00000000000000000000011000010011
00000000111100000000010110110011
11110011110001000010010100000011
00000000000000000000000000010011
00000000101000000000011100110011
11111111111100000000011110010011
00000000111101110001110001100011
00010000000000010000011110110111
00000011000001111000010100010011
00000000000000000000000000010011
11111111111100000000011110010011
00001011010000000000000001101111
11111011100001000010011100000011
11111011110001000010011110000011
01000000111101110000011110110011
11111010111101000010100000100011
11110011100001000010011010000011
11111100000001000010011100000011
11111100010001000010011110000011
00000000111001101010100000100011
00000000111101101010101000100011
11110011100001000010011110000011
11111011000001000010011100000011
00000000111001111010010000100011
11111011000001000010010100000011
00000000000000000000000000010011
00000000101000000000011110110011
00000000111100000000011100110011
11110011100001000010011110000011
00000000111001111010001000100011
11110011100001000010011110000011
00000000010001111010011110000011
00000000000001111001110001100011
00010000000000010000011110110111
00000110000001111000010100010011
00000000000000000000000000010011
11111111111100000000011110010011
00000100110000000000000001101111
11110011100001000010011110000011
00000000010001111010011110000011
11110011110001000010011010000011
11111011000001000010011000000011
00000000000100000000010110010011
00000000111100000000010100110011
00000000000000000000000000010011
11111010101001000010101000100011
11111011010001000010011100000011
11111011000001000010011110000011
00000000111101110000111001100011
11110011100001000010011110000011
00000000010001111010011110000011
00000000111100000000010100110011
00000000000000000000000000010011
11111111111100000000011110010011
00000000100000000000000001101111
00000000000000000000011110010011
00000000111100000000010100110011
00001100110000010010000010000011
00001100100000010010010000000011
00001100010000010010100100000011
00001100000000010010100110000011
00001011110000010010101000000011
00001011100000010010101010000011
00001011010000010010101100000011
00001011000000010010101110000011
00001010110000010010110000000011
00001010100000010010110010000011
00001101000000010000000100010011
00000000000000001000000001100111
11110111000000010000000100010011
00001000000100010010011000100011
00001000100000010010010000100011
00001001001000010010001000100011
00001001001100010010000000100011
00001001000000010000010000010011
11110110101001000010111000100011
11110110101101000010110000100011
11111010110001000000011110010011
11110111110001000010011010000011
00000000000100000000011000010011
00000010010000000000010110010011
00000000111100000000010100110011
00000000000000000000000000010011
11111100101001000010101000100011
11111101010001000010011100000011
00000000000100000000011110010011
00000000111101110000110001100011
00010000000000010000011110110111
00000000000001111000010100010011
00000000000000000000000000010011
11111111111100000000011110010011
00110001000000000000000001101111
11111010111001000101011100000011
00000000001100000000011110010011
00000000111101110000110001100011
00010000000000010000011110110111
00000001100001111000010100010011
00000000000000000000000000010011
11111111111100000000011110010011
00101111000000000000000001101111
11111100101001000101011100000011
00000010100000000000011110010011
00000000111101110000110001100011
00010000000000010000011110110111
00000011000001111000010100010011
00000000000000000000000000010011
11111111111100000000011110010011
00101101000000000000000001101111
11111011110001000010011110000011
00000000000000000000011000010011
00000000111100000000010110110011
11110111110001000010010100000011
00000000000000000000000000010011
00000000101000000000011100110011
11111111111100000000011110010011
00000000111101110001110001100011
00010000000000010000011110110111
00000011000001111000010100010011
00000000000000000000000000010011
11111111111100000000011110010011
00101001110000000000000001101111
11111110000001000010011000100011
00001010100000000000000001101111
11111000010001000000011110010011
11110111110001000010011010000011
00000000000100000000011000010011
00000010100000000000010110010011
00000000111100000000010100110011
00000000000000000000000000010011
11111100101001000010101000100011
11111101010001000010011100000011
00000000000100000000011110010011
00000000111101110000111001100011
11111110110001000010010110000011
00010000000000010000011110110111
00000111000001111000010100010011
00000000000000000000000000010011
11111111111100000000011110010011
00100101010000000000000001101111
11111000100001000010011100000011
00000000000100000000011110010011
00000100111101110001100001100011
11111000110001000010011110000011
00000000001001111111011110010011
00000100000001111000001001100011
11111000110001000010011110000011
00000000010001111111011110010011
00000010000001111000110001100011
11111001010001000010011110000011
11111100111101000010111000100011
11111001100001000010011110000011
11111101110001000010011100000011
00000000111101110000011110110011
11111100111101000010110000100011
11111001000001000010011110000011
11111110111101000010000000100011
11111110000001000010001000100011
11111110110001000010011110000011
00000000000101111000011110010011
11111110111101000010011000100011
00000010000000000000000001101111
11111110110001000010011110000011
00000000000101111000011110010011
11111110111101000010011000100011
11111100110001000101011110000011
00000000111100000000011100110011
11111110110001000010011110000011
11110100111001111100100011100011
00001110100000000000000001101111
11111000010001000000011110010011
11110111110001000010011010000011
00000000000100000000011000010011
00000010100000000000010110010011
00000000111100000000010100110011
00000000000000000000000000010011
11111100101001000010101000100011
11111101010001000010011100000011
00000000000100000000011110010011
00000000111101110000111001100011
11111110110001000010010110000011
00010000000000010000011110110111
00000111000001111000010100010011
00000000000000000000000000010011
11111111111100000000011110010011
00011001110000000000000001101111
11111000100001000010011100000011
00000000000100000000011110010011
00001000111101110001100001100011
11111000110001000010011110000011
00000000001001111111011110010011
00001000000001111000001001100011
11111000110001000010011110000011
00000000010001111111011110010011
00000110000001111000110001100011
11111001000001000010011110000011
00000000111100000000100100110011
00000000000000000000100110010011
11111110010001000010011110000011
00000001001100000000011100110011
00000000111101110110111001100011
11111110010001000010011110000011
00000001001100000000011100110011
00000000111001111001111001100011
11111110000001000010011110000011
00000001001000000000011100110011
00000000111101110111100001100011
11111001000001000010011110000011
11111110111101000010000000100011
11111110000001000010001000100011
11111001010001000010011110000011
11111101110001000010011100000011
00000000111001111111011001100011
11111001010001000010011110000011
11111100111101000010111000100011
11111001010001000010011100000011
11111001100001000010011110000011
00000000111101110000011110110011
11111101100001000010011100000011
00000000111101110111101001100011
11111001010001000010011100000011
11111001100001000010011110000011
00000000111101110000011110110011
11111100111101000010110000100011
11111110110001000010011110000011
00000000000101111000011110010011
11111110111101000010011000100011
11111100110001000101011110000011
00000000111100000000011100110011
11111110110001000010011110000011
11110000111001111100100011100011
11111101110001000010011110000011
00000000000000000000011000010011
00000000111100000000010110110011
11110111110001000010010100000011
00000000000000000000000000010011
00000000101000000000011100110011
11111111111100000000011110010011
00000000111101110001110001100011
00010000000000010000011110110111
00000011000001111000010100010011
00000000000000000000000000010011
11111111111100000000011110010011
00001011010000000000000001101111
11111101100001000010011100000011
11111101110001000010011110000011
01000000111101110000011110110011
11111100111101000010100000100011
11110111100001000010011010000011
11111110000001000010011100000011
11111110010001000010011110000011
00000000111001101010100000100011
00000000111101101010101000100011
11110111100001000010011110000011
11111101000001000010011100000011
00000000111001111010010000100011
11111101000001000010010100000011
00000000000000000000000000010011
00000000101000000000011110110011
00000000111100000000011100110011
11110111100001000010011110000011
00000000111001111010001000100011
11110111100001000010011110000011
00000000010001111010011110000011
00000000000001111001110001100011
00010000000000010000011110110111
00000110000001111000010100010011
00000000000000000000000000010011
11111111111100000000011110010011
00000100110000000000000001101111
11110111100001000010011110000011
00000000010001111010011110000011
11110111110001000010011010000011
11111101000001000010011000000011
00000000000100000000010110010011
00000000111100000000010100110011
00000000000000000000000000010011
11111100101001000010101000100011
11111101010001000010011100000011
11111101000001000010011110000011
00000000111101110000111001100011
11110111100001000010011110000011
00000000010001111010011110000011
00000000111100000000010100110011
00000000000000000000000000010011
11111111111100000000011110010011
00000000100000000000000001101111
00000000000000000000011110010011
00000000111100000000010100110011
00001000110000010010000010000011
00001000100000010010010000000011
00001000010000010010100100000011
00001000000000010010100110000011
00001001000000010000000100010011
00000000000000001000000001100111
11111100000000010000000100010011
00000010000100010010111000100011
00000010100000010010110000100011
00000100000000010000010000010011
11111100101001000010011000100011
11111100101101000010010000100011
11111110000001000010011000100011
00010000000000010000011110110111
00001001110001111000010110010011
11111100110001000010010100000011
00000000000000000000000000010011
11111110101001000010010000100011
11111110100001000010011110000011
00000000000001111001110001100011
00010000000000010000011110110111
00001010000001111000010100010011
00000000000000000000000000010011
00000000000100000000010100010011
00000000000000000000000000010011
11111101010001000000011110010011
11111110100001000010011010000011
00000000000100000000011000010011
00000001000000000000010110010011
00000000111100000000010100110011
00000000000000000000000000010011
11111110101001000010001000100011
11111110010001000010011100000011
00000000000100000000011110010011
00000000111101110000111001100011
00010000000000010000011110110111
00001011000001111000010100010011
00000000000000000000000000010011
11111111111100000000011110010011
11111110111101000010011000100011
00001101000000000000000001101111
11111101010001000000011100010011
00000000010000000000011000010011
00010000000000010000011110110111
00001100100001111000010110010011
00000000111000000000010100110011
00000000000000000000000000010011
00000000101000000000011110110011
00000000000001111000111001100011
00010000000000010000011110110111
00001101000001111000010100010011
00000000000000000000000000010011
11111111111100000000011110010011
11111110111101000010011000100011
00001001100000000000000001101111
11111101100101000100011100000011
00000000000100000000011110010011
00000000111101110000111001100011
00010000000000010000011110110111
00001110010001111000010100010011
00000000000000000000000000010011
11111111111100000000011110010011
11111110111101000010011000100011
00000111010000000000000001101111
11111101100001000100011100000011
00000000000100000000011110010011
00000010111101110001001001100011
11111100100001000010011110000011
00000010000000000000011100010011
00000000111001111010000000100011
11111100100001000010010110000011
11111110100001000010010100000011
00000000000000000000000000010011
11111110101001000010011000100011
00000100100000000000000001101111
11111101100001000100011100000011
00000000001000000000011110010011
00000010111101110001001001100011
11111100100001000010011110000011
00000100000000000000011100010011
00000000111001111010000000100011
11111100100001000010010110000011
11111110100001000010010100000011
00000000000000000000000000010011
11111110101001000010011000100011
00000001110000000000000001101111
00010000000000010000011110110111
00010000110001111000010100010011
00000000000000000000000000010011
11111111111100000000011110010011
11111110111101000010011000100011
00000000000000000000000000010011
11111110100001000010010100000011
00000000000000000000000000010011
11111110110001000010011110000011
00000000111100000000010100110011
00000011110000010010000010000011
00000011100000010010010000000011
00000100000000010000000100010011
00000000000000001000000001100111
