11111101000000010000000100010011
00000010000100010010011000100011
00000010100000010010010000100011
00000011000000010000010000010011
11111100101001000010111000100011
11111100101101000010110000100011
11111101100001000010010100000011
00000000000000000000000000010011
11111110101001000010011000100011
00000111110000000000000001101111
11111110110001000010011000000011
11111101100001000010010110000011
11111101110001000010010100000011
00000000000000000000000000010011
11111110101001000010010000100011
11111110100001000010011110000011
00000010000001111101001001100011
00000000000000000000000000010011
00000000101000000000011110110011
00000000000001111010011100000011
00000000010000000000011110010011
00000000111101110001010001100011
00000100100000000000000001101111
00000000000000000000011110010011
00000100110000000000000001101111
11111110100001000010011110000011
11111110110001000010011100000011
00000010111101110111001001100011
00010000000000010000011110110111
00001010010001111000011010010011
00000001100000000000011000010011
00010000000000010000011110110111
00000000000001111000010110010011
00010000000000010000011110110111
00001000110001111000010100010011
00000000000000000000000000010011
11111110100001000010011110000011
11111110110001000010011100000011
01000000111101110000011110110011
11111110111101000010011000100011
11111110110001000010011110000011
11111000000001111001001011100011
00000000000100000000011110010011
00000000111100000000010100110011
00000010110000010010000010000011
00000010100000010010010000000011
00000011000000010000000100010011
00000000000000001000000001100111
