11111101000000010000000100010011
00000010000100010010011000100011
00000010100000010010010000100011
00000011000000010000010000010011
11111100101001000010111000100011
11111100101101000010110000100011
11111100110001000010101000100011
11111110000001000010011000100011
00010000000000010000011110110111
00110010000001111000011110010011
11111110111101000010010000100011
00001011110000000000000001101111
11111110100001000010011110000011
00000000000001111010011110000011
11111101100001000010010110000011
00000000111100000000010100110011
00000000000000000000000000010011
00000000101000000000011110110011
00000000000001111001101001100011
11111110100001000010011110000011
00000001000001111000011110010011
11111110111101000010010000100011
00001001000000000000000001101111
11111110100001000010011110000011
00000000000001111010011110000011
00000000111100000000010110110011
11111101010001000010010100000011
00000000000000000000000000010011
00000000101000000000011110110011
00000000000001111001101001100011
11111110100001000010011110000011
00000001000001111000011110010011
11111110111101000010010000100011
00000110010000000000000001101111
11111110100001000010011110000011
00000000110001111010011110000011
00000010000001111001000001100011
11111110100001000010011110000011
00000000000001111010011110000011
11111110111101000010011000100011
11111110100001000010011110000011
00000001000001111000011110010011
11111110111101000010010000100011
00000011110000000000000001101111
11111110100001000010011110000011
00000000110001111010011110000011
11111101110001000010010110000011
00000000111100000000010100110011
00000000000000000000000000010011
00000000101000000000011110110011
00000000000001111001101001100011
11111110100001000010011110000011
00000001000001111000011110010011
11111110111101000010010000100011
00000001000000000000000001101111
11111110100001000010011110000011
00000000000001111010011110000011
00000001010000000000000001101111
11111110100001000010011110000011
00000000000001111010011110000011
11110100000001111001000011100011
11111110110001000010011110000011
00000000111100000000010100110011
00000010110000010010000010000011
00000010100000010010010000000011
00000011000000010000000100010011
00000000000000001000000001100111
11111101000000010000000100010011
00000010000100010010011000100011
00000010100000010010010000100011
00000011000000010000010000010011
11111100101001000010111000100011
00010000000000010000011110110111
00110010000001111000011110010011
11111110111101000010011000100011
00000011100000000000000001101111
11111110110001000010011110000011
00000000000001111010011110000011
00000000111100000000010110110011
11111101110001000010010100000011
00000000000000000000000000010011
00000000101000000000011110110011
00000000000001111000100001100011
11111110110001000010011110000011
00000000100001111010011110000011
00000010000000000000000001101111
11111110110001000010011110000011
00000001000001111000011110010011
11111110111101000010011000100011
11111110110001000010011110000011
00000000000001111010011110000011
11111100000001111001001011100011
00000000000000000000011110010011
00000000111100000000010100110011
00000010110000010010000010000011
00000010100000010010010000000011
00000011000000010000000100010011
00000000000000001000000001100111
11111110000000010000000100010011
00000000100000010010111000100011
00000010000000010000010000010011
11111110101001000010011000100011
11111110110001000010011110000011
00000000110001111101011110000011
00000000111100000000010100110011
00000001110000010010010000000011
00000010000000010000000100010011
00000000000000001000000001100111
11111110000000010000000100010011
00000000100000010010111000100011
00000010000000010000010000010011
11111110101001000010011000100011
11111110110001000010011110000011
00000000100001111010011110000011
00000000111100000000010100110011
00000001110000010010010000000011
00000010000000010000000100010011
00000000000000001000000001100111
11111110000000010000000100010011
00000000100000010010111000100011
00000010000000010000010000010011
11111110101001000010011000100011
11111110110001000010011110000011
00000000111001111000011110010011
00000000111100000000010100110011
00000001110000010010010000000011
00000010000000010000000100010011
00000000000000001000000001100111
11111110000000010000000100010011
00000000100000010010111000100011
00000010000000010000010000010011
11111110101001000010011000100011
11111110110001000010011110000011
00000000000001111010011110000011
00000000111100000000010100110011
00000001110000010010010000000011
00000010000000010000000100010011
00000000000000001000000001100111
11111110000000010000000100010011
00000000100000010010111000100011
00000010000000010000010000010011
11111110101001000010011000100011
11111110110001000010011110000011
00000000010001111010011110000011
00000000111100000000010100110011
00000001110000010010010000000011
00000010000000010000000100010011
00000000000000001000000001100111
11111110000000010000000100010011
00000000100000010010111000100011
00000010000000010000010000010011
11111110101001000010011000100011
11111110101101000010010000100011
11111110100001000010011110000011
00000000000001111010011110000011
00000000111100000000010100110011
00000001110000010010010000000011
00000010000000010000000100010011
00000000000000001000000001100111
11111110000000010000000100010011
00000000100000010010111000100011
00000010000000010000010000010011
11111110101001000010011000100011
11111110101101000010010000100011
11111110100001000010011110000011
00000000010001111010011110000011
00000000111100000000010100110011
00000001110000010010010000000011
00000010000000010000000100010011
00000000000000001000000001100111
11111101000000010000000100010011
00000010000100010010011000100011
00000010100000010010010000100011
00000011000000010000010000010011
11111100101001000010111000100011
11111110000001000010011000100011
11111101110001000010010100000011
00000000000000000000000000010011
11111110101001000010010000100011
00000010000000000000000001101111
11111110110001000010011110000011
00000000000101111000011110010011
11111110111101000010011000100011
11111110100001000010010110000011
11111101110001000010010100000011
00000000000000000000000000010011
11111110101001000010010000100011
11111110100001000010011110000011
11111110000001111001000011100011
11111110110001000010011110000011
00000000111100000000010100110011
00000010110000010010000010000011
00000010100000010010010000000011
00000011000000010000000100010011
00000000000000001000000001100111
11111101000000010000000100010011
00000010000100010010011000100011
00000010100000010010010000100011
00000011000000010000010000010011
11111100101001000010111000100011
11111110000001000010011000100011
11111110000001000010010000100011
11111101110001000010010100000011
00000000000000000000000000010011
11111110101001000010001000100011
00000011110000000000000001101111
11111110010001000010011110000011
00000000100001111010011110000011
11111110100001000010011100000011
00000000111101110000111001100011
11111110010001000010011110000011
00000000100001111010011110000011
11111110111101000010010000100011
11111110110001000010011110000011
00000000000101111000011110010011
11111110111101000010011000100011
11111110010001000010010110000011
11111101110001000010010100000011
00000000000000000000000000010011
11111110101001000010001000100011
11111110010001000010011110000011
11111100000001111001001011100011
11111110110001000010011110000011
00000000111100000000010100110011
00000010110000010010000010000011
00000010100000010010010000000011
00000011000000010000000100010011
00000000000000001000000001100111
11111110000000010000000100010011
00000000100000010010111000100011
00000010000000010000010000010011
11111110101001000010011000100011
11111110101101000010010000100011
11111110100001000010011110000011
00000000000101111101011110010011
11111110110001000010011100000011
00000000111101110000011110110011
11111110111101000010011000100011
11111110110001000010011100000011
11111110100001000010011110000011
00000010111101110101011100110011
11111110100001000010011110000011
00000010111101110000011110110011
00000000111100000000010100110011
00000001110000010010010000000011
00000010000000010000000100010011
00000000000000001000000001100111
11111110000000010000000100010011
00000000000100010010111000100011
00000000100000010010110000100011
00000010000000010000010000010011
11111110101001000010011000100011
00000000000000011111011110110111
00000000000001111000011110010011
10000100100001111000010110010011
11111110110001000010010100000011
00000000000000000000000000010011
00000000101000000000011110110011
00000000111100000000010100110011
00000001110000010010000010000011
00000001100000010010010000000011
00000010000000010000000100010011
00000000000000001000000001100111
11111101000000010000000100010011
00000010000100010010011000100011
00000010100000010010010000100011
00000011000000010000010000010011
11111100101001000010111000100011
00000000101100000000011110110011
11111100111101000001110100100011
11111101110001000010010100000011
00000000000000000000000000010011
11111110101001000010011000100011
00000011000000000000000001101111
11111110110001000010011110000011
00000000110001111101011110000011
11111101101001000101011100000011
00000000111101110001100001100011
11111110110001000010011110000011
00000000100001111010011110000011
00000010000000000000000001101111
11111110110001000010010110000011
11111101110001000010010100000011
00000000000000000000000000010011
11111110101001000010011000100011
11111110110001000010011110000011
11111100000001111001100011100011
00000000000000000000011110010011
00000000111100000000010100110011
00000010110000010010000010000011
00000010100000010010010000000011
00000011000000010000000100010011
00000000000000001000000001100111
11111101000000010000000100010011
00000010000100010010011000100011
00000010100000010010010000100011
00000011000000010000010000010011
11111100101001000010111000100011
11111100101101000010110000100011
11111101100001000010010100000011
00000000000000000000000000010011
11111100101001000010110000100011
11111101110001000010010100000011
00000000000000000000000000010011
11111110101001000010011000100011
00000100100000000000000001101111
11111110110001000010011110000011
00000000100001111010011110000011
11111101100001000010011100000011
00000000111101110001100001100011
11111110110001000010011110000011
00000000110001111101011110000011
00000011100000000000000001101111
11111110110001000010011110000011
00000000100001111010011110000011
11111101100001000010011100000011
00000000111101110111011001100011
00000000000000000000011110010011
00000010000000000000000001101111
11111110110001000010010110000011
11111101110001000010010100000011
00000000000000000000000000010011
11111110101001000010011000100011
11111110110001000010011110000011
11111010000001111001110011100011
00000000000000000000011110010011
00000000111100000000010100110011
00000010110000010010000010000011
00000010100000010010010000000011
00000011000000010000000100010011
00000000000000001000000001100111
11111101000000010000000100010011
00000010100000010010011000100011
00000011000000010000010000010011
11111100101001000010111000100011
11111100101101000010110000100011
11111110000001000010011000100011
11111101110001000010011110000011
00000000000001111010011110000011
11111110111101000010010000100011
00000010110000000000000001101111
11111110100001000010011110000011
00000000100001111010011100000011
11111101100001000010011110000011
00000000100001111010011110000011
00000010111001111110001001100011
11111110100001000010011110000011
11111110111101000010011000100011
11111110100001000010011110000011
00000000000001111010011110000011
11111110111101000010010000100011
11111110100001000010011110000011
11111100000001111001101011100011
00000000100000000000000001101111
00000000000000000000000000010011
11111101100001000010011110000011
11111110110001000010011100000011
00000000111001111010001000100011
11111101100001000010011110000011
11111110100001000010011100000011
00000000111001111010000000100011
11111110110001000010011110000011
00000000000001111000101001100011
11111110110001000010011110000011
11111101100001000010011100000011
00000000111001111010000000100011
00000001000000000000000001101111
11111101110001000010011110000011
11111101100001000010011100000011
00000000111001111010000000100011
11111110100001000010011110000011
00000000000001111000101001100011
11111110100001000010011110000011
11111101100001000010011100000011
00000000111001111010001000100011
00000001000000000000000001101111
11111101110001000010011110000011
11111101100001000010011100000011
00000000111001111010001000100011
00000000000000000000000000010011
00000010110000010010010000000011
00000011000000010000000100010011
00000000000000001000000001100111
11111101000000010000000100010011
00000010000100010010011000100011
00000010100000010010010000100011
00000011000000010000010000010011
11111100101001000010111000100011
11111100101101000010110000100011
11111100110001000010101000100011
11111101010001000010011110000011
00000000000001111101011110000011
11111110111101000001011100100011
00001100010000000000000001101111
00000010000000000000010110010011
00000000000100000000010100010011
00000000000000000000000000010011
00000000101000000000011110110011
11111110111101000010010000100011
11111110100001000010011110000011
00001010000001111000111001100011
11111110100001000010011110000011
11111110111001000101011100000011
00000000111001111001011000100011
11111101010001000010011110000011
00000000010001111010011100000011
11111110111001000101011110000011
11111101010001000010011010000011
00000000000001101101011010000011
01000000110101111000011110110011
00000000111100000000011010110011
11111101010001000010011110000011
00000000100001111010011110000011
00000010111101101000011110110011
00000000111101110000011100110011
11111110100001000010011110000011
00000000111001111010010000100011
11111110100001000010011110000011
00000000100001111010011110000011
00000000111100000000010100110011
00000000000000000000000000010011
00000000101000000000011100110011
11111110100001000010011110000011
00000000111001111010010000100011
11111110100001000010011110000011
00000000111001111000010100010011
11111110100001000010011110000011
00000000111001111000011110010011
00000001000001111000010110010011
11111110100001000010011110000011
00000000110001111101011110000011
00000000111100000000011100110011
11111101100001000010011010000011
00010000000000010000011110110111
01000000000001111000011000010011
00000000000000000000000000010011
11111110100001000010010110000011
11111101110001000010010100000011
00000000000000000000000000010011
11111110111001000101011110000011
00000000000101111000011110010011
11111110111101000001011100100011
11111101010001000010011110000011
00000000001001111101011110000011
11111110111001000101011100000011
11110010111001111111101011100011
00000000100000000000000001101111
00000000000000000000000000010011
00000010110000010010000010000011
00000010100000010010010000000011
00000011000000010000000100010011
00000000000000001000000001100111
11111101000000010000000100010011
00000010000100010010011000100011
00000010100000010010010000100011
00000011000000010000010000010011
11111100101001000010111000100011
11111100101101000010110000100011
11111101100001000010011110000011
00000000010001111010011110000011
11111110111101000010011000100011
00000010100000000000000001101111
11111101100001000010011110000011
00000000000001111010011110000011
11111110110001000010011000000011
00000000111100000000010110110011
11111101110001000010010100000011
00000000000000000000000000010011
11111110110001000010011110000011
00000000110001111000011110010011
11111110111101000010011000100011
11111110110001000010011110000011
00000000010001111010011110000011
11111100000001111001101011100011
00000000000000000000000000010011
00000000000000000000000000010011
00000010110000010010000010000011
00000010100000010010010000000011
00000011000000010000000100010011
00000000000000001000000001100111
11111101000000010000000100010011
00000010000100010010011000100011
00000010100000010010010000100011
00000011000000010000010000010011
11111100101001000010111000100011
00000010100000000000000001101111
11111101110001000010011110000011
00000000000001111010011110000011
11111110111101000010011000100011
11111110110001000010011110000011
00000000000001111010011100000011
11111101110001000010011110000011
00000000111001111010000000100011
11111110110001000010010100000011
00000000000000000000000000010011
11111101110001000010011110000011
00000000000001111010011110000011
11111100000001111001101011100011
11111101110001000010010100000011
00000000000000000000000000010011
00000000000000000000000000010011
00000010110000010010000010000011
00000010100000010010010000000011
00000011000000010000000100010011
00000000000000001000000001100111
11111101000000010000000100010011
00000010000100010010011000100011
00000010100000010010010000100011
00000011000000010000010000010011
11111100101001000010111000100011
00000000100000000000010110010011
00000000000100000000010100010011
00000000000000000000000000010011
00000000101000000000011110110011
11111110111101000010010000100011
11111110100001000010011110000011
00000000000001111001011001100011
00000000000000000000011110010011
00001000010000000000000001101111
00010000000000010000011110110111
00110010000001111000011110010011
11111110111101000010011000100011
00000100100000000000000001101111
11111110110001000010011110000011
00000000000001111010011110000011
00000000111100000000010110110011
11111101110001000010010100000011
00000000000000000000000000010011
00000000101000000000011110110011
00000000000001111001101001100011
11111110110001000010011110000011
00000001000001111000011110010011
11111110111101000010011000100011
00000001110000000000000001101111
11111110110001000010010110000011
11111110100001000010010100000011
00000000000000000000000000010011
11111110110001000010011110000011
00000001000001111000011110010011
11111110111101000010011000100011
11111110110001000010011110000011
00000000000001111010011110000011
11111010000001111001101011100011
11111110100001000010011110000011
00000000000001111010011110000011
00000000000001111001101001100011
11111110100001000010010100000011
00000000000000000000000000010011
00000000000000000000011110010011
00000000100000000000000001101111
11111110100001000010011110000011
00000000111100000000010100110011
00000010110000010010000010000011
00000010100000010010010000000011
00000011000000010000000100010011
00000000000000001000000001100111
