11111101000000010000000100010011
00000010000100010010011000100011
00000010100000010010010000100011
00000011000000010000010000010011
11111100101001000010111000100011
11111100101101000010110000100011
00000001000000000000010110010011
00000000000100000000010100010011
00000000000000000000000000010011
00000000101000000000011110110011
11111110111101000010011000100011
11111110110001000010011110000011
00000000000001111001011001100011
00000000000000000000011110010011
00000110000000000000000001101111
11111110110001000010011110000011
11111101110001000010011100000011
00000000111001111010000000100011
11111101100001000010010100000011
00000000000000000000000000010011
00000000101000000000011100110011
11111110110001000010011110000011
00000000111001111010010000100011
11111110110001000010011110000011
00000000100001111010011110000011
00000000000001111001101001100011
11111110110001000010010100000011
00000000000000000000000000010011
00000000000000000000011110010011
00000010010000000000000001101111
11111110110001000010011110000011
00000000100001111010011110000011
00000000111100000000010100110011
00000000000000000000000000010011
00000000101000000000011100110011
11111110110001000010011110000011
00000000111001111010011000100011
11111110110001000010011110000011
00000000111100000000010100110011
00000010110000010010000010000011
00000010100000010010010000000011
00000011000000010000000100010011
00000000000000001000000001100111
11111110000000010000000100010011
00000000000100010010111000100011
00000000100000010010110000100011
00000010000000010000010000010011
11111110101001000010011000100011
11111110110001000010011110000011
00000000100001111010011110000011
00000000111100000000010100110011
00000000000000000000000000010011
11111110110001000010010100000011
00000000000000000000000000010011
00000000000000000000000000010011
00000001110000010010000010000011
00000001100000010010010000000011
00000010000000010000000100010011
00000000000000001000000001100111
11111001000000010000000100010011
00000110000100010010011000100011
00000110100000010010010000100011
00000111000000010000010000010011
11111000101001000010111000100011
11111000101101000010110000100011
11111000110001000010101000100011
11111010000001000000011110010011
00000100000001111000011110010011
11111010000001000000010100010011
11111001100001000010011010000011
00010000000000010000011100110111
00000000000001110000011000010011
00000000111100000000010110110011
00000000000000000000000000010011
11111001110001000010011110000011
00000000000001111010011110000011
11111010000001000000011100010011
00000000111000000000010110110011
00000000111100000000010100110011
00000000000000000000000000010011
11111110101001000010011000100011
11111110110001000010011110000011
00000000111100000100011001100011
11111110110001000010011110000011
00010010000000000000000001101111
11111001110001000010011110000011
00000000000001111010011100000011
11111001010001000010011110000011
00000100100001111000011110010011
00000000111100000000010110110011
00000000111000000000010100110011
00000000000000000000000000010011
11111110101001000010011000100011
11111110110001000010011110000011
00000000111100000100011001100011
11111110110001000010011110000011
00001111000000000000000001101111
11111001010001000010011110000011
00001000100101111100011110000011
00000000000101111100011110010011
00001111111101111111011110010011
00000000000001111000011001100011
00000000000100000000011110010011
00001101010000000000000001101111
00000000000000000000000000010011
00000000101000000000011000110011
00000000101100000000011010110011
00000000000000000001010100110111
00000000000001010000010100010011
00111000100001010000010100010011
00000000000000000000010110010011
00000000101001100000011100110011
00000000111000000000100000110011
00000000110010000011100000110011
00000000101101101000011110110011
00000000111110000000011010110011
00000000110100000000011110110011
11111110111001000010000000100011
11111110111101000010001000100011
11111001110001000010011110000011
00000000000001111010011100000011
11111001010001000010011110000011
00000100100001111000011110010011
00000000111100000000011000110011
00000000000000000000010110010011
00000000111000000000010100110011
00000000000000000000000000010011
11111110101001000010011000100011
11111110110001000010011110000011
00000000111100000100011001100011
11111110110001000010011110000011
00000110010000000000000001101111
11111001010001000010011110000011
00001001010001111010011100000011
00000110010000000000011110010011
00000000111101110001011001100011
00000000000100000000011110010011
00000100110000000000000001101111
00000000000000000000000000010011
00000000101000000000011100110011
00000000101100000000011110110011
11111110010001000010011010000011
00000000111100000000011000110011
00000010110101100110001001100011
11111110010001000010011010000011
00000000111100000000011000110011
00000000110001101001100001100011
11111110000001000010011010000011
00000000111000000000011110110011
00000000110101111110011001100011
00000000000100000000011110010011
00000001010000000000000001101111
00001111101000000000010100010011
00000000000000000000010110010011
00000000000000000000000000010011
11110111000111111111000001101111
00000000111100000000010100110011
00000110110000010010000010000011
00000110100000010010010000000011
00000111000000010000000100010011
00000000000000001000000001100111
11111101000000010000000100010011
00000010000100010010011000100011
00000010100000010010010000100011
00000011000000010000010000010011
11111100101001000010111000100011
11111100101101000010110000100011
00000010000000000000010110010011
11111101100001000010010100000011
00000000000000000000000000010011
11111110101001000010001000100011
11111110010001000010011110000011
00001100000001111000010001100011
11111110010001000010011110000011
00000000000101111000011110010011
11111110111101000010001000100011
00000010000000000000010110010011
11111110010001000010010100000011
00000000000000000000000000010011
11111110101001000010001000100011
11111110010001000010011110000011
00001010000001111000011001100011
11111110010001000010011110000011
00000000000101111000011110010011
11111110111101000010001000100011
00010000000000010000011110110111
00000000100001111000010110010011
11111110010001000010010100000011
00000000000000000000000000010011
11111110101001000010011000100011
11111110110001000010011110000011
00000010000001111001000001100011
11111101100001000010010100000011
00000000000000000000000000010011
00000000101000000000011110110011
00000000111100000000011100110011
11111101100001000010011110000011
00000000111001111000011110110011
11111110111101000010011000100011
11111110110001000010011100000011
11111110010001000010011110000011
00000110111001111111001001100011
11111110110001000010011100000011
11111110010001000010011110000011
01000000111101110000011110110011
11111110111101000010010000100011
11111110100001000010011100000011
00000001111100000000011110010011
00000000111001111111011001100011
00000001111100000000011110010011
11111110111101000010010000100011
11111101110001000010011110000011
00000100100001111000011110010011
11111110100001000010011000000011
11111110010001000010010110000011
00000000111100000000010100110011
00000000000000000000000000010011
11111101110001000010011100000011
11111110100001000010011110000011
00000000111101110000011110110011
00000100000001111000010000100011
00000001100000000000000001101111
00000000000000000000000000010011
00000001000000000000000001101111
00000000000000000000000000010011
00000000100000000000000001101111
00000000000000000000000000010011
00000010110000010010000010000011
00000010100000010010010000000011
00000011000000010000000100010011
00000000000000001000000001100111
11110101000000010000000100010011
00001010000100010010011000100011
00001010100000010010010000100011
00001011000000010000010000010011
11110100101001000010111000100011
11110100101101000010110000100011
11110100110001000010101000100011
11110100110101000010100000100011
11110101010001000010011110000011
00000000000001111000000000100011
11110101000001000010011110000011
00000000000001111000000000100011
11110101110001000010011110000011
00000000000001111010011110000011
11111101110001000000011100010011
00000000111000000000010110110011
00000000111100000000010100110011
00000000000000000000000000010011
11111110101001000010001000100011
11111110010001000010011110000011
00000000111100000100011001100011
11111110010001000010011110000011
00110100110000000000000001101111
11111101110001000010011110000011
11111110111101000010011000100011
11111110000001000010010000100011
11111110110001000010011110000011
11111110111101000010000000100011
00000000101000000000010110010011
11111110000001000010010100000011
00000000000000000000000000010011
11111110101001000010011000100011
11111110110001000010011110000011
00000000000001111001100001100011
11111110100001000010011110000011
00101110000001111000000001100011
00101110100000000000000001101111
11111110110001000010011110000011
00000000000101111000011100010011
11111110111001000010011000100011
00000000000001111000000000100011
11111101100001000000011110010011
00000000111100000000011000110011
00010000000000010000011110110111
00000000110001111000010110010011
11111110000001000010010100000011
00000000000000000000000000010011
00000000101000000000011100110011
00000000000100000000011110010011
00000100111101110001000001100011
11111101100001000010011110000011
00000001000001111001011100010011
00000001000001110101011100010011
11110101100001000010011010000011
00000000000000000010011110110111
00000000000001111000011110010011
00000000111101101000011110110011
10101010111001111001001100100011
11110101100001000010011100000011
00000000000000000010011110110111
00000000000001111000011110010011
00000000111101110000011110110011
00000000000100000000011100010011
10101010111001111000001000100011
00100110100000000000000001101111
11111101010001000000011110010011
00000000111100000000011000110011
00010000000000010000011110110111
00000001100001111000010110010011
11111110000001000010010100000011
00000000000000000000000000010011
00000000101000000000011100110011
00000000000100000000011110010011
00000100111101110001000001100011
11111101010001000010011110000011
00000001000001111001011100010011
00000001000001110101011100010011
11110101100001000010011010000011
00000000000000000010011110110111
00000000000001111000011110010011
00000000111101101000011110110011
10101010111001111001010000100011
11110101100001000010011100000011
00000000000000000010011110110111
00000000000001111000011110010011
00000000111101110000011110110011
00000000000100000000011100010011
10101010111001111000001010100011
00100000100000000000000001101111
11111110100001000010011100000011
00000011111100000000011110010011
00011110111001111100100001100011
11110110000001000000011110010011
00000110100000000000011000010011
00000000000000000000010110010011
00000000111100000000010100110011
00000000000000000000000000010011
11110110000001000000011110010011
00000100000001111000011110010011
11110110000001000000010100010011
11111110000001000010011010000011
00010000000000010000011100110111
00000010010001110000011000010011
00000000111100000000010110110011
00000000000000000000000000010011
11111100100001000000011100010011
11111100110001000000011010010011
11111101000001000000011110010011
00000000111100000000011000110011
00010000000000010000011110110111
00000010100001111000010110010011
11111110000001000010010100000011
00000000000000000000000000010011
00000000101000000000011100110011
00000000001100000000011110010011
00000010111101110000101001100011
11111100110001000000011100010011
11111101000001000000011110010011
00000000111000000000011010110011
00000000111100000000011000110011
00010000000000010000011110110111
00000011010001111000010110010011
11111110000001000010010100000011
00000000000000000000000000010011
00000000101000000000011100110011
00000000001000000000011110010011
00010110111101110001011001100011
11111100000001000010010000100011
11111101000001000010011110000011
00000001000001111001011110010011
00000001000001111101011110010011
11111010111101000001000000100011
11111100110001000010011110000011
00000001000001111001011110010011
00000001000001111101011110010011
11111010111101000001000100100011
11111100100001000010011110000011
00000001000001111001011110010011
00000001000001111101011110010011
11111010111101000001001000100011
11110110000001000000011110010011
11111110000001000010010110000011
00000000111100000000010100110011
00000000000000000000000000010011
00010000000000010000011110110111
00000011110001111000010110010011
11111110000001000010010100000011
00000000000000000000000000010011
00000000101000000000011110110011
00000000000001111000100001100011
00000000001000000000011110010011
11111010111101000001001100100011
00000111100000000000000001101111
00010000000000010000011110110111
00000100100001111000010110010011
11111110000001000010010100000011
00000000000000000000000000010011
00000000101000000000011110110011
00000000000001111000100001100011
00000000001100000000011110010011
11111010111101000001001100100011
00000101010000000000000001101111
00010000000000010000011110110111
00000101010001111000010110010011
11111110000001000010010100000011
00000000000000000000000000010011
00000000101000000000011110110011
00000000000001111000111001100011
00000000000100000000011110010011
11111010111101000001001100100011
11110101000001000010011110000011
00000000000100000000011100010011
00000000111001111000000000100011
00000010010000000000000001101111
11111010000001000001001100100011
11111010001001000101011110000011
00000000000001111000011001100011
11111010100001000100011110000011
00000000000001111001100001100011
11110101000001000010011110000011
00000000000100000000011100010011
00000000111001111000000000100011
11111110100001000010011100000011
00000110100000000000011110010011
00000010111101110000011110110011
00001010000001111000011110010011
11110101100001000010011100000011
00000000111101110000011110110011
00000000010001111000011110010011
11110110000001000000011100010011
00000110100000000000011000010011
00000000111000000000010110110011
00000000111100000000010100110011
00000000000000000000000000010011
00000000101000000000011110110011
00000100000001111000000001100011
11111110100001000010011100000011
00000110100000000000011110010011
00000010111101110000011110110011
00001010000001111000011110010011
11110101100001000010011100000011
00000000111101110000011110110011
00000000010001111000011110010011
11110110000001000000011100010011
00000110100000000000011000010011
00000000111000000000010110110011
00000000111100000000010100110011
00000000000000000000000000010011
11110101010001000010011110000011
00000000000100000000011100010011
00000000111001111000000000100011
11111110100001000010011110000011
00000000000101111000011110010011
11111110111101000010010000100011
11010001000111111111000001101111
00000000000000000000000000010011
11010000100111111111000001101111
00000000000000000000000000010011
11010000000111111111000001101111
11110101000001000010011110000011
00000000000100000000011100010011
00000000111001111000000000100011
11110101100001000010011110000011
00001010000001111010011110000011
11111110100001000010011100000011
00000000111101110000111001100011
11110101100001000010011110000011
11111110100001000010011100000011
00001010111001111010000000100011
11110101010001000010011110000011
00000000000100000000011100010011
00000000111001111000000000100011
00000000000100000000011110010011
00000000111100000000010100110011
00001010110000010010000010000011
00001010100000010010010000000011
00001011000000010000000100010011
00000000000000001000000001100111
11111101000000010000000100010011
00000010000100010010011000100011
00000010100000010010010000100011
00000011000000010000010000010011
11111100101001000010111000100011
11111100101101000010110000100011
00000000000000000010011110110111
00000000000001111000011110010011
10101010110001111000011000010011
00000000000000000000010110010011
11111101100001000010010100000011
00000000000000000000000000010011
11111101110001000010011110000011
00000000110001111010011110000011
11111110111101000010011000100011
11111110110001000010011110000011
00000000000001111001011001100011
00000000000000000000011110010011
00001110010000000000000001101111
11111110110001000010010100000011
00000000000000000000000000010011
00000000101000000000011100110011
11111101100001000010011110000011
00000100111001111010001000100011
11111101100001000010011110000011
11111110111101000010010000100011
11111101100001000010011110000011
00000100000001111000011110010011
11111110111101000010001000100011
11111110110001000010010100000011
00000000000000000000000000010011
00000000101000000000011110110011
00000000111100000000011000110011
11111110010001000010010110000011
11111110100001000010010100000011
00000000000000000000000000010011
11111101110001000010011110000011
00000000100001111010011110000011
11111110110001000010010110000011
00000000111100000000010100110011
00000000000000000000000000010011
11111110101001000010011000100011
11111110110001000010011110000011
00000000000001111001100001100011
11111101110001000010011110000011
00000000000001111010011000100011
00000111000000000000000001101111
11111110110001000010010100000011
00000000000000000000000000010011
00000000101000000000011100110011
11111101100001000010011110000011
00000100010001111010011110000011
00000000111101110000101001100011
11111101110001000010011110000011
11111110110001000010011100000011
00000000111001111010011000100011
00000100100000000000000001101111
11111110100001000010010100000011
00000000000000000000000000010011
00000000101000000000011110110011
00000000111100000000011100110011
11111110100001000010011110000011
00000000111001111000011110110011
11111110111101000010010000100011
11111110110001000010010100000011
00000000000000000000000000010011
00000000101000000000011110110011
00000000111100000000011010110011
00010000000000010000011110110111
00000110000001111000011000010011
11111110010001000010010110000011
11111110100001000010010100000011
00000000000000000000000000010011
11110110110111111111000001101111
00000000000100000000011110010011
00000000111100000000010100110011
00000010110000010010000010000011
00000010100000010010010000000011
00000011000000010000000100010011
00000000000000001000000001100111
11111100000000010000000100010011
00000010000100010010111000100011
00000010100000010010110000100011
00000100000000010000010000010011
11111100101001000010011000100011
11111100101101000010010000100011
11111100110001000010011110000011
00000000010001111010011110000011
00000000000101111000011100010011
11111100110001000010011110000011
00000000111001111010001000100011
11111100100001000010011110000011
00000100010001111010011110000011
11111100100001000010011000000011
00000000111100000000010110110011
11111100110001000010010100000011
00000000000000000000000000010011
11111100101001000010111000100011
11111101110001000010011110000011
00000000111100000100011001100011
11111101110001000010011110000011
00100111110000000000000001101111
11111100100001000010011110000011
00001000100101111100011110000011
00000000000101111100011110010011
00001111111101111111011110010011
00000000000001111000011001100011
00000000000100000000011110010011
00100110000000000000000001101111
11111100100001000010011110000011
00001010000001111010000000100011
11111100110001000010011110000011
00000000000001111010011110000011
00000000111100000000010100110011
00000000000000000000000000010011
00000000101000000000011100110011
00010000000000010000011110110111
00000110100001111000010110010011
00000000111000000000010100110011
00000000000000000000000000010011
00000000101000000000011110110011
00000100000001111000001001100011
00000000000000000000000000010011
00000000101000000000011000110011
00000000101100000000011010110011
00000000000000000001010100110111
00000000000001010000010100010011
11111010000001010000010100010011
00000000000000000000010110010011
00000000101001100000011100110011
00000000111000000000100000110011
00000000110010000011100000110011
00000000101101101000011110110011
00000000111110000000011010110011
00000000110100000000011110110011
11111110111001000010010000100011
11111110111101000010011000100011
00000100000000000000000001101111
00000000000000000000000000010011
00000000101000000000011000110011
00000000101100000000011010110011
00000000000000000010010100110111
00000000000001010000010100010011
01110001000001010000010100010011
00000000000000000000010110010011
00000000101001100000011100110011
00000000111000000000100000110011
00000000110010000011100000110011
00000000101101101000011110110011
00000000111110000000011010110011
00000000110100000000011110110011
11111110111001000010010000100011
11111110111101000010011000100011
00000000000000000000000000010011
00000000101000000000011000110011
00000000101100000000011010110011
00111110100000000000010100010011
00000000000000000000010110010011
00000000101001100000011100110011
00000000111000000000100000110011
00000000110010000011100000110011
00000000101101101000011110110011
00000000111110000000011010110011
00000000110100000000011110110011
11111110111001000010000000100011
11111110111101000010001000100011
11111101011001000000011100010011
11111101011101000000011110010011
00000000111000000000011010110011
00000000111100000000011000110011
11111100100001000010010110000011
11111100110001000010010100000011
00000000000000000000000000010011
11111100101001000010111000100011
11111101110001000010011110000011
00000000111100000100011001100011
11111101110001000010011110000011
00010100110000000000000001101111
11111101011101000100011110000011
00000010000001111000110001100011
00000000000000000000000000010011
00000000101000000000011000110011
00000000101100000000011010110011
00111110100000000000010100010011
00000000000000000000010110010011
00000000101001100000011100110011
00000000111000000000100000110011
00000000110010000011100000110011
00000000101101101000011110110011
00000000111110000000011010110011
00000000110100000000011110110011
11111110111001000010000000100011
11111110111101000010001000100011
11111101011001000100011110000011
00000000000101111100011110010011
00001111111101111111011110010011
00000010000001111000101001100011
00000000000000000000000000010011
00000000101000000000011100110011
00000000101100000000011110110011
11111110010001000010011010000011
00000000111100000000011000110011
00000000110101100110111001100011
11111110010001000010011010000011
00000000111100000000011000110011
00000100110001101001100001100011
11111110000001000010011010000011
00000000111000000000011110110011
00000100110101111111001001100011
00000000000000000000000000010011
00000000101000000000011100110011
00000000101100000000011110110011
11111110110001000010011010000011
00000000111100000000011000110011
00000000110101100110111001100011
11111110110001000010011010000011
00000000111100000000011000110011
00000010110001101001010001100011
11111110100001000010011010000011
00000000111000000000011110110011
00000000110101111111111001100011
00001111101000000000010100010011
00000000000000000000010110010011
00000000000000000000000000010011
11110001100111111111000001101111
00000000000000000000000000010011
00000000100000000000000001101111
00000000000000000000000000010011
11111100100001000010011110000011
00000100010001111010011100000011
11111111101011000001011110110111
00000000000001111000011110010011
00111010000001111000011110010011
00000000111101110000011110110011
11111100111101000010110000100011
11111100110001000010011110000011
00000000110001111010011110000011
00000100000001111000011001100011
11111100110001000010011110000011
00000000110001111010011110000011
00000000111100000000010100110011
00000000000000000000000000010011
00000000101000000000011100110011
11111101100001000010011110000011
00000010111001111111110001100011
11111100110001000010011110000011
00000000100001111010011100000011
11111100110001000010011110000011
00000000110001111010011110000011
00000000111100000000010110110011
00000000111000000000010100110011
00000000000000000000000000010011
00000000101000000000011100110011
11111100110001000010011110000011
00000000111001111010011000100011
11111011000111111111000001101111
00000000000000000000000000010011
00000000100000000000000001101111
00000000000000000000000000010011
00000000000100000000011110010011
00000000111100000000010100110011
00000011110000010010000010000011
00000011100000010010010000000011
00000100000000010000000100010011
00000000000000001000000001100111
11111101000000010000000100010011
00000010000100010010011000100011
00000010100000010010010000100011
00000011000000010000010000010011
11111100101001000010111000100011
11111101110001000010011110000011
00000000110001111010011110000011
11111110111101000010011000100011
11111110110001000010011110000011
00000000000001111001011001100011
00000110010000000000011110010011
00001001010000000000000001101111
00000000000100000000011110010011
11111110111101000010010000100011
11111110110001000010010100000011
00000000000000000000000000010011
11111110101001000010001000100011
11111101110001000010011110000011
00000000100001111010011110000011
11111110110001000010010110000011
00000000111100000000010100110011
00000000000000000000000000010011
11111110101001000010011000100011
11111110110001000010011110000011
00000010000001111000101001100011
11111110110001000010010100000011
00000000000000000000000000010011
00000000101000000000011100110011
11111110010001000010011110000011
11111100111001111000100011100011
11111110100001000010011110000011
00000000000101111000011110010011
11111110111101000010010000100011
11111110110001000010010100000011
00000000000000000000000000010011
11111110101001000010001000100011
11111011010111111111000001101111
00000000000000000000000000010011
11111101110001000010011110000011
00000000010001111010011100000011
00000110010000000000011110010011
00000010111101110000011100110011
11111101110001000010011110000011
00000000010001111010011010000011
11111110100001000010011110000011
00000000111101101000011110110011
00000010111101110101011110110011
00001111111101111111011110010011
00000000111100000000010100110011
00000010110000010010000010000011
00000010100000010010010000000011
00000011000000010000000100010011
00000000000000001000000001100111
