11111110000000010000000100010011
00000000000100010010111000100011
00000000100000010010110000100011
00000010000000010000010000010011
11111110101001000010011000100011
11111110110001000010011110000011
00000001000001111010011110000011
00000010000001111000000001100011
11111110110001000010011110000011
00000001000001111010011110000011
00000000111100000000010100110011
00000000000000000000000000010011
11111110110001000010011110000011
00000000000001111010100000100011
00000000100000000000000001101111
00000000000000000000000000010011
00000001110000010010000010000011
00000001100000010010010000000011
00000010000000010000000100010011
00000000000000001000000001100111
11111110000000010000000100010011
00000000000100010010111000100011
00000000100000010010110000100011
00000010000000010000010000010011
11111110101001000010011000100011
11111110101101000010010000100011
11111110110001000010001000100011
11111110110001000010010100000011
00000000000000000000000000010011
11111110110001000010011110000011
11111110100001000010011100000011
00000000111001111010000000100011
11111110110001000010011110000011
11111110010001000010011100000011
00000000111001111010001000100011
11111110110001000010011110000011
00000000000001111010010000100011
11111110110001000010011110000011
00000000000001111010011000100011
00000000000000000000000000010011
00000001110000010010000010000011
00000001100000010010010000000011
00000010000000010000000100010011
00000000000000001000000001100111
11111101000000010000000100010011
00000010000100010010011000100011
00000010100000010010010000100011
00000011000000010000010000010011
11111100101001000010111000100011
11111100101101000010110000100011
11111100110001000010101000100011
00000000000000000010011110110111
00000000000001111000011110010011
10000100000001111000010110010011
00000000000100000000010100010011
00000000000000000000000000010011
00000000101000000000011110110011
11111110111101000010011000100011
11111110110001000010011110000011
00000000000001111001111001100011
00010000000000010000011110110111
00000000000001111000010110010011
11111101010001000010010100000011
00000000000000000000000000010011
00000000000000000000011110010011
00000010010000000000000001101111
11111110110001000010011110000011
11111101010001000010011100000011
00000000111001111010101000100011
11111101100001000010011000000011
11111101110001000010010110000011
11111110110001000010010100000011
00000000000000000000000000010011
11111110110001000010011110000011
00000000111100000000010100110011
00000010110000010010000010000011
00000010100000010010010000000011
00000011000000010000000100010011
00000000000000001000000001100111
11111110000000010000000100010011
00000000000100010010111000100011
00000000100000010010110000100011
00000010000000010000010000010011
11111110101001000010011000100011
11111110110001000010010100000011
00000000000000000000000000010011
11111110110001000010010100000011
00000000000000000000000000010011
00000000000000000000000000010011
00000001110000010010000010000011
00000001100000010010010000000011
00000010000000010000000100010011
00000000000000001000000001100111
11111001000000010000000100010011
00000110000100010010011000100011
00000110100000010010010000100011
00000110100100010010001000100011
00000111000000010000010000010011
11111000101001000010111000100011
11111001110001000010011110000011
00000001000001111010011110000011
00000000000001111000011001100011
00000000000100000000011110010011
00011001100000000000000001101111
11111001110001000010011110000011
00000000000001111010011110000011
00000010000001111001100001100011
11111001110001000010011110000011
00000000010001111010011110000011
00000010000001111001001001100011
11111001110001000010011110000011
00000001010001111010011100000011
00010000000000010000011110110111
00000100000001111000010110010011
00000000111000000000010100110011
00000000000000000000000000010011
00000000000000000000011110010011
00010110000000000000000001101111
11111001110001000010011110000011
00000000010001111010011110000011
00000000111100000000010100110011
00000000000000000000000000010011
00000000101000000000011110110011
00000010000001111000001001100011
11111001110001000010011110000011
00000001010001111010011100000011
00010000000000010000011110110111
00000111100001111000010110010011
00000000111000000000010100110011
00000000000000000000000000010011
00000000000000000000011110010011
00010010100000000000000001101111
11111001110001000010011110000011
00000000010001111010010100000011
11111001110001000010011110000011
00000000000001111010011110000011
11111010110001000000011010010011
00000000000100000000011100010011
00000000111100000000011000110011
11111111111100000000010110010011
00000000000000000000000000010011
00000000101000000000011110110011
00000010111100000100001001100011
11111001110001000010011110000011
00000001010001111010011100000011
00010000000000010000011110110111
00001101000001111000010110010011
00000000111000000000010100110011
00000000000000000000000000010011
00000000000000000000011110010011
00001101110000000000000001101111
11111010110001000010011100000011
11111001110001000010011110000011
00000000111001111010011000100011
11111011010001000010011100000011
11111001110001000010011110000011
00000000111001111010010000100011
00000000000000000000000000010011
00000000101000000000011100110011
11111001110001000010011110000011
00000000111001111010100000100011
11111001110001000010011110000011
00000001000001111010011110000011
00000010000001111001100001100011
11111001110001000010011110000011
00000001010001111010010010000011
00000000000000000000000000010011
00000000101000000000011110110011
00000000111100000000011000110011
00010000000000010000011110110111
00010000010001111000010110010011
00000000100100000000010100110011
00000000000000000000000000010011
00000000000000000000011110010011
00000111110000000000000001101111
11111001110001000010011110000011
00000001000001111010010100000011
11111001110001000010011110000011
00000000110001111010010110000011
00000000000000000001011010110111
00000000000001101000011010010011
10011100010001101000011010010011
00000000000000000000011100010011
00000000000000010000011110110111
00000000000001111000011110010011
11011110100101111000011000010011
00000000000000000000000000010011
00000000101000000000011110110011
00000000000101111100011110010011
00001111111101111111011110010011
00000010000001111000110001100011
11111001110001000010011110000011
00000001010001111010010010000011
00000000000000000000000000010011
00000000101000000000011110110011
00000000111100000000011000110011
00010000000000010000011110110111
00010100010001111000010110010011
00000000100100000000010100110011
00000000000000000000000000010011
11111001110001000010010100000011
00000000000000000000000000010011
00000000000000000000011110010011
00000000100000000000000001101111
00000000000100000000011110010011
00000000111100000000010100110011
00000110110000010010000010000011
00000110100000010010010000000011
00000110010000010010010010000011
00000111000000010000000100010011
00000000000000001000000001100111
11111110000000010000000100010011
00000000000100010010111000100011
00000000100000010010110000100011
00000010000000010000010000010011
11111110101001000010011000100011
11111110110001000010010100000011
00000000000000000000000000010011
00000000101000000000011110110011
00000000000101111100011110010011
00001111111101111111011110010011
00000010000001111000001001100011
11111110110001000010011110000011
00000001010001111010011100000011
00010000000000010000011110110111
00010111110001111000010110010011
00000000111000000000010100110011
00000000000000000000000000010011
00000000000000000000011110010011
00000000110000000000000001101111
11111110110001000010011110000011
00000000100001111010011110000011
00000000111100000000010100110011
00000001110000010010000010000011
00000001100000010010010000000011
00000010000000010000000100010011
00000000000000001000000001100111
11111110000000010000000100010011
00000000000100010010111000100011
00000000100000010010110000100011
00000010000000010000010000010011
11111110101001000010011000100011
11111110110001000010010100000011
00000000000000000000000000010011
00000000101000000000011110110011
00000000000101111100011110010011
00001111111101111111011110010011
00000010000001111000001001100011
11111110110001000010011110000011
00000001010001111010011100000011
00010000000000010000011110110111
00011011000001111000010110010011
00000000111000000000010100110011
00000000000000000000000000010011
00000000000000000000011110010011
00000000110000000000000001101111
11111110110001000010011110000011
00000000110001111010011110000011
00000000111100000000010100110011
00000001110000010010000010000011
00000001100000010010010000000011
00000010000000010000000100010011
00000000000000001000000001100111
11111110000000010000000100010011
00000000100000010010111000100011
00000010000000010000010000010011
11111110101001000010011000100011
11111110110001000010011110000011
00000000000001111010011110000011
00000000111100000000010100110011
00000001110000010010010000000011
00000010000000010000000100010011
00000000000000001000000001100111
11111110000000010000000100010011
00000000100000010010111000100011
00000010000000010000010000010011
11111110101001000010011000100011
11111110110001000010011110000011
00000000010001111010011110000011
00000000111100000000010100110011
00000001110000010010010000000011
00000010000000010000000100010011
00000000000000001000000001100111
11111101000000010000000100010011
00000010000100010010011000100011
00000010100000010010010000100011
00000010100100010010001000100011
00000011000000010000010000010011
11111100101001000010111000100011
11111101110001000010010100000011
00000000000000000000000000010011
00000000101000000000011110110011
00000000000101111100011110010011
00001111111101111111011110010011
00000010000001111000001001100011
11111101110001000010011110000011
00000001010001111010011100000011
00010000000000010000011110110111
00011110010001111000010110010011
00000000111000000000010100110011
00000000000000000000000000010011
00000000000000000000011110010011
00000101000000000000000001101111
11111101110001000010011110000011
00000001000001111010011110000011
00000000111100000000010100110011
00000000000000000000000000010011
11111110101001000010011000100011
11111110110001000010011110000011
00000010000001111001100001100011
11111101110001000010011110000011
00000001010001111010010010000011
00000000000000000000000000010011
00000000101000000000011110110011
00000000111100000000011000110011
00010000000000010000011110110111
00100001100001111000010110010011
00000000100100000000010100110011
00000000000000000000000000010011
00000000000000000000011110010011
00000000100000000000000001101111
11111110110001000010011110000011
00000000111100000000010100110011
00000010110000010010000010000011
00000010100000010010010000000011
00000010010000010010010010000011
00000011000000010000000100010011
00000000000000001000000001100111
11111110000000010000000100010011
00000000000100010010111000100011
00000000100000010010110000100011
00000000100100010010101000100011
00000010000000010000010000010011
11111110101001000010011000100011
11111110101101000010010000100011
11111110110001000010011110000011
00000001000001111010010100000011
11111110100001000010011110000011
00000000010001111010010110000011
11111110100001000010011110000011
00000000100001111010011100000011
11111110100001000010011110000011
00000000010001111010011110000011
01000000111101110000011110110011
00000000000000000001011010110111
00000000000001101000011010010011
10011100010001101000011010010011
00000000000000000000011100010011
00000000111100000000011000110011
00000000000000000000000000010011
00000000101000000000011110110011
00000000000101111100011110010011
00001111111101111111011110010011
00000010000001111000110001100011
11111110110001000010011110000011
00000001010001111010010010000011
00000000000000000000000000010011
00000000101000000000011110110011
00000000111100000000011000110011
00010000000000010000011110110111
00100101010001111000010110010011
00000000100100000000010100110011
00000000000000000000000000010011
11111110110001000010010100000011
00000000000000000000000000010011
00000000000000000000011110010011
00000000100000000000000001101111
00000000000100000000011110010011
00000000111100000000010100110011
00000001110000010010000010000011
00000001100000010010010000000011
00000001010000010010010010000011
00000010000000010000000100010011
00000000000000001000000001100111
11111011000000010000000100010011
00000100000100010010011000100011
00000100100000010010010000100011
00000100100100010010001000100011
00000101000000010000010000010011
11111100101001000010011000100011
11111100101101000010010000100011
11111100110001000010001000100011
11111010110101000010110000100011
11111010111001000010111000100011
00000000000000000000000000010011
11111011100001000010011000000011
11111011110001000010011010000011
00000000101001100000011100110011
00000000111000000000100000110011
00000000110010000011100000110011
00000000101101101000011110110011
00000000111110000000011010110011
00000000110100000000011110110011
11111110111001000010010000100011
11111110111101000010011000100011
11111100100001000010010100000011
00000000000000000000000000010011
00000000000000000000000000010011
11111110101001000010000000100011
11111110101101000010001000100011
11111110110001000010011100000011
11111110010001000010011110000011
00000100111001111110001001100011
11111110110001000010011100000011
11111110010001000010011110000011
00000000111101110001100001100011
11111110100001000010011100000011
11111110000001000010011110000011
00000010111001111110011001100011
11111100110001000010011110000011
00000001010001111010011100000011
00010000000000010000011110110111
00101000010001111000010110010011
00000000111000000000010100110011
00000000000000000000000000010011
11111100110001000010010100000011
00000000000000000000000000010011
00000000000000000000011110010011
00010001100000000000000001101111
11111100100001000010011110000011
00000000110001111010011100000011
11111100100001000010011110000011
00000000100001111010011110000011
01000000111101110000011110110011
11111100111101000010110000100011
11111100110001000010011110000011
00000001000001111010100010000011
11111100100001000010011110000011
00000000100001111010001100000011
11111110100001000010011100000011
11111110110001000010011110000011
11111110000001000010010100000011
11111110010001000010010110000011
01000000101001110000011000110011
00000000110000000000100000110011
00000001000001110011100000110011
01000000101101111000011010110011
01000001000001101000011110110011
00000000111100000000011010110011
11111101100001000000011110010011
00000000110100000000011100110011
00000000110000000000011010110011
00000000111100000000011000110011
00000000011000000000010110110011
00000001000100000000010100110011
00000000000000000000000000010011
00000000101000000000011110110011
00000000000101111100011110010011
00001111111101111111011110010011
00000010000001111000110001100011
11111100110001000010011110000011
00000001010001111010010010000011
00000000000000000000000000010011
00000000101000000000011110110011
00000000111100000000011000110011
00010000000000010000011110110111
00101010110001111000010110010011
00000000100100000000010100110011
00000000000000000000000000010011
11111100110001000010010100000011
00000000000000000000000000010011
00000000000000000000011110010011
00000110100000000000000001101111
11111100100001000010011110000011
00000000100001111010011100000011
11111101100001000010011110000011
00000000111101110000011100110011
11111100100001000010011110000011
00000000111001111010010000100011
11111100010001000010010110000011
11111100100001000010010100000011
00000000000000000000000000010011
11111100101001000010111000100011
11111101110001000010011110000011
00000010000001111101011001100011
11111100110001000010011110000011
00000001010001111010011100000011
00010000000000010000011110110111
00101101110001111000010110010011
00000000111000000000010100110011
00000000000000000000000000010011
11111100110001000010010100000011
00000000000000000000000000010011
00000000000000000000011110010011
00000001000000000000000001101111
11111101110001000010011110000011
11101000111100000101111011100011
00000000000100000000011110010011
00000000111100000000010100110011
00000100110000010010000010000011
00000100100000010010010000000011
00000100010000010010010010000011
00000101000000010000000100010011
00000000000000001000000001100111
11111100000000010000000100010011
00000010000100010010111000100011
00000010100000010010110000100011
00000100000000010000010000010011
11111100101001000010111000100011
11111100101101000010110000100011
11111100110001000010101000100011
11111100111001000010010000100011
11111100111101000010011000100011
00000000110100000000011110110011
11111100111101000001100100100011
11111101001001000101011110000011
00000000111100000000010110110011
11111101100001000010010100000011
00000000000000000000000000010011
11111110000001000010011000100011
00001111100000000000000001101111
11111101110001000010011110000011
00000001000001111010011110000011
00000010000001111001111001100011
11111101110001000010010100000011
00000000000000000000000000010011
00000000101000000000011110110011
00000000000101111100011110010011
00001111111101111111011110010011
00000010000001111000001001100011
11111101110001000010011110000011
00000001010001111010011100000011
00010000000000010000011110110111
00110000100001111000010110010011
00000000111000000000010100110011
00000000000000000000000000010011
11111111111100000000011110010011
00001101110000000000000001101111
11111101100001000010010110000011
11111101110001000010010100000011
00000000000000000000000000010011
00000000101000000000011110110011
00000000000101111100011110010011
00001111111101111111011110010011
00001000000001111001000001100011
11111101010001000010011110000011
00000000000001111001011001100011
00000000000100000000011110010011
00001011000000000000000001101111
11111110101001000000011110010011
11111100100001000010011010000011
11111100110001000010011100000011
00000000111100000000011000110011
11111101010001000010010110000011
11111101110001000010010100000011
00000000000000000000000000010011
00000000101000000000011110110011
00000000000101111100011110010011
00001111111101111111011110010011
00000100000001111001011001100011
11111110101001000101011110000011
00000000111100000000011100110011
11111101001001000101011110000011
00000000000101111000011110010011
00000010111101110000010001100011
11111101110001000010011110000011
00000001010001111010011100000011
00010000000000010000011110110111
00110011100001111000010110010011
00000000111000000000010100110011
00000000000000000000000000010011
11111101110001000010010100000011
00000000000000000000000000010011
00000001100000000000000001101111
00000000000100000000011110010011
00000100010000000000000001101111
00000000000000000000000000010011
00000000100000000000000001101111
00000000000000000000000000010011
11111110110001000010011110000011
00000000000101111000011110010011
11111110111101000010011000100011
11111110110001000010011100000011
00000000000100000000011110010011
11110000111001111101001011100011
11111101110001000010011110000011
00000001010001111010011100000011
00010000000000010000011110110111
00110110110001111000010110010011
00000000111000000000010100110011
00000000000000000000000000010011
11111111111100000000011110010011
00000000111100000000010100110011
00000011110000010010000010000011
00000011100000010010010000000011
00000100000000010000000100010011
00000000000000001000000001100111
11111110000000010000000100010011
00000000000100010010111000100011
00000000100000010010110000100011
00000010000000010000010000010011
11111110101001000010011000100011
11111110101101000010010000100011
11111110110001000010001000100011
00000000110100000000011110110011
11111110111101000001000100100011
11111110001001000101011010000011
00000000000000000001011100110111
00000000000001110000011100010011
10011100010001110000011100010011
00000000000000000000011110010011
11111110010001000010011000000011
11111110100001000010010110000011
11111110110001000010010100000011
00000000000000000000000000010011
00000000101000000000011110110011
00000000111100000000010100110011
00000001110000010010000010000011
00000001100000010010010000000011
00000010000000010000000100010011
00000000000000001000000001100111
11111011000000010000000100010011
00000100000100010010011000100011
00000100100000010010010000100011
00000101000000010000010000010011
11111100101001000010011000100011
11111100101101000010010000100011
11111100110001000010001000100011
11111100110101000010000000100011
11111010111001000010111000100011
11111010111101000010110000100011
11111100110001000010011110000011
00000001100001111000011110010011
11111110111101000010011000100011
11111100110001000010011100000011
00000000000000000001011110110111
00000000000001111000011110010011
11000010110001111000011110010011
00000000111101110000011110110011
11111110111101000010010000100011
11111110110001000010010100000011
00000000000000000000000000010011
11111100100001000010010100000011
00000000000000000000000000010011
00000000101000000000011110110011
00000000000101111000011110010011
11111110111101000010001000100011
11111110110001000010011110000011
00000000100001111010011100000011
11111110010001000010011110000011
00000000001101111000011110010011
00000000111101110000011100110011
11111110110001000010011110000011
00000000110001111010011110000011
00000010111001111111001001100011
11111100110001000010011110000011
00000001010001111010011100000011
00010000000000010000011110110111
00111001010001111000010110010011
00000000111000000000010100110011
00000000000000000000000000010011
11111111111100000000011110010011
00100111100000000000000001101111
00000000001100000000010110010011
11111110110001000010010100000011
00000000000000000000000000010011
11111110010001000010010110000011
11111110110001000010010100000011
00000000000000000000000000010011
11111110010001000010011000000011
11111100100001000010010110000011
11111110110001000010010100000011
00000000000000000000000000010011
11111100010001000010011110000011
00001000000001111000000001100011
11111100010001000010010100000011
00000000000000000000000000010011
00000000101000000000011110110011
00000000000101111000011110010011
11111110111101000010000000100011
11111110110001000010011110000011
00000000100001111010011100000011
11111110000001000010011110000011
00000000001101111000011110010011
00000000111101110000011100110011
11111110110001000010011110000011
00000000110001111010011110000011
00000010111001111111001001100011
11111100110001000010011110000011
00000001010001111010011100000011
00010000000000010000011110110111
00111001010001111000010110010011
00000000111000000000010100110011
00000000000000000000000000010011
11111111111100000000011110010011
00011111010000000000000001101111
00000000010000000000010110010011
11111110110001000010010100000011
00000000000000000000000000010011
11111110000001000010010110000011
11111110110001000010010100000011
00000000000000000000000000010011
11111110000001000010011000000011
11111100010001000010010110000011
11111110110001000010010100000011
00000000000000000000000000010011
11111100000001000010011110000011
00000110000001111000000001100011
11111110110001000010011110000011
00000000100001111010011110000011
00000000011001111000011100010011
11111110110001000010011110000011
00000000110001111010011110000011
00000010111001111111001001100011
11111100110001000010011110000011
00000001010001111010011100000011
00010000000000010000011110110111
00111001010001111000010110010011
00000000111000000000010100110011
00000000000000000000000000010011
11111111111100000000011110010011
00011000110000000000000001101111
00000001010100000000010110010011
11111110110001000010010100000011
00000000000000000000000000010011
00000000010000000000010110010011
11111110110001000010010100000011
00000000000000000000000000010011
11111100000001000010010110000011
11111110110001000010010100000011
00000000000000000000000000010011
00000000000000000001011100110111
00000000000001110000011100010011
10011100010001110000011100010011
00000000000000000000011110010011
00000000010000000000011010010011
11111110100001000010011000000011
11111110110001000010010110000011
11111100110001000010010100000011
00000000000000000000000000010011
00000000101000000000011110110011
00000010000001111101001001100011
11111100110001000010011110000011
00000001010001111010011100000011
00010000000000010000011110110111
00111100010001111000010110010011
00000000111000000000010100110011
00000000000000000000000000010011
11111111111100000000011110010011
00010001110000000000000001101111
11111101010001000000011100010011
11111101101101000000011110010011
00000000111000000000011000110011
00000000111100000000010110110011
11111110100001000010010100000011
00000000000000000000000000010011
11111100101001000010111000100011
11111101110001000010011110000011
00000010000001111001001001100011
11111100110001000010011110000011
00000001010001111010011100000011
00010000000000010000011110110111
00111111000001111000010110010011
00000000111000000000010100110011
00000000000000000000000000010011
11111111111100000000011110010011
00001101100000000000000001101111
11111101101101000100011110000011
00000000010000000000011100010011
00000000111001111000100001100011
00000000010100000000011100010011
00000100111001111000011001100011
00001011000000000000000001101111
11111011110001000010011110000011
00000010000001111000010001100011
11111110100001000010011110000011
00000000000001111010011100000011
11111011110001000010011110000011
00000000111001111010000000100011
11111110100001000010011110000011
00000000000001111010011100000011
11111101010001000010011110000011
00000000111101110000011110110011
00000000000001111000000000100011
11111011100001000010011110000011
00000000000001111000011001100011
11111011100001000010011110000011
00000000000001111010000000100011
00000000000100000000011110010011
00000111110000000000000001101111
11111110100001000010011110000011
00000000000001111010011100000011
11111101010001000010011110000011
00000000111101110000011110110011
00000000000001111000000000100011
11111100110001000010011110000011
00000001010001111010011100000011
11111110100001000010011110000011
00000000000001111010011110000011
00000000111100000000011000110011
00010000000000010000011110110111
01000010010001111000010110010011
00000000111000000000010100110011
00000000000000000000000000010011
11111011110001000010011110000011
00000000000001111000011001100011
11111011110001000010011110000011
00000000000001111010000000100011
11111011100001000010011110000011
00000000000001111000101001100011
11111110100001000010011110000011
00000000000001111010011100000011
11111011100001000010011110000011
00000000111001111010000000100011
00000000000000000000011110010011
00000001010000000000000001101111
11111110100001000010011110000011
11111101110001000010011100000011
00000000111001111010000000100011
11101110110111111111000001101111
00000000111100000000010100110011
00000100110000010010000010000011
00000100100000010010010000000011
00000101000000010000000100010011
00000000000000001000000001100111
11111110000000010000000100010011
00000000000100010010111000100011
00000000100000010010110000100011
00000010000000010000010000010011
11111110101001000010011000100011
11111110101101000010010000100011
11111110110001000010001000100011
11111110110101000010000000100011
11111110000001000010011110000011
11111110010001000010011100000011
00000000000000000000011010010011
00000000000000000000011000010011
11111110100001000010010110000011
11111110110001000010010100000011
00000000000000000000000000010011
00000000101000000000011110110011
00000000111100000000010100110011
00000001110000010010000010000011
00000001100000010010010000000011
00000010000000010000000100010011
00000000000000001000000001100111
11111101000000010000000100010011
00000010000100010010011000100011
00000010100000010010010000100011
00000011000000010000010000010011
11111110101001000010011000100011
11111110101101000010010000100011
11111110110001000010001000100011
11111110110101000010000000100011
11111100111001000010111000100011
11111101110001000010011110000011
11111110000001000010011100000011
00000000000000000000011010010011
11111110010001000010011000000011
11111110100001000010010110000011
11111110110001000010010100000011
00000000000000000000000000010011
00000000101000000000011110110011
00000000111100000000010100110011
00000010110000010010000010000011
00000010100000010010010000000011
00000011000000010000000100010011
00000000000000001000000001100111
11111101000000010000000100010011
00000010000100010010011000100011
00000010100000010010010000100011
00000011000000010000010000010011
11111110101001000010011000100011
11111110101101000010010000100011
11111110110001000010001000100011
11111110110101000010000000100011
11111100111001000010111000100011
11111100111101000010110000100011
11111101100001000010011110000011
11111101110001000010011100000011
11111110000001000010011010000011
11111110010001000010011000000011
11111110100001000010010110000011
11111110110001000010010100000011
00000000000000000000000000010011
00000000101000000000011110110011
00000000111100000000010100110011
00000010110000010010000010000011
00000010100000010010010000000011
00000011000000010000000100010011
00000000000000001000000001100111
10111011000000010000000100010011
01000100000100010010011000100011
01000100100000010010010000100011
01000101000000010000010000010011
10111010101001000010111000100011
10111010101101000010110000100011
10111011110001000010011110000011
00000001100001111000011110010011
11111110111101000010001000100011
10111011110001000010011100000011
00000000000000000001011110110111
00000000000001111000011110010011
11000010110001111000011110010011
00000000111101110000011110110011
11111110111101000010000000100011
11111110000001000000011110100011
11111110000001000010010000100011
11111101000001000000011110010011
00000000000000000000011010010011
00000000111100000000011000110011
00010000000000010000011110110111
01000100010001111000010110010011
10111011110001000010010100000011
00000000000000000000000000010011
11111100101001000010111000100011
11111101110001000010011110000011
00000010111100000101001001100011
11111101000001000010011100000011
00010000000000010000011110110111
01000101010001111000010110010011
00000000111000000000010100110011
00000000000000000000000000010011
00000000101000000000011110110011
00000000000101111011011110010011
11111110111101000000011110100011
10111100100001000000011110010011
10111011100001000010011010000011
01000000000000000000011000010011
00000000000100000000010110010011
00000000111100000000010100110011
00000000000000000000000000010011
11111100101001000010110000100011
11111101100001000010011110000011
00000000000001111001100001100011
11111110100001000010011110000011
00001000000001111000111001100011
00001011100000000000000001101111
11111110010001000010010100000011
00000000000000000000000000010011
11111110100001000010010110000011
11111110010001000010010100000011
00000000000000000000000000010011
10111100100001000000011110010011
11111101100001000010011000000011
00000000111100000000010110110011
11111110010001000010010100000011
00000000000000000000000000010011
00000000000000000000011100010011
00000000000000000000011110010011
00000000011000000000011010010011
00000000000000000000011000010011
11111110010001000010010110000011
10111011110001000010010100000011
00000000000000000000000000010011
00000000101000000000011110110011
00000010000001111101001001100011
10111011110001000010011110000011
00000001010001111010011100000011
00010000000000010000011110110111
01000110010001111000010110010011
00000000111000000000010100110011
00000000000000000000000000010011
11111111111100000000011110010011
00010011110000000000000001101111
11111110100001000010011100000011
11111101100001000010011110000011
00000000111101110000011110110011
11111110111101000010010000100011
11111110111101000100011110000011
11110100000001111000100011100011
00000001100100000000010100010011
00000000000000000000010110010011
00000000000000000000000000010011
11110100000111111111000001101111
10111011110001000010011110000011
00000001010001111010011100000011
00010000000000010000011110110111
01001001010001111000010110010011
00000000111000000000010100110011
00000000000000000000000000010011
00000000000000000000011110010011
00001111010000000000000001101111
11111110010001000010010100000011
00000000000000000000000000010011
11111111111100000000010110010011
11111110010001000010010100000011
00000000000000000000000000010011
00000000000000000111011100110111
00000000000001110000011100010011
01010011000001110000011100010011
00000000000000000000011110010011
00000000011000000000011010010011
11111110000001000010011000000011
11111110010001000010010110000011
10111011110001000010010100000011
00000000000000000000000000010011
00000000101000000000011110110011
00000010000001111101001001100011
10111011110001000010011110000011
00000001010001111010011100000011
00010000000000010000011110110111
01000110010001111000010110010011
00000000111000000000010100110011
00000000000000000000000000010011
11111111111100000000011110010011
00001001010000000000000001101111
11111100100001000000011100010011
11111100111101000000011110010011
00000000111000000000011000110011
00000000111100000000010110110011
11111110000001000010010100000011
00000000000000000000000000010011
11111100101001000010101000100011
11111101010001000010011110000011
00000000000001111001011001100011
00000000000100000000011110010011
00000110100000000000000001101111
11111100111101000100011110000011
00000000111100000000011100110011
00000000010100000000011110010011
00000100111101110001001001100011
11111110000001000010011110000011
00000000000001111010011100000011
11111100100001000010011110000011
00000000111101110000011110110011
00000000000001111000000000100011
10111011110001000010011110000011
00000001010001111010011100000011
11111110000001000010011110000011
00000000000001111010011110000011
00000000111100000000011000110011
00010000000000010000011110110111
01001100010001111000010110010011
00000000111000000000010100110011
00000000000000000000000000010011
00000000000000000000011110010011
00000001100000000000000001101111
00000000000000000000000000010011
11111110000001000010011110000011
11111101010001000010011100000011
00000000111001111010000000100011
11110111010111111111000001101111
00000000111100000000010100110011
01000100110000010010000010000011
01000100100000010010010000000011
01000101000000010000000100010011
00000000000000001000000001100111
