11111110000000010000000100010011
00000000000100010010111000100011
00000000100000010010110000100011
00000010000000010000010000010011
00001111000000000000010110010011
00000000000100000000010100010011
00000000000000000000000000010011
00000000101000000000011110110011
11111110111101000010011000100011
11111110110001000010011110000011
00000000000001111001011001100011
00000000000000000000011110010011
00001000000000000000000001101111
11111110110001000010011110000011
00000000110001111000011110010011
00000000111100000000010100110011
00000000000000000000000000010011
11111110110001000010011110000011
00000010110001111000011110010011
00000000111100000000010100110011
00000000000000000000000000010011
11111110110001000010011110000011
00000100110001111000011110010011
00000000111100000000010100110011
00000000000000000000000000010011
11111110110001000010011110000011
00000111000001111000011110010011
00000000111100000000010100110011
00000000000000000000000000010011
11111110110001000010011100000011
11111110110001000010011000000011
00000000010000000001011110110111
11010101110001111000010110010011
00000000111000000000010100110011
00000000000000000000000000010011
00000000101000000000011110110011
00000000000101111100011110010011
00001111111101111111011110010011
00000000000001111000101001100011
11111110110001000010010100000011
00000000000000000000000000010011
00000000000000000000011110010011
00000000100000000000000001101111
11111110110001000010011110000011
00000000111100000000010100110011
00000001110000010010000010000011
00000001100000010010010000000011
00000010000000010000000100010011
00000000000000001000000001100111
11111110000000010000000100010011
00000000000100010010111000100011
00000000100000010010110000100011
00000010000000010000010000010011
11111110101001000010011000100011
11111110110001000010011110000011
00001110000001111000011001100011
11111110110001000010011110000011
00000000000100000000011100010011
00000000111001111000001010100011
11111110110001000010011110000011
00000111000001111000011110010011
00000000111100000000010100110011
00000000000000000000000000010011
11111110110001000010011110000011
00000000000001111010011110000011
00000000111100000000010100110011
00000000000000000000000000010011
11111110110001000010011110000011
00000000100001111010011110000011
00000000000001111000101001100011
11111110110001000010011110000011
00000000100001111010011110000011
00000000111100000000010100110011
00000000000000000000000000010011
11111110110001000010011110000011
00001110000001111010011110000011
00000000000001111000101001100011
11111110110001000010011110000011
00001110000001111010011110000011
00000000111100000000010100110011
00000000000000000000000000010011
11111110110001000010011110000011
00001110010001111010011110000011
00000000000001111000101001100011
11111110110001000010011110000011
00001110010001111010011110000011
00000000111100000000010100110011
00000000000000000000000000010011
11111110110001000010011110000011
00001110100001111010011110000011
00000000000001111000101001100011
11111110110001000010011110000011
00001110100001111010011110000011
00000000111100000000010100110011
00000000000000000000000000010011
11111110110001000010011110000011
00000111000001111000011110010011
00000000111100000000010100110011
00000000000000000000000000010011
11111110110001000010011110000011
00000000110001111000011110010011
00000000111100000000010100110011
00000000000000000000000000010011
11111110110001000010011110000011
00000010110001111000011110010011
00000000111100000000010100110011
00000000000000000000000000010011
11111110110001000010011110000011
00000100110001111000011110010011
00000000111100000000010100110011
00000000000000000000000000010011
11111110110001000010010100000011
00000000000000000000000000010011
00000000100000000000000001101111
00000000000000000000000000010011
00000001110000010010000010000011
00000001100000010010010000000011
00000010000000010000000100010011
00000000000000001000000001100111
11111110000000010000000100010011
00000000000100010010111000100011
00000000100000010010110000100011
00000010000000010000010000010011
11111110101001000010011000100011
11111110110001000010011110000011
00001110010001111010011110000011
00000000000001111000111001100011
11111110110001000010011110000011
00001110010001111010011110000011
00000000111100000000010100110011
00000000000000000000000000010011
11111110110001000010011110000011
00001110000001111010001000100011
11111110110001000010011110000011
00001110100001111010011110000011
00000000000001111000111001100011
11111110110001000010011110000011
00001110100001111010011110000011
00000000111100000000010100110011
00000000000000000000000000010011
11111110110001000010011110000011
00001110000001111010010000100011
00000000000000000000000000010011
00000001110000010010000010000011
00000001100000010010010000000011
00000010000000010000000100010011
00000000000000001000000001100111
11111110000000010000000100010011
00000000000100010010111000100011
00000000100000010010110000100011
00000010000000010000010000010011
11111110101001000010011000100011
11111110101101000010000000100011
11111110110001000010001000100011
11111110110001000010011110000011
00000110000001111000001001100011
11111110000001000010011110000011
11111110010001000010011100000011
00000000111001111110011110110011
00000000000001111000101001100011
11111110000001000010010110000011
11111110010001000010011000000011
11111110110001000010010100000011
00000000000000000000000000010011
11111110110001000010011110000011
00000100110001111000011110010011
00000000111100000000010100110011
00000000000000000000000000010011
11111110110001000010010100000011
00000000000000000000000000010011
11111110110001000010011110000011
00000000000000000000011010010011
00000000000000000000011100010011
00001100110101111010110000100011
00001100111001111010111000100011
11111110110001000010011110000011
00000100110001111000011110010011
00000000111100000000010100110011
00000000000000000000000000010011
00000000100000000000000001101111
00000000000000000000000000010011
00000001110000010010000010000011
00000001100000010010010000000011
00000010000000010000000100010011
00000000000000001000000001100111
11111110000000010000000100010011
00000000000100010010111000100011
00000000100000010010110000100011
00000010000000010000010000010011
11111110101001000010011000100011
11111110101101000010010000100011
11111110110001000010011110000011
00001110000001111000101001100011
11111110110001000010011110000011
00000100110001111000011110010011
00000000111100000000010100110011
00000000000000000000000000010011
11111110100001000010011110000011
00000010000001111001001001100011
11111110110001000010011110000011
00001110000001111010011110000011
00000000000001111001110001100011
11111110110001000010011110000011
00000100110001111000011110010011
00000000111100000000010100110011
00000000000000000000000000010011
00001100000000000000000001101111
11111110100001000010011110000011
00000100000001111000000001100011
11111110110001000010011110000011
00001110000001111010011110000011
00000010000001111000101001100011
11111110110001000010011110000011
00001110000001111010011110000011
00000000111100000000010110110011
11111110100001000010010100000011
00000000000000000000000000010011
00000000101000000000011110110011
00000000000001111001110001100011
11111110110001000010011110000011
00000100110001111000011110010011
00000000111100000000010100110011
00000000000000000000000000010011
00000111110000000000000001101111
11111110110001000010010100000011
00000000000000000000000000010011
11111110110001000010011110000011
00000000000000000000011010010011
00000000000000000000011100010011
00001100110101111010110000100011
00001100111001111010111000100011
11111110110001000010011110000011
00001110000001111010011110000011
00000000000001111000111001100011
11111110110001000010011110000011
00001110000001111010011110000011
00000000111100000000010100110011
00000000000000000000000000010011
11111110110001000010011110000011
00001110000001111010000000100011
11111110100001000010011110000011
00000000000001111000111001100011
11111110100001000010010100000011
00000000000000000000000000010011
00000000101000000000011110110011
00000000111100000000011100110011
11111110110001000010011110000011
00001110111001111010000000100011
11111110110001000010011110000011
00000100110001111000011110010011
00000000111100000000010100110011
00000000000000000000000000010011
00000000100000000000000001101111
00000000000000000000000000010011
00000001110000010010000010000011
00000001100000010010010000000011
00000010000000010000000100010011
00000000000000001000000001100111
11111110000000010000000100010011
00000000000100010010111000100011
00000000100000010010110000100011
00000010000000010000010000010011
11111110101001000010011000100011
11111110101101000010010000100011
11111110110001000010011110000011
00000110000001111000011001100011
11111110110001000010011110000011
00000000110001111000011110010011
00000000111100000000010100110011
00000000000000000000000000010011
11111110110001000010011110000011
00000000100001111010011110000011
00000000000001111000111001100011
11111110110001000010011110000011
00000000100001111010011110000011
00000000111100000000010100110011
00000000000000000000000000010011
11111110110001000010011110000011
00000000000001111010010000100011
11111110100001000010011110000011
00000000000001111000111001100011
11111110100001000010010100000011
00000000000000000000000000010011
00000000101000000000011110110011
00000000111100000000011100110011
11111110110001000010011110000011
00000000111001111010010000100011
11111110110001000010011110000011
00000000110001111000011110010011
00000000111100000000010100110011
00000000000000000000000000010011
00000000100000000000000001101111
00000000000000000000000000010011
00000001110000010010000010000011
00000001100000010010010000000011
00000010000000010000000100010011
00000000000000001000000001100111
11111110000000010000000100010011
00000000000100010010111000100011
00000000100000010010110000100011
00000010000000010000010000010011
11111110101001000010011000100011
11111110110001000010011110000011
00000010000001111000101001100011
11111110110001000010011110000011
00000000010001111100011110000011
00001111111101111111011110010011
00000010000001111001011001100011
11111110110001000010011110000011
00000000000100000000011100010011
00000000111001111000001000100011
11111110110001000010011110000011
00000111000001111000011110010011
00000000111100000000010100110011
00000000000000000000000000010011
00000001000000000000000001101111
00000000000000000000000000010011
00000000100000000000000001101111
00000000000000000000000000010011
00000001110000010010000010000011
00000001100000010010010000000011
00000010000000010000000100010011
00000000000000001000000001100111
11111110000000010000000100010011
00000000100000010010111000100011
00000010000000010000010000010011
11111110101001000010011000100011
11111110110001000010011110000011
00000000000001111000100001100011
11111110110001000010011110000011
00000000000001111000001000100011
00000000100000000000000001101111
00000000000000000000000000010011
00000001110000010010010000000011
00000010000000010000000100010011
00000000000000001000000001100111
11111110000000010000000100010011
00000000100000010010111000100011
00000010000000010000010000010011
11111110101001000010011000100011
11111110110001000010011110000011
00000000000001111001011001100011
00000000000000000000011110010011
00000001000000000000000001101111
11111110110001000010011110000011
00000000010001111100011110000011
00001111111101111111011110010011
00000000111100000000010100110011
00000001110000010010010000000011
00000010000000010000000100010011
00000000000000001000000001100111
11111101000000010000000100010011
00000010000100010010011000100011
00000010100000010010010000100011
00000011000000010000010000010011
11111100101001000010111000100011
11111100101101000010100000100011
11111100110001000010101000100011
11111101110001000010011110000011
00001010000001111000010001100011
00000000000000000000000000010011
11111101000001000010011000000011
11111101010001000010011010000011
00000000101001100000011100110011
00000000111000000000100000110011
00000000110010000011100000110011
00000000101101101000011110110011
00000000111110000000011010110011
00000000110100000000011110110011
11111100111001000010100000100011
11111100111101000010101000100011
00000100010000000000000001101111
11111101110001000010011110000011
00000010110001111000011110010011
00000000111100000000010100110011
00000000000000000000000000010011
11111101110001000010011110000011
00001100100001111010011110000011
11111110111101000010011000100011
11111101110001000010011110000011
00000010110001111000011110010011
00000000111100000000010100110011
00000000000000000000000000010011
11111110110001000010011110000011
00000100000001111000011001100011
00000001000000000000010100010011
00000000000000000000010110010011
00000000000000000000000000010011
00000000000000000000000000010011
00000000101000000000011100110011
00000000101100000000011110110011
11111101010001000010011010000011
00000000111100000000011000110011
11111010110101100110011011100011
11111101010001000010011010000011
00000000111100000000011000110011
00000010110001101001000001100011
11111101000001000010011010000011
00000000111000000000011110110011
11111000110101111110101011100011
00000001000000000000000001101111
00000000000000000000000000010011
00000000100000000000000001101111
00000000000000000000000000010011
00000010110000010010000010000011
00000010100000010010010000000011
00000011000000010000000100010011
00000000000000001000000001100111
11111011000000010000000100010011
00000010000100010010011000100011
00000010100000010010010000100011
00000011000000010000010000010011
11111100101001000010111000100011
11111100101101000010110000100011
00000000110001000010010000100011
00000000110101000010011000100011
00000000111001000010100000100011
00000000111101000010101000100011
00000001000001000010110000100011
00000001000101000010111000100011
00000010000001000000011110010011
11111100111101000010101000100011
11111101010001000010011110000011
11111110100001111000011110010011
11111110111101000010011000100011
11111110110001000010011110000011
00000000111100000000011000110011
11111101100001000010010110000011
11111101110001000010010100000011
00000000000000000000000000010011
00000000000000000000000000010011
00000010110000010010000010000011
00000010100000010010010000000011
00000101000000010000000100010011
00000000000000001000000001100111
11111100000000010000000100010011
00000010000100010010111000100011
00000010100000010010110000100011
00000010100100010010101000100011
00000100000000010000010000010011
11111100101001000010011000100011
11111100101101000010010000100011
11111100110001000010001000100011
11111100110001000010011110000011
00100100000001111000000001100011
00000000000000000001011110110111
00000000000001111000011110010011
10000000010001111000010100010011
00000000000000000000000000010011
00000000101000000000011110110011
11111110111101000010010000100011
11111110100001000010011110000011
00100010000001111000010001100011
11111110100001000010011110000011
00000000000001111010000000100011
11111110100001000010011110000011
00000000010001111000011110010011
11111110111101000010011000100011
11111110100001000010011110000011
00000000010001111000011110010011
01111111111001111000011110010011
11111110111101000010001000100011
11111110010001000010011110000011
00000000000001111000000000100011
00000000000000000000010100010011
00000000000000000000000000010011
00000000101000000000011110110011
11111100111101000010111000100011
11111110010001000010011100000011
11111110110001000010011110000011
01000000111101110000011110110011
00000000111100000000010010110011
11111101110001000000011110010011
00000000111100000000010100110011
00000000000000000000000000010011
00000000101000000000011110110011
00000000111100000000011010110011
00010000000000010000011110110111
00000000000001111000011000010011
00000000100100000000010110110011
11111110110001000010010100000011
00000000000000000000000000010011
00000000101000000000011100110011
11111110110001000010011110000011
00000000111001111000011110110011
11111110111101000010011000100011
11111110110001000010011100000011
11111110010001000010011110000011
00000000111001111111011001100011
11111110010001000010011110000011
11111110111101000010011000100011
11111100110001000010011110000011
00000000110001111000011110010011
00000000111100000000010100110011
00000000000000000000000000010011
11111100110001000010011110000011
00000000100001111010011110000011
00000100000001111000000001100011
11111100110001000010011110000011
00000000100001111010011110000011
00000000111100000000011010110011
00010000000000010000011110110111
00000001010001111000011000010011
11111110010001000010010110000011
11111110110001000010010100000011
00000000000000000000000000010011
11111110110001000010010100000011
00000000000000000000000000010011
00000000101000000000011110110011
00000000111100000000011100110011
11111110110001000010011110000011
00000000111001111000011110110011
11111110111101000010011000100011
11111100110001000010011110000011
00000000110001111000011110010011
00000000111100000000010100110011
00000000000000000000000000010011
11111100010001000010011010000011
11111100100001000010011000000011
11111110010001000010010110000011
11111110110001000010010100000011
00000000000000000000000000010011
11111110110001000010010100000011
00000000000000000000000000010011
00000000101000000000011110110011
00000000111100000000011100110011
11111110110001000010011110000011
00000000111001111000011110110011
11111110111101000010011000100011
11111110110001000010011110000011
11111111111101111000011110010011
00000000000001111100011100000011
00000000101000000000011110010011
00000000111101110000110001100011
00010000000000010000011110110111
00000001100001111000011000010011
11111110010001000010010110000011
11111110110001000010010100000011
00000000000000000000000000010011
11111100110001000010011110000011
00000010110001111000011110010011
00000000111100000000010100110011
00000000000000000000000000010011
11111100110001000010011110000011
00001100110001111010011110000011
00000000000001111000110001100011
11111100110001000010011110000011
00001100110001111010011110000011
11111110100001000010011100000011
00000000111001111010000000100011
00000001000000000000000001101111
11111100110001000010011110000011
11111110100001000010011100000011
00001100111001111010010000100011
11111100110001000010011110000011
11111110100001000010011100000011
00001100111001111010011000100011
11111100110001000010011110000011
00001101000001111010011110000011
00000000000101111000011100010011
11111100110001000010011110000011
00001100111001111010100000100011
11111100110001000010011110000011
00000000010001111100011110000011
00001111111101111111011110010011
00000000000001111001101001100011
11111100110001000010011110000011
00001101000001111010011100000011
01000110010000000000011110010011
00000000111001111111011001100011
00000000000100000000011110010011
00000000100000000000000001101111
00000000000000000000011110010011
11111110111101000000000110100011
11111110001101000100011110000011
00000000000101111111011110010011
11111110111101000000000110100011
11111100110001000010011110000011
00000010110001111000011110010011
00000000111100000000010100110011
00000000000000000000000000010011
11111110001101000100011110000011
00000010000001111000001001100011
11111100110001000010011110000011
00000111000001111000011110010011
00000000111100000000010100110011
00000000000000000000000000010011
00000001000000000000000001101111
00000000000000000000000000010011
00000000100000000000000001101111
00000000000000000000000000010011
00000011110000010010000010000011
00000011100000010010010000000011
00000011010000010010010010000011
00000100000000010000000100010011
00000000000000001000000001100111
11111101000000010000000100010011
00000010000100010010011000100011
00000010100000010010010000100011
00000011000000010000010000010011
11111100101001000010111000100011
11111100101101000010110000100011
11111101110001000010011110000011
00001110010001111010011110000011
00001100000001111001001001100011
00000000000000000000000000010011
11111110101001000010010000100011
11111110101101000010011000100011
11111101110001000010011110000011
00001101100001111010011100000011
00001101110001111010011110000011
11111110110001000010011010000011
00000000111100000000011000110011
00000000110001101110111001100011
11111110110001000010011010000011
00000000111100000000011000110011
00000000110001101001110001100011
11111110100001000010011010000011
00000000111000000000011110110011
00000000111101101111011001100011
00000000000000000000011110010011
00001011000000000000000001101111
11111110100001000010011100000011
11111110110001000010011110000011
00000000000000000111010100110111
00000000000001010000010100010011
01010011000001010000010100010011
00000000000000000000010110010011
00000000101001110000011000110011
00000000110000000000100000110011
00000000111010000011100000110011
00000000101101111000011010110011
00000000110110000000011110110011
00000000111100000000011010110011
00000000110000000000011100110011
00000000110100000000011110110011
11111101110001000010011010000011
00001100111001101010110000100011
00001100111101101010111000100011
11111101110001000010011110000011
00001110000001111010011100000011
00010000000000010000011110110111
00000001110001111000010110010011
00000000111000000000010100110011
00000000000000000000000000010011
00000000101000000000011100110011
11111101110001000010011110000011
00001110111001111010001000100011
11111101110001000010011110000011
00001110010001111010011110000011
00000000000001111001011001100011
00000000000000000000011110010011
00000011010000000000000001101111
11111101110001000010011110000011
00001110010001111010011100000011
11111101100001000010011110000011
00000000010001111000011110010011
00000000111000000000010110110011
00000000111100000000010100110011
00000000000000000000000000010011
11111101110001000010011110000011
00001110010001111010011110000011
00000000111100000000010100110011
00000000000000000000000000010011
00000000000100000000011110010011
00000000111100000000010100110011
00000010110000010010000010000011
00000010100000010010010000000011
00000011000000010000000100010011
00000000000000001000000001100111
11111101000000010000000100010011
00000010000100010010011000100011
00000010100000010010010000100011
00000011000000010000010000010011
11111100101001000010111000100011
11111100101101000010110000100011
11111101110001000010011110000011
00001110100001111010011110000011
00010010000001111001100001100011
00000000000000000000000000010011
11111110101001000010010000100011
11111110101101000010011000100011
11111101110001000010011110000011
00001101100001111010011100000011
00001101110001111010011110000011
11111110110001000010011010000011
00000000111100000000011000110011
00000000110001101110111001100011
11111110110001000010011010000011
00000000111100000000011000110011
00000000110001101001110001100011
11111110100001000010011010000011
00000000111000000000011110110011
00000000111101101111011001100011
00000000000000000000011110010011
00010101000000000000000001101111
11111110100001000010011100000011
11111110110001000010011110000011
00000000000000000111010100110111
00000000000001010000010100010011
01010011000001010000010100010011
00000000000000000000010110010011
00000000101001110000011000110011
00000000110000000000100000110011
00000000111010000011100000110011
00000000101101111000011010110011
00000000110110000000011110110011
00000000111100000000011010110011
00000000110000000000011100110011
00000000110100000000011110110011
11111101110001000010011010000011
00001100111001101010110000100011
00001100111101101010111000100011
00000000000000000000000000010011
00000000101000000000011100110011
11111101110001000010011110000011
00001110111001111010010000100011
11111101110001000010011110000011
00001110100001111010011110000011
00000000000001111001011001100011
00000000000000000000011110010011
00001110100000000000000001101111
11111101110001000010011110000011
00001110100001111010011100000011
00010000000000010000011110110111
00000010000001111000010110010011
00000000111000000000010100110011
00000000000000000000000000010011
11111110101001000010001000100011
11111110010001000010011110000011
00000000000001111001101001100011
11111101110001000010010100000011
00000000000000000000000000010011
00000000000000000000011110010011
00001011010000000000000001101111
11111101110001000010011110000011
00001110100001111010010100000011
00000000000000000010011010110111
00000000000001101000011010010011
01110001000001101000011010010011
00000000000000000000011100010011
00000000000000000010011110110111
00000000000001111000011110010011
11110100001001111000011000010011
11111110010001000010010110000011
00000000000000000000000000010011
00000000101000000000011110110011
00000000000101111100011110010011
00001111111101111111011110010011
00000000000001111000101001100011
11111101110001000010010100000011
00000000000000000000000000010011
00000000000000000000011110010011
00000110100000000000000001101111
11111101100001000010011110000011
00000000010001111000011110010011
00000000111100000000010100110011
00000000000000000000000000010011
11111110101001000010000000100011
11111101110001000010011110000011
00001110100001111010010100000011
11111101100001000010011110000011
00000000010001111000011110010011
00000000000000000010011010110111
00000000000001101000011010010011
01110001000001101000011010010011
00000000000000000000011100010011
11111110000001000010011000000011
00000000111100000000010110110011
00000000000000000000000000010011
00000000101000000000011110110011
00000000000101111100011110010011
00001111111101111111011110010011
00000000000001111000101001100011
11111101110001000010010100000011
00000000000000000000000000010011
00000000000000000000011110010011
00000000100000000000000001101111
00000000000100000000011110010011
00000000111100000000010100110011
00000010110000010010000010000011
00000010100000010010010000000011
00000011000000010000000100010011
00000000000000001000000001100111
11111101000000010000000100010011
00000010000100010010011000100011
00000010100000010010010000100011
00000011000000010000010000010011
11111100101001000010111000100011
11111100101101000010110000100011
11111101110001000010011110000011
00000100110001111000011110010011
00000000111100000000010100110011
00000000000000000000000000010011
11111101110001000010011110000011
00001110000001111010011110000011
00000000000001111000111001100011
11111101100001000010010110000011
11111101110001000010010100000011
00000000000000000000000000010011
00000000101000000000011110110011
11111110111101000000011110100011
00000001100000000000000001101111
11111101100001000010010110000011
11111101110001000010010100000011
00000000000000000000000000010011
00000000101000000000011110110011
11111110111101000000011110100011
11111101110001000010011110000011
00000100110001111000011110010011
00000000111100000000010100110011
00000000000000000000000000010011
11111110111101000100011110000011
00000000111100000000010100110011
00000010110000010010000010000011
00000010100000010010010000000011
00000011000000010000000100010011
00000000000000001000000001100111
11111101000000010000000100010011
00000010000100010010011000100011
00000010100000010010010000100011
00000011000000010000010000010011
11111100101001000010111000100011
11111101110001000010011110000011
00000010110001111000011110010011
00000000111100000000010100110011
00000000000000000000000000010011
11111101110001000010011110000011
00001100100001111010011110000011
11111110111101000010011000100011
11111110110001000010011110000011
00000000000001111010011100000011
11111101110001000010011110000011
00001100111001111010010000100011
11111101110001000010011110000011
00001100100001111010011110000011
00000000000001111001011001100011
11111101110001000010011110000011
00001100000001111010011000100011
11111101110001000010011110000011
00001101000001111010011110000011
11111111111101111000011100010011
11111101110001000010011110000011
00001100111001111010100000100011
11111101110001000010011110000011
00000010110001111000011110010011
00000000111100000000010100110011
00000000000000000000000000010011
11111110110001000010010100000011
00000000000000000000000000010011
00000000000000000000000000010011
00000010110000010010000010000011
00000010100000010010010000000011
00000011000000010000000100010011
00000000000000001000000001100111
11111101000000010000000100010011
00000010000100010010011000100011
00000010100000010010010000100011
00000011000000010000010000010011
11111100101001000010111000100011
11111101110001000010011110000011
11111110111101000010011000100011
00001101000000000000000001101111
11111110110001000010011110000011
00000010110001111000011110010011
00000000111100000000010100110011
00000000000000000000000000010011
11111110110001000010011110000011
00001100100001111010011110000011
11111110111101000010010000100011
11111110110001000010011110000011
00001101000001111010011110000011
11111110111101000010001000100011
11111110110001000010011110000011
00000010110001111000011110010011
00000000111100000000010100110011
00000000000000000000000000010011
11111110100001000010011110000011
00000000000001111001110001100011
11111110110001000010011110000011
00000111000001111000011110010011
00000000111100000000010100110011
00000000000000000000000000010011
00000111110000000000000001101111
11111110010001000010011100000011
01000000000000000000011110010011
00000000111001111111100001100011
11111110110001000010010100000011
00000000000000000000000000010011
00000110010000000000000001101111
11111110110001000010011110000011
00000000010001111100011110000011
00001111111101111111011110010011
00000000000101111100011110010011
00001111111101111111011110010011
00000000000001111000110001100011
11111110110001000010011110000011
00000111000001111000011110010011
00000000111100000000010100110011
00000000000000000000000000010011
00000011100000000000000001101111
11111110100001000010010110000011
11111110110001000010010100000011
00000000000000000000000000010011
00000000101000000000011110110011
00000000000101111100011110010011
00001111111101111111011110010011
00000000000001111000101001100011
00111110100000000000010100010011
00000000000000000000010110010011
00000000000000000000000000010011
00000000110000000000000001101111
11111110110001000010010100000011
00000000000000000000000000010011
11111110110001000010011110000011
00000000010101111100011110000011
00001111111101111111011110010011
00000000000101111100011110010011
00001111111101111111011110010011
11110010000001111001000011100011
00000000000000000000000000010011
00000000000000000000000000010011
00000010110000010010000010000011
00000010100000010010010000000011
00000011000000010000000100010011
00000000000000001000000001100111
