11111101000000010000000100010011
00000010000100010010011000100011
00000010100000010010010000100011
00000011000000010000010000010011
11111100101001000010111000100011
00000000110000000000010110010011
00000000000100000000010100010011
00000000000000000000000000010011
00000000101000000000011110110011
11111110111101000010011000100011
11111110110001000010011110000011
00000000000001111001111001100011
00010000000000010000011110110111
00000000000001111000010110010011
11111101110001000010010100000011
00000000000000000000000000010011
00000000000000000000011110010011
00000001010000000000000001101111
11111110110001000010011110000011
11111101110001000010011100000011
00000000111001111010010000100011
11111110110001000010011110000011
00000000111100000000010100110011
00000010110000010010000010000011
00000010100000010010010000000011
00000011000000010000000100010011
00000000000000001000000001100111
11111101000000010000000100010011
00000010000100010010011000100011
00000010100000010010010000100011
00000011000000010000010000010011
11111100101001000010111000100011
00000000101100000000011110110011
11111100111101000000110110100011
11111101101101000100011110000011
00000100000001111000011001100011
11111110000001000010011000100011
00000011010000000000000001101111
11111101110001000010011110000011
00000000000001111010011100000011
11111110110001000010011110000011
00000000001001111001011110010011
00000000111101110000011110110011
00000000000001111010011110000011
11111110111101000010010000100011
11111110100001000010010100000011
00000000000000000000000000010011
11111110110001000010011110000011
00000000000101111000011110010011
11111110111101000010011000100011
11111101110001000010011110000011
00000000010001111010011110000011
11111110110001000010011100000011
11111100111101110110001011100011
11111101110001000010011110000011
00000000000001111010011110000011
00000000000001111000101001100011
11111101110001000010011110000011
00000000000001111010011110000011
00000000111100000000010100110011
00000000000000000000000000010011
11111101110001000010010100000011
00000000000000000000000000010011
00000000000000000000000000010011
00000010110000010010000010000011
00000010100000010010010000000011
00000011000000010000000100010011
00000000000000001000000001100111
11111110000000010000000100010011
00000000100000010010111000100011
00000010000000010000010000010011
11111110101001000010011000100011
11111110110001000010011110000011
00000000010001111010011110000011
00000000111100000000010100110011
00000001110000010010010000000011
00000010000000010000000100010011
00000000000000001000000001100111
11111101000000010000000100010011
00000010000100010010011000100011
00000010100000010010010000100011
00000011000000010000010000010011
11111100101001000010111000100011
11111100101101000010110000100011
11111110000001000010011000100011
00000011100000000000000001101111
11111101110001000010011110000011
00000000000001111010011100000011
11111110110001000010011110000011
00000000001001111001011110010011
00000000111101110000011110110011
00000000000001111010011110000011
11111110111101000010001000100011
11111110010001000010011100000011
11111101100001000010011110000011
00001010111101110000010001100011
11111110110001000010011110000011
00000000000101111000011110010011
11111110111101000010011000100011
11111101110001000010011110000011
00000000010001111010011110000011
11111110110001000010011100000011
11111100111101110110000011100011
11111101110001000010011110000011
00000000000001111010011100000011
11111101110001000010011110000011
00000000010001111010011110000011
00000000000101111000011110010011
00000000001001111001011110010011
00000000111100000000010110110011
00000000111000000000010100110011
00000000000000000000000000010011
11111110101001000010010000100011
11111110100001000010011110000011
00000010000001111001000001100011
11111101110001000010011110000011
00000000100001111010011100000011
00010000000000010000011110110111
00000100100001111000010110010011
00000000111000000000010100110011
00000000000000000000000000010011
00000100010000000000000001101111
11111101110001000010011110000011
11111110100001000010011100000011
00000000111001111010000000100011
11111101110001000010011110000011
00000000000001111010011100000011
11111101110001000010011110000011
00000000010001111010011110000011
00000000000101111000011000010011
11111101110001000010011010000011
00000000110001101010001000100011
00000000001001111001011110010011
00000000111101110000011110110011
11111101100001000010011100000011
00000000111001111010000000100011
00000000100000000000000001101111
00000000000000000000000000010011
00000010110000010010000010000011
00000010100000010010010000000011
00000011000000010000000100010011
00000000000000001000000001100111
11111101000000010000000100010011
00000010100000010010011000100011
00000011000000010000010000010011
11111100101001000010111000100011
11111100101101000010110000100011
11111110000001000010011000100011
11111101110001000010011110000011
00000000010001111010011110000011
11111110110001000010011100000011
00001100111101110111010001100011
11111101110001000010011110000011
00000000000001111010011100000011
11111110110001000010011110000011
00000000001001111001011110010011
00000000111101110000011110110011
00000000000001111010011110000011
11111110111101000010010000100011
11111110100001000010011100000011
11111101100001000010011110000011
00000000111101110000101001100011
11111110110001000010011110000011
00000000000101111000011110010011
11111110111101000010011000100011
11111011110111111111000001101111
00000000000000000000000000010011
00000100010000000000000001101111
11111101110001000010011110000011
00000000000001111010011100000011
11111110110001000010011110000011
00000000000101111000011110010011
00000000001001111001011110010011
00000000111101110000011100110011
11111101110001000010011110000011
00000000000001111010011010000011
11111110110001000010011110000011
00000000001001111001011110010011
00000000111101101000011110110011
00000000000001110010011100000011
00000000111001111010000000100011
11111110110001000010011110000011
00000000000101111000011110010011
11111110111101000010011000100011
11111110110001000010011110000011
00000000000101111000011100010011
11111101110001000010011110000011
00000000010001111010011110000011
11111010111101110110100011100011
11111101110001000010011110000011
00000000000001111010011100000011
11111110110001000010011110000011
00000000001001111001011110010011
00000000111101110000011110110011
00000000000001111010000000100011
11111101110001000010011110000011
00000000010001111010011110000011
11111111111101111000011100010011
11111101110001000010011110000011
00000000111001111010001000100011
00000000100000000000000001101111
00000000000000000000000000010011
00000010110000010010010000000011
00000011000000010000000100010011
00000000000000001000000001100111
11111101000000010000000100010011
00000010000100010010011000100011
00000010100000010010010000100011
00000011000000010000010000010011
11111100101001000010111000100011
11111100101101000010110000100011
11111100110001000010101000100011
11111110000001000010011000100011
00000110100000000000000001101111
11111101110001000010011110000011
00000000000001111010011100000011
11111110110001000010011110000011
00000000001001111001011110010011
00000000111101110000011110110011
00000000000001111010011110000011
11111110111101000010010000100011
11111110100001000010010100000011
00000000000000000000000000010011
00000000101000000000011100110011
11111101100001000010011110000011
00000010111001111001000001100011
11111110100001000010010100000011
00000000000000000000000000010011
00000000101000000000011100110011
11111101010001000010011110000011
00000000111001111001101001100011
11111110100001000010011110000011
00000011000000000000000001101111
00000000000000000000000000010011
00000000100000000000000001101111
00000000000000000000000000010011
11111110110001000010011110000011
00000000000101111000011110010011
11111110111101000010011000100011
11111101110001000010011110000011
00000000010001111010011110000011
11111110110001000010011100000011
11111000111101110110100011100011
00000000000000000000011110010011
00000000111100000000010100110011
00000010110000010010000010000011
00000010100000010010010000000011
00000011000000010000000100010011
00000000000000001000000001100111
11111000000000010000000100010011
00000110000100010010111000100011
00000110100000010010110000100011
00001000000000010000010000010011
11111000101001000010011000100011
11111000101101000010010000100011
11111000110001000010001000100011
11111001110001000000011110010011
00000000000100000000011100010011
00000000111100000000011010110011
11111000010001000010011000000011
00000000000100000000010110010011
11111000100001000010010100000011
00000000000000000000000000010011
11111110101001000010001000100011
11111110010001000010011100000011
00000000000100000000011110010011
00000000111101110000011001100011
00000000000000000000011110010011
00000111110000000000000001101111
11111110000001000010011000100011
11111110000001000010010000100011
00000101110000000000000001101111
11111010010001000010011100000011
11111001110001000010010110000011
11111000110001000010011110000011
00000000100001111010011110000011
00000000111100000000011010110011
11111110100001000010011000000011
00000000111000000000010100110011
00000000000000000000000000010011
11111110101001000010000000100011
11111110000001000010011110000011
00000010000001111000000001100011
11111110000001000010010110000011
11111000110001000010010100000011
00000000000000000000000000010011
11111110110001000010011110000011
00000000000101111000011110010011
11111110111101000010011000100011
00000000100000000000000001101111
00000000000000000000000000010011
11111110100001000010011110000011
00000000000101111000011110010011
11111110111101000010010000100011
11111010100001000100011110000011
00000000111100000000011100110011
11111110100001000010011110000011
11111000111001111110111011100011
11111110110001000010011110000011
00000000111100000000010100110011
00000111110000010010000010000011
00000111100000010010010000000011
00001000000000010000000100010011
00000000000000001000000001100111
11111000000000010000000100010011
00000110000100010010111000100011
00000110100000010010110000100011
00001000000000010000010000010011
11111000101001000010011000100011
11111000101101000010010000100011
11111100000001000000011110010011
00000000110001111000010110010011
11111100000001000000011110010011
00000000100001111000011100010011
11111100000001000000011110010011
00000000010001111000011010010011
11111100000001000000011000010011
00000000101100000000011110110011
00010000000000010000010110110111
00001001000001011000010110010011
11111000100001000010010100000011
00000000000000000000000000010011
00000000101000000000011100110011
00000000010000000000011110010011
00010110111101110001001001100011
11111100000001000010011110000011
00000001100001111001011100010011
11111100010001000010011110000011
00000001000001111001011110010011
00000000111101110110011100110011
11111100100001000010011110000011
00000000100001111001011110010011
00000000111101110110011100110011
11111100110001000010011110000011
00000000111101110110011110110011
11111100111101000010110000100011
11111001010001000000010100010011
11111100000001000000011110010011
00000000110001111000010110010011
11111100000001000000011110010011
00000000100001111000011100010011
11111100000001000000011110010011
00000000010001111000011010010011
11111100000001000000011000010011
00000000101000000000100000110011
00000000101100000000011110110011
00010000000000010000010110110111
00001001110001011000010110010011
11111000100001000010010100000011
00000000000000000000000000010011
00000000101000000000011100110011
00000000010100000000011110010011
00000100111101110001100001100011
11111001010001000010011110000011
00000001000001111001011100010011
00000001000001110101011100010011
11111000110001000010011110000011
00000000100001111010011110000011
00000000111100000000011000110011
00000000111000000000010110110011
11111101100001000010010100000011
00000000000000000000000000010011
11111100101001000010100000100011
11111101000001000010011110000011
00000000000001111001011001100011
00000000000000000000011110010011
00100010100000000000000001101111
11111101000001000010010110000011
11111000110001000010010100000011
00000000000000000000000000010011
00000000000100000000011110010011
00100001010000000000000001101111
11111001000001000000010100010011
11111100000001000000011110010011
00000000110001111000010110010011
11111100000001000000011110010011
00000000100001111000011100010011
11111100000001000000011110010011
00000000010001111000011010010011
11111100000001000000011000010011
00000000101000000000100000110011
00000000101100000000011110110011
00010000000000010000010110110111
00001010110001011000010110010011
11111000100001000010010100000011
00000000000000000000000000010011
00000000101000000000011100110011
00000000010100000000011110010011
00000100111101110001011001100011
11111001000001000010011100000011
11111000110001000010011110000011
00000000100001111010011110000011
00000000111100000000011010110011
00000000111000000000011000110011
11111101100001000010010110000011
11111111111100000000010100010011
00000000000000000000000000010011
11111100101001000010101000100011
11111101010001000010011110000011
00000000000001111001011001100011
00000000000000000000011110010011
00011001110000000000000001101111
11111101010001000010010110000011
11111000110001000010010100000011
00000000000000000000000000010011
00000000000100000000011110010011
00011000100000000000000001101111
11111111111100000000011000010011
11111101100001000010010110000011
11111000110001000010010100000011
00000000000000000000000000010011
00000000101000000000011110110011
00010111000000000000000001101111
11111011110001000000011110010011
00000001000000000000011000010011
00000000111100000000010110110011
11111000100001000010010100000011
00000000000000000000000000010011
11111110101001000010011000100011
11111000100001000010011110000011
00000000100001111000011100010011
11111011110001000010011110000011
00001000111101110001111001100011
11111110110001000010010100000011
00000000000000000000000000010011
00000000101000000000011110110011
00001000000001111000011001100011
11111011110001000010011110000011
00000000000001111100011100000011
00000010110100000000011110010011
00000110111101110001001001100011
11111011110001000010011110000011
00000000000101111000011110010011
00000000101000000000011000010011
00000000000000000000010110010011
00000000111100000000010100110011
00000000000000000000000000010011
11111110101001000010010000100011
11111000110001000010011110000011
00000000100001111010011110000011
00000000111100000000011010110011
11111110100001000010011000000011
00000000000000000000010110010011
11111110110001000010010100000011
00000000000000000000000000010011
11111110101001000010001000100011
11111110010001000010011110000011
00000000000001111001011001100011
00000000000000000000011110010011
00001101110000000000000001101111
11111110010001000010010110000011
11111000110001000010010100000011
00000000000000000000000000010011
00000000000100000000011110010011
00001100100000000000000001101111
11111110110001000010011000000011
00000000000000000000010110010011
11111000110001000010010100000011
00000000000000000000000000010011
00000000101000000000011110110011
00001011000000000000000001101111
11111001110001000000011110010011
00000010000000000000011000010011
00000000000000000000010110010011
00000000111100000000010100110011
00000000000000000000000000010011
00000000001000000000011110010011
11111010111101000010000000100011
00000000000100000000011110010011
11111010111101000010001000100011
00000000011000000000011110010011
11111010111101000010010000100011
11111001100001000000011100010011
11111001110001000000011110010011
00000000111000000000011010110011
00000000111100000000011000110011
00010000000000010000011110110111
00001011110001111000010110010011
11111000100001000010010100000011
00000000000000000000000000010011
00000000101000000000011110110011
00000000000001111000011001100011
00000000000000000000011110010011
00000101010000000000000001101111
11111001100001000010011110000011
00000001010001111010011110000011
11111110111101000010000000100011
11111110000001000010011110000011
00000000010001111010011110000011
00000000111100000000010100110011
00000000000000000000000000010011
11111100101001000010111000100011
11111001100001000010011110000011
00000000111100000000010100110011
00000000000000000000000000010011
11111101110001000010011110000011
00000000000001111001011001100011
00000000000000000000011110010011
00000001100000000000000001101111
11111111111100000000011000010011
11111101110001000010010110000011
11111000110001000010010100000011
00000000000000000000000000010011
00000000101000000000011110110011
00000000111100000000010100110011
00000111110000010010000010000011
00000111100000010010010000000011
00001000000000010000000100010011
00000000000000001000000001100111
11111011000000010000000100010011
00000100000100010010011000100011
00000100100000010010010000100011
00000101000000010000010000010011
11111010101001000010111000100011
11111010101101000010110000100011
00010000000000010000011110110111
00001100010001111000010110010011
11111011100001000010010100000011
00000000000000000000000000010011
11111110101001000010010000100011
11111110100001000010011110000011
00000000000001111001011001100011
00000000000000000000011110010011
00000101100000000000000001101111
11111110000001000010011000100011
11111100100001000000011110010011
11111110100001000010011000000011
00000010000000000000010110010011
00000000111100000000010100110011
00000000000000000000000000010011
00000000101000000000011110110011
00000000000001111001101001100011
11111110100001000010010100000011
00000000000000000000000000010011
11111110110001000010011110000011
00000010100000000000000001101111
11111100100001000000011110010011
00000000111100000000010110110011
11111011110001000010010100000011
00000000000000000000000000010011
00000000101000000000011100110011
11111110110001000010011110000011
00000000111001111000011110110011
11111110111101000010011000100011
11111011010111111111000001101111
00000000111100000000010100110011
00000100110000010010000010000011
00000100100000010010010000000011
00000101000000010000000100010011
00000000000000001000000001100111
11111010000000010000000100010011
00000100000100010010111000100011
00000100100000010010110000100011
00000110000000010000010000010011
11111010101001000010011000100011
11111010101101000010010000100011
11111010100001000010010100000011
00000000000000000000000000010011
11111110101001000010011000100011
11111100000001000010101000100011
11111101010001000000011110010011
00000000111100000000010110110011
11111010100001000010010100000011
00000000000000000000000000010011
11111110101001000010010000100011
11111110100001000010011110000011
00000010111100000101010001100011
11111010110001000010011110000011
00000000100001111010011100000011
11111110110001000010011000000011
00010000000000010000011110110111
00001100100001111000010110010011
00000000111000000000010100110011
00000000000000000000000000010011
00000000000100000000011110010011
00111110100000000000000001101111
11111110100001000010011110000011
00000010000001111101010001100011
11111010110001000010011110000011
00000000100001111010011100000011
11111110110001000010011000000011
00010000000000010000011110110111
00010000010001111000010110010011
00000000111000000000010100110011
00000000000000000000000000010011
00000000000000000000011110010011
00111011110000000000000001101111
11111101000001000000011110010011
00000000111100000000010110110011
11111010100001000010010100000011
00000000000000000000000000010011
11111110101001000010010000100011
11111110100001000010011110000011
00000010000001111101010001100011
11111010110001000010011110000011
00000000100001111010011100000011
11111110110001000010011000000011
00010000000000010000011110110111
00010000010001111000010110010011
00000000111000000000010100110011
00000000000000000000000000010011
00000000000000000000011110010011
00110111110000000000000001101111
11111110100001000010011110000011
00000010000001111001010001100011
11111010110001000010011110000011
00000000100001111010011100000011
11111110110001000010011000000011
00010000000000010000011110110111
00010100110001111000010110010011
00000000111000000000010100110011
00000000000000000000000000010011
00000000000000000000011110010011
00110101000000000000000001101111
11111101000001000010011100000011
00010000000000010000011110110111
00011001110001111000010110010011
00000000111000000000010100110011
00000000000000000000000000010011
00000000101000000000011110110011
00000010000001111001010001100011
11111010110001000010011110000011
00000000100001111010011100000011
11111110110001000010011000000011
00010000000000010000011110110111
00011010010001111000010110010011
00000000111000000000010100110011
00000000000000000000000000010011
00000000000000000000011110010011
00110001000000000000000001101111
11111101000001000010011100000011
00000000011000000000011000010011
00010000000000010000011110110111
00011110110001111000010110010011
00000000111000000000010100110011
00000000000000000000000000010011
00000000101000000000011110110011
00000100000001111000100001100011
11111101000001000010011100000011
00000000011000000000011000010011
00010000000000010000011110110111
00011111010001111000010110010011
00000000111000000000010100110011
00000000000000000000000000010011
00000000101000000000011110110011
00000010000001111000100001100011
11111010110001000010011110000011
00000000100001111010011100000011
11111101000001000010011110000011
00000000111100000000011010110011
11111110110001000010011000000011
00010000000000010000011110110111
00011111110001111000010110010011
00000000111000000000010100110011
00000000000000000000000000010011
00000000000000000000011110010011
00101010010000000000000001101111
11111101000001000010011110000011
00000000011001111000010100010011
11111011110001000000100000010011
11111100000001000000011110010011
00000000110001111000010110010011
11111100000001000000011110010011
00000000100001111000011100010011
11111100000001000000011110010011
00000000010001111000011010010011
11111100000001000000011000010011
00000000101100000000011110110011
00010000000000010000010110110111
00001001110001011000010110010011
00000000000000000000000000010011
00000000101000000000011100110011
00000000010100000000011110010011
00000010111101110000100001100011
11111010110001000010011110000011
00000000100001111010011100000011
11111101000001000010011110000011
00000000111100000000011010110011
11111110110001000010011000000011
00010000000000010000011110110111
00100011110001111000010110010011
00000000111000000000010100110011
00000000000000000000000000010011
00000000000000000000011110010011
00100011010000000000000001101111
11111100000001000010011110000011
00000001100001111001011100010011
11111100010001000010011110000011
00000001000001111001011110010011
00000000111101110110011100110011
11111100100001000010011110000011
00000000100001111001011110010011
00000000111101110110011100110011
11111100110001000010011110000011
00000000111101110110011110110011
11111110111101000010001000100011
11111010100001000010010100000011
00000000000000000000000000010011
11111110101001000010000000100011
11111110010001000010011100000011
11111110000001000010011110000011
00000010111101110000100001100011
11111010110001000010011110000011
00000000100001111010011100000011
11111101000001000010011110000011
00000000111100000000011010110011
11111110110001000010011000000011
00010000000000010000011110110111
00011111110001111000010110010011
00000000111000000000010100110011
00000000000000000000000000010011
00000000000000000000011110010011
00011100010000000000000001101111
00000000000000000000000000010011
11111100101001000010111000100011
11111101110001000010011110000011
00000010000001111001010001100011
11111010110001000010011110000011
00000000100001111010011100000011
11111110110001000010011000000011
00010000000000010000011110110111
00101001010001111000010110010011
00000000111000000000010100110011
00000000000000000000000000010011
00000000000000000000011110010011
00011001000000000000000001101111
11111011110001000010011110000011
00000001000001111001011110010011
00000001000001111101011110010011
00000000000000000000011010010011
00000000111100000000011000110011
00000000000000000000010110010011
11111101110001000010010100000011
00000000000000000000000000010011
00000000101000000000011110110011
00000000111100000011011110110011
00001111111101111111011110010011
00000000000101111100011110010011
00001111111101111111011110010011
11111100111101000000110110100011
11111101101101000100011110000011
00000000000101111111011110010011
11111100111101000000110110100011
11111101110001000010010100000011
00000000000000000000000000010011
11111101101101000100011110000011
00000010000001111000010001100011
11111010110001000010011110000011
00000000100001111010011100000011
11111110110001000010011000000011
00010000000000010000011110110111
00101110110001111000010110010011
00000000111000000000010100110011
00000000000000000000000000010011
00000000000000000000011110010011
00010001100000000000000001101111
11111010100001000010010100000011
00000000000000000000000000010011
11111110101001000010010000100011
11111110100001000010011110000011
00000010000001111101010001100011
11111010110001000010011110000011
00000000100001111010011100000011
11111110110001000010011000000011
00010000000000010000011110110111
00010000010001111000010110010011
00000000111000000000010100110011
00000000000000000000000000010011
00000000000000000000011110010011
00001110000000000000000001101111
11111110100001000010011110000011
00000010000001111001010001100011
11111010110001000010011110000011
00000000100001111010011100000011
11111110110001000010011000000011
00010000000000010000011110110111
00110011100001111000010110010011
00000000111000000000010100110011
00000000000000000000000000010011
00000000000000000000011110010011
00001011010000000000000001101111
11111010110001000010011110000011
00000000100001111010011100000011
11111110110001000010011000000011
00010000000000010000011110110111
00111011000001111000010110010011
00000000111000000000010100110011
00000000000000000000000000010011
11111101010001000000011110010011
00000000111100000000010110110011
11111010100001000010010100000011
00000000000000000000000000010011
11111110101001000010010000100011
11111110100001000010011110000011
00000010111100000101010001100011
11111010110001000010011110000011
00000000100001111010011100000011
11111110110001000010011000000011
00010000000000010000011110110111
00001100100001111000010110010011
00000000111000000000010100110011
00000000000000000000000000010011
00000000000100000000011110010011
00000101100000000000000001101111
11111110100001000010011110000011
00000010000001111101010001100011
11111010110001000010011110000011
00000000100001111010011100000011
11111110110001000010011000000011
00010000000000010000011110110111
00010000010001111000010110010011
00000000111000000000010100110011
00000000000000000000000000010011
00000000000000000000011110010011
00000010110000000000000001101111
11111010110001000010011110000011
00000000100001111010011100000011
11111101010001000010011110000011
00000000111100000000011010110011
11111110110001000010011000000011
00010000000000010000011110110111
01000010010001111000010110010011
00000000111000000000010100110011
00000000000000000000000000010011
00000000000000000000011110010011
00000000111100000000010100110011
00000101110000010010000010000011
00000101100000010010010000000011
00000110000000010000000100010011
00000000000000001000000001100111
11111101000000010000000100010011
00000010000100010010011000100011
00000010100000010010010000100011
00000011000000010000010000010011
11111100101001000010111000100011
11111100101101000010110000100011
11111101100001000010011110000011
00000010000001111000000001100011
11111101100001000010010110000011
11111101110001000010010100000011
00000000000000000000000000010011
00000000101000000000011110110011
00000000000001111000011001100011
11111101100001000010011110000011
00001000110000000000000001101111
11111110000001000010011000100011
00000101100000000000000001101111
11111101110001000010011110000011
00000000000001111010011100000011
11111110110001000010011110000011
00000000001001111001011110010011
00000000111101110000011110110011
00000000000001111010011110000011
11111110111101000010010000100011
11111110100001000010011100000011
11111101100001000010011110000011
00000010111101110000000001100011
11111110100001000010010110000011
11111101110001000010010100000011
00000000000000000000000000010011
00000000101000000000011110110011
00000000000001111000100001100011
11111110100001000010011110000011
00000100000000000000000001101111
00000000000000000000000000010011
11111110110001000010011110000011
00000000000101111000011110010011
11111110111101000010011000100011
11111101110001000010011110000011
00000000010001111010011110000011
11111110110001000010011100000011
11111010111101110110000011100011
11111101110001000010011110000011
00000000100001111010011100000011
00010000000000010000011110110111
01000111110001111000010110010011
00000000111000000000010100110011
00000000000000000000000000010011
00000000000000000000011110010011
00000000111100000000010100110011
00000010110000010010000010000011
00000010100000010010010000000011
00000011000000010000000100010011
00000000000000001000000001100111
