11111101000000010000000100010011
00000010000100010010011000100011
00000010100000010010010000100011
00000010100100010010001000100011
00000011000000010000010000010011
11111100101001000010111000100011
11111100101101000010110000100011
11111100110001000010101000100011
00000000000100000000011110010011
11111110111101000010011000100011
00000101100000000000000001101111
11111110110001000010011110000011
00000000010001111001011110010011
11111101110001000010011100000011
00000000111101110000011110110011
11111110111101000010000000100011
11111110000001000010011110000011
00000000100001111010011110000011
11111101100001000010011100000011
00000010111101110001010001100011
11111110000001000010011110000011
00000000110001111010011110000011
11111101010001000010011100000011
00000000111101110001110001100011
11111110000001000010011110000011
00000000000100000000011100010011
00000000111001111000001000100011
00000000000100000000011110010011
00010101010000000000000001101111
11111110110001000010011110000011
00000000000101111000011110010011
11111110111101000010011000100011
11111101110001000010011110000011
00010000000001111010011110000011
11111110110001000010011100000011
11111010111101110110000011100011
11111101110001000010011110000011
00010000000001111010011100000011
00000000111100000000011110010011
00000000111001111111011001100011
00000000000000000000011110010011
00010010000000000000000001101111
00000000000000000000000000010011
11111110101001000010010000100011
11111110100001000010011110000011
00000010000001111001111001100011
11111101110001000010011100000011
00000000000000000010011110110111
00000000000001111000011110010011
00000000111101110000011110110011
10010010110001111010010010000011
00000000000000000000000000010011
00000000101000000000011110110011
00000000111100000000011000110011
00010000000000010000011110110111
00000000000001111000010110010011
00000000100100000000010100110011
00000000000000000000000000010011
00000000000000000000011110010011
00001101100000000000000001101111
00000000000000000000011010010011
00000000000000000000011000010011
11111101100001000010010110000011
11111110100001000010010100000011
00000000000000000000000000010011
00000000101000000000011110110011
00000000000101111100011110010011
00001111111101111111011110010011
00000100000001111000111001100011
11111101110001000010011100000011
00000000000000000010011110110111
00000000000001111000011110010011
00000000111101110000011110110011
10010010110001111010010100000011
11111101100001000010011110000011
00000001100001111101011000010011
11111101100001000010011110000011
00000001000001111101011110010011
00001111111101111111011010010011
11111101100001000010011110000011
00000000100001111101011110010011
00001111111101111111011100010011
11111101100001000010011110000011
00001111111101111111011110010011
00010000000000010000010110110111
00000010110001011000010110010011
00000000000000000000000000010011
11111110100001000010010100000011
00000000000000000000000000010011
00000000000000000000011110010011
00000101110000000000000001101111
11111101110001000010011110000011
00010000000001111010011110000011
00000000000101111000011010010011
11111101110001000010011100000011
00010000110101110010000000100011
00000000010001111001011110010011
11111101110001000010011100000011
00000000111101110000011110110011
11111110111101000010001000100011
11111110010001000010011110000011
11111110100001000010011100000011
00000000111001111010000000100011
11111110010001000010011110000011
00000000000100000000011100010011
00000000111001111000001000100011
11111110010001000010011110000011
11111101100001000010011100000011
00000000111001111010010000100011
11111110010001000010011110000011
11111101010001000010011100000011
00000000111001111010011000100011
00000000000100000000011110010011
00000000111100000000010100110011
00000010110000010010000010000011
00000010100000010010010000000011
00000010010000010010010010000011
00000011000000010000000100010011
00000000000000001000000001100111
11111101000000010000000100010011
00000010000100010010011000100011
00000010100000010010010000100011
00000011000000010000010000010011
11111100101001000010111000100011
00000000000000000010011110110111
00000000000001111000011110010011
10010011000001111000010110010011
00000000000100000000010100010011
00000000000000000000000000010011
00000000101000000000011110110011
11111110111101000010011000100011
11111110110001000010011110000011
00000000000001111001011001100011
00000000000000000000011110010011
00000101000000000000000001101111
11111110110001000010011100000011
00000000000000000010011110110111
00000000000001111000011110010011
00000000111101110000011110110011
11111101110001000010011100000011
10010010111001111010011000100011
00000000000000000000011000010011
00000000000000000000010110010011
11111110110001000010010100000011
00000000000000000000000000010011
00000000101000000000011110110011
00000000000101111100011110010011
00001111111101111111011110010011
00000000000001111000101001100011
11111110110001000010010100000011
00000000000000000000000000010011
00000000000000000000011110010011
00000000100000000000000001101111
11111110110001000010011110000011
00000000111100000000010100110011
00000010110000010010000010000011
00000010100000010010010000000011
00000011000000010000000100010011
00000000000000001000000001100111
11111101000000010000000100010011
00000010000100010010011000100011
00000010100000010010010000100011
00000011000000010000010000010011
11111100101001000010111000100011
11111110000001000010011000100011
00000011010000000000000001101111
11111110110001000010011110000011
00000000010001111001011110010011
11111101110001000010011100000011
00000000111101110000011110110011
11111110111101000010010000100011
11111110100001000010011110000011
00000000000001111010011110000011
00000000111100000000010100110011
00000000000000000000000000010011
11111110110001000010011110000011
00000000000101111000011110010011
11111110111101000010011000100011
11111101110001000010011110000011
00010000000001111010011110000011
11111110110001000010011100000011
11111100111101110110001011100011
11111101110001000010010100000011
00000000000000000000000000010011
00000000000000000000000000010011
00000010110000010010000010000011
00000010100000010010010000000011
00000011000000010000000100010011
00000000000000001000000001100111
11110100000000010000000100010011
00001010000100010010111000100011
00001010100000010010110000100011
00001100000000010000010000010011
11110100101001000010011000100011
00000000000100000000011110010011
11111110111101000010011000100011
00000010110000000000000001101111
11111110110001000010011110000011
00000000010001111001011110010011
11110100110001000010011100000011
00000000111101110000011110110011
11111100111101000010101000100011
11111101010001000010011110000011
00000000000001111000001000100011
11111110110001000010011110000011
00000000000101111000011110010011
11111110111101000010011000100011
11110100110001000010011110000011
00010000000001111010011110000011
11111110110001000010011100000011
11111100111101110110011011100011
11110101010001000000011110010011
00000001000000000000010110010011
00000000111100000000010100110011
00000000000000000000000000010011
11111110101001000010010000100011
11111110100001000010011110000011
00000010000001111101011001100011
11110100110001000010011100000011
00000000000000000010011110110111
00000000000001111000011110010011
00000000111101110000011110110011
10010010110001111010011100000011
00010000000000010000011110110111
00000101100001111000010110010011
00000000111000000000010100110011
00000000000000000000000000010011
11111110000001000010010000100011
11111110100001000010011100000011
00000001000000000000011110010011
00000010111001111101100001100011
11110100110001000010011100000011
00000000000000000010011110110111
00000000000001111000011110010011
00000000111101110000011110110011
10010010110001111010011100000011
00010000000000010000011110110111
00001000110001111000010110010011
00000000111000000000010100110011
00000000000000000000000000010011
00000001000000000000011110010011
11111110111101000010010000100011
11111110000001000010001000100011
00000100010000000000000001101111
11110101010001000000011100010011
11111110010001000010011110000011
00000000001101111001011110010011
00000000111101110000011110110011
11111100111101000010110000100011
11111101100001000010011110000011
00000000000001111010011100000011
11111101100001000010011110000011
00000000010001111010011110000011
00000000111100000000011000110011
00000000111000000000010110110011
11110100110001000010010100000011
00000000000000000000000000010011
11111110010001000010011110000011
00000000000101111000011110010011
11111110111101000010001000100011
11111110010001000010011100000011
11111110100001000010011110000011
11111010111101110100110011100011
11110100110001000010011110000011
00000001000001111000011110010011
11111110111101000010000000100011
11110100110001000010011110000011
00000001000001111000011110010011
11111100111101000010111000100011
00000000000100000000011110010011
11111110111101000010010000100011
00000000000100000000011110010011
11111110111101000010011000100011
00001001110000000000000001101111
11111110000001000010011110000011
00000000010001111100011110000011
00000000000101111100011110010011
00001111111101111111011110010011
00000010000001111000001001100011
11111110000001000010011110000011
00000000000001111010011110000011
00000000111100000000010100110011
00000000000000000000000000010011
11111110000001000010011110000011
00000001000001111000011110010011
11111110111101000010000000100011
00000101110000000000000001101111
11111101110001000010011100000011
11111110000001000010011110000011
00000010111101110000011001100011
11111101110001000010011110000011
11111110000001000010011100000011
00000000000001110010010110000011
00000000010001110010011000000011
00000000100001110010011010000011
00000000110001110010011100000011
00000000101101111010000000100011
00000000110001111010001000100011
00000000110101111010010000100011
00000000111001111010011000100011
11111110000001000010011110000011
00000001000001111000011110010011
11111110111101000010000000100011
11111101110001000010011110000011
00000001000001111000011110010011
11111100111101000010111000100011
11111110100001000010011110000011
00000000000101111000011110010011
11111110111101000010010000100011
11111110110001000010011110000011
00000000000101111000011110010011
11111110111101000010011000100011
11110100110001000010011110000011
00010000000001111010011110000011
11111110110001000010011100000011
11110100111101110110111011100011
11111110100001000010011100000011
11110100110001000010011110000011
00010000111001111010000000100011
00000000000000000000000000010011
00001011110000010010000010000011
00001011100000010010010000000011
00001100000000010000000100010011
00000000000000001000000001100111
11111100000000010000000100010011
00000010000100010010111000100011
00000010100000010010110000100011
00000100000000010000010000010011
11111100101001000010111000100011
11111100101101000010110000100011
11111100110001000010101000100011
11111100110101000010100000100011
11111100111001000010011000100011
11111101110001000010011110000011
00010000010001111000011110010011
11111110111101000010011000100011
11111110110001000010010100000011
00000000000000000000000000010011
00000000000100000000010110010011
11111110110001000010010100000011
00000000000000000000000000010011
00000000010000000000010110010011
11111110110001000010010100000011
00000000000000000000000000010011
11111101000001000010010110000011
11111110110001000010010100000011
00000000000000000000000000010011
00000000001000000000010110010011
11111110110001000010010100000011
00000000000000000000000000010011
00000000010000000000010110010011
11111110110001000010010100000011
00000000000000000000000000010011
11111100110001000010010110000011
11111110110001000010010100000011
00000000000000000000000000010011
00000000001000000000010110010011
11111110110001000010010100000011
00000000000000000000000000010011
11111101100001000010011110000011
00000000000001111010010100000011
11111110110001000010011110000011
00000000010001111010011010000011
11111110110001000010011110000011
00000000100001111010011100000011
11111110110001000010011110000011
00000000010001111010011110000011
01000000111101110000011110110011
00000000111100000000011100110011
00000000000000000000011110010011
00000000000000000000100000010011
00000000000000010000011000110111
00000000000001100000011000010011
11011110100101100000011000010011
11111101010001000010010110000011
00000000000000000000000000010011
00000000101000000000011110110011
00000000111100000000010100110011
00000011110000010010000010000011
00000011100000010010010000000011
00000100000000010000000100010011
00000000000000001000000001100111
11111100000000010000000100010011
00000010000100010010111000100011
00000010100000010010110000100011
00000100000000010000010000010011
11111100101001000010011000100011
11111100101101000010010000100011
11111100110001000010001000100011
11111110000001000000011110100011
00000000000100000000011110010011
11111110111101000010010000100011
00000111010000000000000001101111
11111110100001000010011110000011
00000000010001111001011110010011
11111100110001000010011100000011
00000000111101110000011110110011
11111110111101000010000000100011
11111110000001000010011110000011
00000000100001111010011100000011
11111110000001000010011110000011
00000000110001111010011110000011
11111111111101111100011110010011
00000000111101110110011110110011
11111100111101000010111000100011
11111100010001000010011100000011
11111100100001000010011010000011
11111101110001000010011000000011
11111110000001000010010110000011
11111100110001000010010100000011
00000000000000000000000000010011
00000000101000000000011110110011
00000000111100000000011100110011
11111110111101000100011110000011
00000000111101110110011110110011
00001111111101111111011110010011
00000000111100000011011110110011
11111110111101000000011110100011
11111110100001000010011110000011
00000000000101111000011110010011
11111110111101000010010000100011
11111100110001000010011110000011
00010000000001111010011110000011
11111110100001000010011100000011
11111000111101110110001011100011
11111110111101000100011110000011
00000000000101111100011110010011
00001111111101111111011110010011
00000010000001111000011001100011
11111100110001000010011110000011
11111110111101000010001000100011
11111100010001000010011100000011
11111100100001000010011010000011
11111111111100000000011000010011
11111110010001000010010110000011
11111100110001000010010100000011
00000000000000000000000000010011
00000000101000000000011110110011
11111110111101000000011110100011
11111110111101000100011110000011
00000000111100000000010100110011
00000011110000010010000010000011
00000011100000010010010000000011
00000100000000010000000100010011
00000000000000001000000001100111
11111101000000010000000100010011
00000010000100010010011000100011
00000010100000010010010000100011
00000011000000010000010000010011
11111100101001000010111000100011
11111100101101000010110000100011
11111100110001000010101000100011
11111100110101000010100000100011
11111110000001000000011110100011
00000000000100000000011110010011
11111110111101000010010000100011
00001001010000000000000001101111
11111110100001000010011110000011
00000000010001111001011110010011
11111101110001000010011100000011
00000000111101110000011110110011
11111110111101000010000000100011
11111110000001000010011110000011
00000000110001111010011110000011
00000100000001111000111001100011
11111110000001000010011110000011
00000000100001111010011100000011
11111101100001000010011110000011
00000000111101110100011100110011
11111110000001000010011110000011
00000000110001111010011110000011
00000000111101110111011110110011
00000100000001111001001001100011
11111101000001000010011100000011
11111101010001000010011010000011
11111101100001000010011000000011
11111110000001000010010110000011
11111101110001000010010100000011
00000000000000000000000000010011
00000000101000000000011110110011
00000000111100000000011100110011
11111110111101000100011110000011
00000000111101110110011110110011
00001111111101111111011110010011
00000000111100000011011110110011
11111110111101000000011110100011
00000001000000000000000001101111
00000000000000000000000000010011
00000000100000000000000001101111
00000000000000000000000000010011
11111110100001000010011110000011
00000000000101111000011110010011
11111110111101000010010000100011
11111101110001000010011110000011
00010000000001111010011110000011
11111110100001000010011100000011
11110110111101110110001011100011
11111110111101000100011110000011
00000000000101111100011110010011
00001111111101111111011110010011
00000010000001111000011001100011
11111101110001000010011110000011
11111110111101000010001000100011
11111101000001000010011100000011
11111101010001000010011010000011
11111101100001000010011000000011
11111110010001000010010110000011
11111101110001000010010100000011
00000000000000000000000000010011
00000000101000000000011110110011
11111110111101000000011110100011
11111110111101000100011110000011
00000000111100000000010100110011
00000010110000010010000010000011
00000010100000010010010000000011
00000011000000010000000100010011
00000000000000001000000001100111
11111110000000010000000100010011
00000000000100010010111000100011
00000000100000010010110000100011
00000010000000010000010000010011
11111110101001000010011000100011
11111110101101000010010000100011
11111110110001000010001000100011
11111110110101000010000000100011
11111110100001000010011110000011
00000000000001111001111001100011
11111110000001000010011000000011
11111110010001000010010110000011
11111110110001000010010100000011
00000000000000000000000000010011
00000000101000000000011110110011
00000001110000000000000001101111
11111110000001000010011010000011
11111110010001000010011000000011
11111110100001000010010110000011
11111110110001000010010100000011
00000000000000000000000000010011
00000000101000000000011110110011
00000000111100000000010100110011
00000001110000010010000010000011
00000001100000010010010000000011
00000010000000010000000100010011
00000000000000001000000001100111
11111110000000010000000100010011
00000000100000010010111000100011
00000010000000010000010000010011
11111110101001000010011000100011
11111110110001000010011110000011
00000001010001111101011110010011
11110000000001111000011110010011
00000010001000000000011100010011
00000100111101110110101001100011
00000000001001111001011100010011
00010000000000010000011110110111
00001011010001111000011110010011
00000000111101110000011110110011
00000000000001111010011110000011
00000000000001111000000001100111
11111110110001000010011100000011
00010000000001000000011110110111
00000000000001111000011110010011
00000000111101110011011110110011
00001111111101111111011110010011
00000010100000000000000001101111
11111110110001000010011100000011
00010010000000110000011110110111
00000000000001111000011110010011
00000000111101110011011110110011
00001111111101111111011110010011
00000001000000000000000001101111
00000000000100000000011110010011
00000000100000000000000001101111
00000000000000000000011110010011
00000000111100000000010100110011
00000001110000010010010000000011
00000010000000010000000100010011
00000000000000001000000001100111
11111011000000010000000100010011
00000100000100010010011000100011
00000100100000010010010000100011
00000101000000010000010000010011
11111010101001000010111000100011
11111010101101000010110000100011
11111010110001000010101000100011
11111011110001000010011100000011
00000000000000000001011110110111
00000000000001111000011110010011
11010001100001111000011110010011
00000000111101110000011110110011
11111110111101000010010000100011
11111110100001000010010100000011
00000000000000000000000000010011
11111110100001000010011110000011
00000000110001111010011100000011
11111110100001000010011110000011
00000000100001111010011110000011
01000000111101110000011110110011
11111100111101000010101000100011
11111011100001000010011110000011
00000000000001111010010100000011
11111110100001000010011110000011
00000000100001111010011010000011
11111101010001000000011100010011
11111101101001000000011000010011
11111101110001000000010110010011
00000000000000000000011110010011
00000000000000000000100000010011
00000000000000000000000000010011
00000000101000000000011110110011
00000000000101111100011110010011
00001111111101111111011110010011
00000000000001111000011001100011
00000000000000000000011110010011
00111111110000000000000001101111
11111110100001000010011110000011
00000000100001111010011100000011
11111101010001000010011110000011
00000000111101110000011100110011
11111110100001000010011110000011
00000000111001111010010000100011
11111101001001000000011110010011
00000000111100000000010110110011
11111110100001000010010100000011
00000000000000000000000000010011
00000000101000000000011110110011
00000000111100000100011001100011
00000000000000000000011110010011
00111100010000000000000001101111
11111101001001000101011100000011
00000000001100000000011110010011
00000000111101110000011001100011
00000000000000000000011110010011
00111011000000000000000001101111
00000100010000000000011000010011
00000000000000000000010110010011
11111011010001000010010100000011
00000000000000000000000000010011
11111101110001000010011100000011
11111011010001000010011110000011
00000000111001111010000000100011
11111011010001000010011110000011
00000010011101111000010100010011
11111011010001000010011110000011
00000010011101111000011110010011
00000001110101111000010110010011
11111101110001000010011110000011
00000001100001111101011010010011
11111101110001000010011110000011
00000001000001111101011110010011
00001111111101111111011100010011
11111101110001000010011110000011
00000000100001111101011110010011
00001111111101111111011000010011
11111101110001000010011110000011
00001111111101111111011110010011
00000000111100000000100000110011
00000000110000000000011110110011
00010000000000010000011000110111
00010100000001100000011000010011
00000000000000000000000000010011
11111100110001000000011100010011
11111101000101000000011110010011
00000000111000000000011000110011
00000000111100000000010110110011
11111110100001000010010100000011
00000000000000000000000000010011
11111110101001000010001000100011
11111110010001000010011110000011
00000000000001111001101001100011
11111011010001000010011110000011
00000000110001111100011110000011
00101010000001111000101001100011
00110000110000000000000001101111
11111101000101000100011110000011
00000010101100000000011100010011
00100110111101110110000001100011
00000000001001111001011100010011
00010000000000010000011110110111
00010101100001111000011110010011
00000000111101110000011110110011
00000000000001111010011110000011
00000000000001111000000001100111
11111100110001000010011100000011
00000000010000000000011110010011
00100100111101110001001001100011
11111110100001000010010100000011
00000000000000000000000000010011
00000000101000000000011100110011
11111011010001000010011110000011
00000000111001111010001000100011
00100101100000000000000001101111
11111100110001000010011100000011
00000000010000000000011110010011
00100010111101110001010001100011
11111110100001000010010100000011
00000000000000000000000000010011
00000000101000000000011100110011
11111011010001000010011110000011
00000000111001111010010000100011
11111011010001000010011110000011
00000000100001111010011110000011
00000000111100000000010100110011
00000000000000000000000000010011
00000000101000000000011110110011
00000000111100000000011100110011
11111011010001000010011110000011
00000000111001111000011010100011
00100001010000000000000001101111
11111100110001000010011100000011
00000000000100000000011110010011
00011110111101110001011001100011
11111110100001000010010100000011
00000000000000000000000000010011
00000000101000000000011110110011
00000000111100000000011100110011
11111011010001000010011110000011
00000000111001111000011000100011
00011110110000000000000001101111
11111100110001000010011100000011
00000001100000000000011110010011
00011100111001111110011001100011
11111011010001000010011110000011
00000000111001111000011110010011
11111100110001000010011100000011
00000000111000000000011000110011
00000000111100000000010110110011
11111110100001000010010100000011
00000000000000000000000000010011
11111100110001000010011110000011
11111011010001000010011100000011
00000000111101110000011110110011
00000000000001111000011100100011
00011011000000000000000001101111
11111100110001000010011100000011
00000001001000000000011110010011
00011000111101110001110001100011
11111110000001000010011000100011
00010001010000000000000001101111
11111110100001000010010100000011
00000000000000000000000000010011
00000000101000000000011110110011
00000001000001111001011110010011
11111110111101000010000000100011
11111110100001000010010100000011
00000000000000000000000000010011
00000000101000000000011110110011
00000000100001111001011110010011
11111110000001000010011100000011
00000000111101110110011110110011
11111110111101000010000000100011
11111110100001000010010100000011
00000000000000000000000000010011
00000000101000000000011110110011
00000000111100000000011100110011
11111110000001000010011110000011
00000000111001111110011110110011
11111110111101000010000000100011
11111110000001000010011110000011
00000001001001111101011110010011
00000011111101111111011110010011
00010000000000010000011100110111
00100000100001110000011100010011
00000000111101110000011110110011
00000000000001111100011100000011
11111011010001000010011010000011
11111110110001000010011110000011
00000000111101101000011110110011
00000000111001111000011100100011
11111110000001000010011110000011
00000000110001111101011110010011
00000011111101111111011100010011
11111110110001000010011110000011
00000000000101111000011110010011
00010000000000010000011010110111
00100000100001101000011010010011
00000000111001101000011100110011
00000000000001110100011100000011
11111011010001000010011010000011
00000000111101101000011110110011
00000000111001111000011100100011
11111110000001000010011110000011
00000000011001111101011110010011
00000011111101111111011100010011
11111110110001000010011110000011
00000000001001111000011110010011
00010000000000010000011010110111
00100000100001101000011010010011
00000000111001101000011100110011
00000000000001110100011100000011
11111011010001000010011010000011
00000000111101101000011110110011
00000000111001111000011100100011
11111110000001000010011110000011
00000011111101111111011100010011
11111110110001000010011110000011
00000000001101111000011110010011
00010000000000010000011010110111
00100000100001101000011010010011
00000000111001101000011100110011
00000000000001110100011100000011
11111011010001000010011010000011
00000000111101101000011110110011
00000000111001111000011100100011
11111110110001000010011110000011
00000000010001111000011110010011
11111110111101000010011000100011
11111110110001000010011100000011
00000001011100000000011110010011
11101110111001111101010011100011
11111011010001000010011110000011
00000010000001111000001100100011
00000111010000000000000001101111
11111100110001000010011100000011
00000001110000000000011110010011
00000110111001111110001001100011
11111011010001000010011110000011
00000010011101111000011110010011
11111100110001000010011100000011
00000000111000000000011000110011
00000000111100000000010110110011
11111110100001000010010100000011
00000000000000000000000000010011
11111100110001000010011110000011
11111011010001000010011100000011
00000000111101110000011110110011
00000010000001111000001110100011
00000011100000000000000001101111
00000000000000000000000000010011
00000011000000000000000001101111
00000000000000000000000000010011
00000010100000000000000001101111
00000000000000000000000000010011
00000010000000000000000001101111
00000000000000000000000000010011
00000001100000000000000001101111
00000000000000000000000000010011
00000001000000000000000001101111
00000000000000000000000000010011
00000000100000000000000001101111
00000000000000000000000000010011
11111110100001000010011110000011
11111110010001000010011100000011
00000000111001111010000000100011
11010010010111111111000001101111
11111011010001000010011110000011
00000000100001111010011110000011
00000001010001111101011110010011
00010010000100000000011100010011
00000010111001111000110001100011
00010010000100000000011100010011
00000100111101110110000001100011
00010000000100000000011100010011
00000000111101110110100001100011
00010000000000000000011100010011
00000010111001111111000001100011
00000010110000000000000001101111
00010000001000000000011100010011
00000010111001111001001001100011
11111011010001000010011110000011
00000000000100000000011100010011
00000000111001111000011000100011
00000001100000000000000001101111
11111011010001000010011110000011
00000000001000000000011100010011
00000000111001111000011000100011
00000000100000000000000001101111
00000000000000000000000000010011
00000000000100000000011110010011
00000000111100000000010100110011
00000100110000010010000010000011
00000100100000010010010000000011
00000101000000010000000100010011
00000000000000001000000001100111
11111101000000010000000100010011
00000010000100010010011000100011
00000010100000010010010000100011
00000011000000010000010000010011
11111100101001000010111000100011
11111100101101000010110000100011
11111110000001000010011000100011
00000100010000000000000001101111
11111110110001000010011110000011
00000000010001111001011110010011
11111101110001000010011100000011
00000000111101110000011110110011
11111110111101000010010000100011
11111101100001000010011000000011
11111110100001000010010110000011
11111101110001000010010100000011
00000000000000000000000000010011
00000000101000000000011110110011
00000000000001111000011001100011
00000000000100000000011110010011
00000010010000000000000001101111
11111110110001000010011110000011
00000000000101111000011110010011
11111110111101000010011000100011
11111101110001000010011110000011
00010000000001111010011110000011
11111110110001000010011100000011
11111010111101110110101011100011
00000000000000000000011110010011
00000000111100000000010100110011
00000010110000010010000010000011
00000010100000010010010000000011
00000011000000010000000100010011
00000000000000001000000001100111
11111101000000010000000100010011
00000010000100010010011000100011
00000010100000010010010000100011
00000011000000010000010000010011
11111100101001000010111000100011
11111100101101000010110000100011
11111100110001000010101000100011
11111110000001000010011000100011
00000101010000000000000001101111
11111110110001000010011100000011
00000000111000000000011110110011
00000000010001111001011110010011
00000000111001111000011110110011
00000000001001111001011110010011
00000000111100000000011100110011
11111101110001000010011110000011
00000000111001111000011110110011
11111110111101000010010000100011
00000100010000000000011000010011
11111110100001000010010110000011
11111101010001000010010100000011
00000000000000000000000000010011
00000000101000000000011110110011
00000000000001111001011001100011
11111110100001000010011110000011
00000010000000000000000001101111
11111110110001000010011110000011
00000000000101111000011110010011
11111110111101000010011000100011
11111110110001000010011100000011
11111101100001000010011110000011
11111010111101110100010011100011
00000000000000000000011110010011
00000000111100000000010100110011
00000010110000010010000010000011
00000010100000010010010000000011
00000011000000010000000100010011
00000000000000001000000001100111
11111011000000010000000100010011
00000100000100010010011000100011
00000100100000010010010000100011
00000101000000010000010000010011
11111100101001000010011000100011
11111100101101000010010000100011
11111100110001000010001000100011
11111100110101000010000000100011
11111010111001000010111000100011
11111010111101000010110000100011
11111100110001000010010100000011
00000000000000000000000000010011
11111110000001000010011000100011
11111110000001000010010000100011
00011000110000000000000001101111
11111100000001000010011010000011
11111100010001000010011000000011
11111100100001000010010110000011
11111100110001000010010100000011
00000000000000000000000000010011
00000000101000000000011110110011
00000000000101111100011110010011
00001111111101111111011110010011
00000000000001111000011001100011
11111111111100000000011110010011
00010111000000000000000001101111
00000000000000000000000000010011
00000000101000000000011000110011
00000000101100000000011010110011
00001100100000000000010100010011
00000000000000000000010110010011
00000000101001100000011100110011
00000000111000000000100000110011
00000000110010000011100000110011
00000000101101101000011110110011
00000000111110000000011010110011
00000000110100000000011110110011
11111110111001000010000000100011
11111110111101000010001000100011
11111110110001000010011100000011
00000000111000000000011110110011
00000000010001111001011110010011
00000000111001111000011110110011
00000000001001111001011110010011
00000000111100000000011100110011
11111011110001000010011110000011
00000000111001111000011110110011
11111100111101000010111000100011
00000100010000000000011000010011
00000000000000000000010110010011
11111101110001000010010100000011
00000000000000000000000000010011
11111101110001000010010110000011
11111100110001000010010100000011
00000000000000000000000000010011
00000000101000000000011110110011
00000000000101111100011110010011
00001111111101111111011110010011
00000100000001111000001001100011
00000000000000000000000000010011
00000000101000000000011100110011
00000000101100000000011110110011
11111110010001000010011010000011
00000000111100000000011000110011
00000000110101100110111001100011
11111110010001000010011010000011
00000000111100000000011000110011
00001010110001101001010001100011
11111110000001000010011010000011
00000000111000000000011110110011
00001000110101111111111001100011
00000001000000000000010100010011
00000000000000000000010110010011
00000000000000000000000000010011
00001000100000000000000001101111
11111100010001000010011100000011
11111111111100000000011110010011
00000000111101110000101001100011
11111101110001000010011110000011
00000000010001111010011110000011
11111100010001000010011100000011
00000100111101110001110001100011
11111100000001000010011100000011
11111111111100000000011110010011
00000000111101110000101001100011
11111101110001000010011110000011
00000000100001111010011110000011
11111100000001000010011100000011
00000100111101110001001001100011
11111101110001000010011000000011
11111110110001000010010110000011
11111011110001000010010100000011
00000000000000000000000000010011
00000000101000000000011110110011
00000010000001111001101001100011
11111110110001000010011110000011
00000000000101111000011110010011
11111110111101000010011000100011
11111110110001000010011100000011
11111011100001000010011110000011
11110000111101110100011011100011
11111110110001000010011110000011
00000011110000000000000001101111
00000000000000000000000000010011
11101111110111111111000001101111
00000000000000000000000000010011
11101111010111111111000001101111
00000000000000000000000000010011
11101110110111111111000001101111
00000000000000000000000000010011
11111110100001000010011110000011
00000000000101111000011110010011
11111110111101000010010000100011
11111110100001000010011100000011
00000000000100000000011110010011
11100110111001111101100011100011
11111110110001000010011110000011
00000000111100000000010100110011
00000100110000010010000010000011
00000100100000010010010000000011
00000101000000010000000100010011
00000000000000001000000001100111
11111100000000010000000100010011
00000010000100010010111000100011
00000010100000010010110000100011
00000100000000010000010000010011
11111100101001000010111000100011
11111100101101000010110000100011
11111100110001000010101000100011
11111100110101000010100000100011
11111100111001000010011000100011
11111101110001000010010100000011
00000000000000000000000000010011
00000000101000000000011110110011
00000000000001111000011001100011
00000000000000000000011110010011
00000100110000000000000001101111
00000000000000000000010100010011
00000000000000000000000000010011
11111110101001000010011000100011
11111110110001000010011110000011
00000000000001111001011001100011
11111111111100000000011110010011
00000011000000000000000001101111
11111100110001000010011110000011
11111101000001000010011100000011
11111101010001000010011010000011
11111101100001000010011000000011
11111101110001000010010110000011
11111110110001000010010100000011
00000000000000000000000000010011
11111110101001000010010000100011
11111110110001000010010100000011
00000000000000000000000000010011
11111110100001000010011110000011
00000000111100000000010100110011
00000011110000010010000010000011
00000011100000010010010000000011
00000100000000010000000100010011
00000000000000001000000001100111
11111101000000010000000100010011
00000010100000010010011000100011
00000011000000010000010000010011
11111100101001000010111000100011
11111110000001000000011110100011
11111101110001000010011110000011
00000001110001111101011110010011
00010000000000010000011100110111
00100100110001110000011100010011
00000000111101110000011110110011
00000000000001111100011100000011
11111110111101000100011110000011
00000000111101110100011110110011
11111110111101000000011110100011
11111101110001000010011110000011
00000001100001111101011110010011
00001111111101111111011110010011
00000000111101111111011110010011
00001111111101111111011100010011
11111110111101000100011110000011
00000000111101110100011110110011
11111110111101000000011110100011
11111101110001000010011110000011
00000001010001111101011110010011
00000000111101111111011110010011
00010000000000010000011100110111
00100100110001110000011100010011
00000000111101110000011110110011
00000000000001111100011100000011
11111110111101000100011110000011
00000000111101110100011110110011
11111110111101000000011110100011
11111101110001000010011110000011
00000001000001111101011110010011
00001111111101111111011110010011
00000000111101111111011110010011
00001111111101111111011100010011
11111110111101000100011110000011
00000000111101110100011110110011
11111110111101000000011110100011
11111101110001000010011110000011
00000000110001111101011110010011
00000000111101111111011110010011
00010000000000010000011100110111
00100100110001110000011100010011
00000000111101110000011110110011
00000000000001111100011100000011
11111110111101000100011110000011
00000000111101110100011110110011
11111110111101000000011110100011
11111101110001000010011110000011
00000000100001111101011110010011
00001111111101111111011110010011
00000000111101111111011110010011
00001111111101111111011100010011
11111110111101000100011110000011
00000000111101110100011110110011
11111110111101000000011110100011
11111101110001000010011110000011
00000000010001111101011110010011
00000000111101111111011110010011
00010000000000010000011100110111
00100100110001110000011100010011
00000000111101110000011110110011
00000000000001111100011100000011
11111110111101000100011110000011
00000000111101110100011110110011
11111110111101000000011110100011
11111101110001000010011110000011
00001111111101111111011110010011
00000000111101111111011110010011
00001111111101111111011100010011
11111110111101000100011110000011
00000000111101110100011110110011
11111110111101000000011110100011
11111110111101000100011110000011
00000000000101111011011110010011
00001111111101111111011110010011
00000000111100000000010100110011
00000010110000010010010000000011
00000011000000010000000100010011
00000000000000001000000001100111
11111110000000010000000100010011
00000000100000010010111000100011
00000010000000010000010000010011
11111110101001000010011000100011
11111110110001000010011100000011
11100000000000000000011110110111
00000000000001111000011110010011
00000000111101110110111001100011
11111110110001000010011100000011
11110000000000000000011110110111
00000000000001111000011110010011
00000000111101110111011001100011
00000000000100000000011110010011
00000000100000000000000001101111
00000000000000000000011110010011
00000000000101111111011110010011
00001111111101111111011110010011
00000000111100000000010100110011
00000001110000010010010000000011
00000010000000010000000100010011
00000000000000001000000001100111
