11111110000000010000000100010011
00000000000100010010111000100011
00000000100000010010110000100011
00000010000000010000010000010011
00000000000000000001011110110111
00000000000001111000011110010011
11000001010001111000010110010011
00000000000100000000010100010011
00000000000000000000000000010011
00000000101000000000011110110011
11111110111101000010011000100011
11111110110001000010011110000011
00000000000001111001011001100011
00000000000000000000011110010011
00000001000000000000000001101111
11111110110001000010010100000011
00000000000000000000000000010011
11111110110001000010011110000011
00000000111100000000010100110011
00000001110000010010000010000011
00000001100000010010010000000011
00000010000000010000000100010011
00000000000000001000000001100111
11111110000000010000000100010011
00000000000100010010111000100011
00000000100000010010110000100011
00000010000000010000010000010011
11111110101001000010011000100011
11111110110001000010010100000011
00000000000000000000000000010011
00000000000000000000000000010011
00000001110000010010000010000011
00000001100000010010010000000011
00000010000000010000000100010011
00000000000000001000000001100111
11111110000000010000000100010011
00000000100000010010111000100011
00000010000000010000010000010011
11111110101001000010011000100011
11111110110001000010011110000011
00000001000001111000011100010011
00000000000000000001011110110111
00000000000001111000011110010011
10111111111001111000011110010011
00000000111101110000011100110011
11111110110001000010011110000011
00000000111001111010011000100011
11111110110001000010011110000011
00000001000001111000011110010011
01000000000001111000011100010011
11111110110001000010011110000011
00000000111001111010001000100011
11111110110001000010011110000011
00000000010001111010011100000011
11111110110001000010011110000011
00000000111001111010010000100011
11111110110001000010011110000011
00000000010001111010011100000011
11111110110001000010011110000011
00000000111001111010000000100011
00000000000000000000000000010011
00000001110000010010010000000011
00000010000000010000000100010011
00000000000000001000000001100111
11111101000000010000000100010011
00000010100000010010011000100011
00000011000000010000010000010011
11111100101001000010111000100011
11111100101101000010110000100011
11111101110001000010011110000011
11111110111101000010011000100011
11111111111100000000011110010011
11111110111101000010010000100011
00010100110000000000000001101111
11111110100001000010011110000011
00001111111101111111011100010011
11111110110001000010011110000011
00000000000101111000011010010011
11111110110101000010011000100011
00000000000001111100011110000011
00000000111101110100011110110011
11111110111101000000001110100011
11111110100001000010011110000011
00000000100001111101011110010011
11111110111101000010010000100011
11111110011101000100011110000011
00000000000101111111011110010011
00000000000001111000111001100011
11111110100001000010011100000011
01110111000001110011011110110111
00000000000001111000011110010011
00001001011001111000011110010011
00000000111101110100011110110011
11111110111101000010010000100011
11111110011101000100011110000011
00000000001001111111011110010011
00000000000001111000111001100011
11111110100001000010011100000011
11101110000011100110011110110111
00000000000001111000011110010011
00010010110001111000011110010011
00000000111101110100011110110011
11111110111101000010010000100011
11111110011101000100011110000011
00000000010001111111011110010011
00000000000001111000111001100011
11111110100001000010011100000011
00000111011011011100011110110111
00000000000001111000011110010011
01000001100101111000011110010011
00000000111101110100011110110011
11111110111101000010010000100011
11111110011101000100011110000011
00000000100001111111011110010011
00000000000001111000111001100011
11111110100001000010011100000011
00001110110110111001011110110111
00000000000001111000011110010011
10000011001001111000011110010011
00000000111101110100011110110011
11111110111101000010010000100011
11111110011101000100011110000011
00000001000001111111011110010011
00000000000001111000111001100011
11111110100001000010011100000011
00011101101101110001011110110111
00000000000001111000011110010011
00000110010001111000011110010011
00000000111101110100011110110011
11111110111101000010010000100011
11111110011101000100011110000011
00000010000001111111011110010011
00000000000001111000111001100011
11111110100001000010011100000011
00111011011011100010011110110111
00000000000001111000011110010011
00001100100001111000011110010011
00000000111101110100011110110011
11111110111101000010010000100011
11111110011101000100011110000011
00000100000001111111011110010011
00000000000001111000111001100011
11111110100001000010011100000011
01110110110111000100011110110111
00000000000001111000011110010011
00011001000001111000011110010011
00000000111101110100011110110011
11111110111101000010010000100011
11111110011101000000011110000011
00000000000001111101111001100011
11111110100001000010011100000011
11101101101110001000011110110111
00000000000001111000011110010011
00110010000001111000011110010011
00000000111101110100011110110011
11111110111101000010010000100011
11111110110001000010011100000011
11111101100001000010011110000011
11101010111101110110100011100011
11111110100001000010011110000011
11111111111101111100011110010011
00000000111100000000010100110011
00000010110000010010010000000011
00000011000000010000000100010011
00000000000000001000000001100111
11111101000000010000000100010011
00000010100000010010011000100011
00000011000000010000010000010011
11111100101001000010111000100011
11111101110001000010011110000011
00000000000001111010011110000011
00000000000101111000011010010011
11111101110001000010011100000011
00000000110101110010000000100011
00000000000001111100011110000011
11111110111101000000011110100011
11111110111101000100011110000011
00000000111100000000010100110011
00000010110000010010010000000011
00000011000000010000000100010011
00000000000000001000000001100111
11111101000000010000000100010011
00000010100000010010011000100011
00000011000000010000010000010011
11111100101001000010111000100011
11111101110001000010011110000011
00000000000001111010011110000011
00000000000101111000011010010011
11111101110001000010011100000011
00000000110101110010000000100011
00000000000001111100011110000011
00000001000001111001011110010011
00000001000001111101011110010011
00000000100001111001011110010011
11111110111101000001011100100011
11111101110001000010011110000011
00000000000001111010011110000011
00000000000101111000011010010011
11111101110001000010011100000011
00000000110101110010000000100011
00000000000001111100011110000011
00000001000001111001011100010011
01000001000001110101011100010011
11111110111001000001011110000011
00000000111101110110011110110011
00000001000001111001011110010011
01000001000001111101011110010011
11111110111101000001011100100011
11111110111001000101011110000011
00000000111100000000010100110011
00000010110000010010010000000011
00000011000000010000000100010011
00000000000000001000000001100111
11111101000000010000000100010011
00000010100000010010011000100011
00000011000000010000010000010011
11111100101001000010111000100011
11111101110001000010011110000011
00000000000001111010011110000011
00000000000101111000011010010011
11111101110001000010011100000011
00000000110101110010000000100011
00000000000001111100011110000011
00000001100001111001011110010011
11111110111101000010011000100011
11111101110001000010011110000011
00000000000001111010011110000011
00000000000101111000011010010011
11111101110001000010011100000011
00000000110101110010000000100011
00000000000001111100011110000011
00000001000001111001011110010011
11111110110001000010011100000011
00000000111101110110011110110011
11111110111101000010011000100011
11111101110001000010011110000011
00000000000001111010011110000011
00000000000101111000011010010011
11111101110001000010011100000011
00000000110101110010000000100011
00000000000001111100011110000011
00000000100001111001011110010011
11111110110001000010011100000011
00000000111101110110011110110011
11111110111101000010011000100011
11111101110001000010011110000011
00000000000001111010011110000011
00000000000101111000011010010011
11111101110001000010011100000011
00000000110101110010000000100011
00000000000001111100011110000011
00000000111100000000011100110011
11111110110001000010011110000011
00000000111001111110011110110011
11111110111101000010011000100011
11111110110001000010011110000011
00000000111100000000010100110011
00000010110000010010010000000011
00000011000000010000000100010011
00000000000000001000000001100111
11111101000000010000000100010011
00000010100000010010011000100011
00000011000000010000010000010011
11111100101001000010111000100011
11111101110001000010011110000011
00000000000001111010011110000011
00000000000101111000011100010011
11111101110001000010011110000011
00000000100001111010011110000011
00000000111001111111011001100011
11111111111100000000011110010011
00001000010000000000000001101111
11111101110001000010011110000011
00000000000001111010011110000011
00000000000101111000011010010011
11111101110001000010011100000011
00000000110101110010000000100011
00000000000001111100011110000011
11111110111101000010011000100011
11111110110001000010011110000011
00001000000001111111011110010011
00000100000001111000110001100011
11111101110001000010011110000011
00000000000001111010011110000011
00000000000101111000011100010011
11111101110001000010011110000011
00000000100001111010011110000011
00000000111001111111011001100011
11111111111100000000011110010011
00000011110000000000000001101111
11111110110001000010011110000011
00000111111101111111011110010011
11111110111101000010011000100011
11111101110001000010011110000011
00000000000001111010011110000011
00000000000101111000011010010011
11111101110001000010011100000011
00000000110101110010000000100011
00000000000001111100011110000011
00000000011101111001011110010011
11111110110001000010011100000011
00000000111101110110011110110011
11111110111101000010011000100011
11111110110001000010011110000011
00000000111100000000010100110011
00000010110000010010010000000011
00000011000000010000000100010011
00000000000000001000000001100111
11111110000000010000000100010011
00000000000100010010111000100011
00000000100000010010110000100011
00000010000000010000010000010011
11111110101001000010011000100011
11111110101101000010010000100011
11111110110001000010001000100011
11111110110001000010011110000011
00000000000001111010011110000011
00000000001001111000011100010011
11111110110001000010011110000011
00000000100001111010011110000011
00000000111001111111011001100011
00000000000000000000011110010011
00000110110000000000000001101111
11111110110001000010010100000011
00000000000000000000000000010011
00000000101000000000011110110011
00000000111100000000011100110011
11111110100001000010011110000011
00000000111001111000000000100011
11111110110001000010010100000011
00000000000000000000000000010011
00000000101000000000011100110011
11111110010001000010011110000011
00000000111001111010000000100011
11111110110001000010011110000011
00000000000001111010011100000011
11111110010001000010011110000011
00000000000001111010011110000011
00000000111101110000011100110011
11111110110001000010011110000011
00000000100001111010011110000011
00000000111001111111011001100011
00000000000000000000011110010011
00000001100000000000000001101111
11111110110001000010011110000011
00000000000001111010011100000011
11111110010001000010011110000011
00000000000001111010011110000011
00000000111101110000011110110011
00000000111100000000010100110011
00000001110000010010000010000011
00000001100000010010010000000011
00000010000000010000000100010011
00000000000000001000000001100111
11111110000000010000000100010011
00000000000100010010111000100011
00000000100000010010110000100011
00000010000000010000010000010011
11111110101001000010011000100011
11111110101101000010010000100011
11111110110001000010001000100011
11111110110001000010011110000011
00000000000001111010011110000011
11111110010001000010011000000011
00000000111100000000010110110011
11111110100001000010010100000011
00000000000000000000000000010011
11111110110001000010011110000011
00000000000001111010011100000011
11111110010001000010011110000011
00000000111101110000011100110011
11111110110001000010011110000011
00000000111001111010000000100011
00000000000000000000000000010011
00000001110000010010000010000011
00000001100000010010010000000011
00000010000000010000000100010011
00000000000000001000000001100111
11111110000000010000000100010011
00000000100000010010111000100011
00000010000000010000010000010011
11111110101001000010011000100011
00000000101100000000011110110011
11111110111101000000010110100011
11111110110001000010011110000011
00000000000001111010011110000011
00000000000101111000011010010011
11111110110001000010011100000011
00000000110101110010000000100011
11111110101101000100011100000011
00000000111001111000000000100011
11111110110001000010011110000011
00000000000001111010011100000011
11111110110001000010011110000011
00000000100001111010011110000011
00000000111001111111101001100011
11111110110001000010011110000011
00000000000001111010011100000011
11111110110001000010011110000011
00000000111001111010010000100011
00000000000000000000000000010011
00000001110000010010010000000011
00000010000000010000000100010011
00000000000000001000000001100111
11111110000000010000000100010011
00000000100000010010111000100011
00000010000000010000010000010011
11111110101001000010011000100011
00000000101100000000011110110011
11111110111101000001010100100011
11111110101001000101011110000011
00000000100001111101011110010011
00000001000001111001011000010011
00000001000001100101011000010011
11111110110001000010011110000011
00000000000001111010011110000011
00000000000101111000011010010011
11111110110001000010011100000011
00000000110101110010000000100011
00001111111101100111011100010011
00000000111001111000000000100011
11111110110001000010011110000011
00000000000001111010011110000011
00000000000101111000011010010011
11111110110001000010011100000011
00000000110101110010000000100011
11111110101001000101011100000011
00001111111101110111011100010011
00000000111001111000000000100011
11111110110001000010011110000011
00000000000001111010011100000011
11111110110001000010011110000011
00000000100001111010011110000011
00000000111001111111101001100011
11111110110001000010011110000011
00000000000001111010011100000011
11111110110001000010011110000011
00000000111001111010010000100011
00000000000000000000000000010011
00000001110000010010010000000011
00000010000000010000000100010011
00000000000000001000000001100111
11111110000000010000000100010011
00000000100000010010111000100011
00000010000000010000010000010011
11111110101001000010011000100011
11111110101101000010010000100011
11111110100001000010011110000011
00000001100001111101011000010011
11111110110001000010011110000011
00000000000001111010011110000011
00000000000101111000011010010011
11111110110001000010011100000011
00000000110101110010000000100011
00001111111101100111011100010011
00000000111001111000000000100011
11111110100001000010011110000011
00000001000001111101011000010011
11111110110001000010011110000011
00000000000001111010011110000011
00000000000101111000011010010011
11111110110001000010011100000011
00000000110101110010000000100011
00001111111101100111011100010011
00000000111001111000000000100011
11111110100001000010011110000011
00000000100001111101011000010011
11111110110001000010011110000011
00000000000001111010011110000011
00000000000101111000011010010011
11111110110001000010011100000011
00000000110101110010000000100011
00001111111101100111011100010011
00000000111001111000000000100011
11111110110001000010011110000011
00000000000001111010011110000011
00000000000101111000011010010011
11111110110001000010011100000011
00000000110101110010000000100011
11111110100001000010011100000011
00001111111101110111011100010011
00000000111001111000000000100011
11111110110001000010011110000011
00000000000001111010011100000011
11111110110001000010011110000011
00000000100001111010011110000011
00000000111001111111101001100011
11111110110001000010011110000011
00000000000001111010011100000011
11111110110001000010011110000011
00000000111001111010010000100011
00000000000000000000000000010011
00000001110000010010010000000011
00000010000000010000000100010011
00000000000000001000000001100111
11111110000000010000000100010011
00000000100000010010111000100011
00000010000000010000010000010011
11111110101001000010011000100011
11111110101101000010010000100011
11111110100001000010011100000011
00000111111100000000011110010011
00000010111001111110010001100011
11111110110001000010011110000011
00000000000001111010011110000011
00000000000101111000011010010011
11111110110001000010011100000011
00000000110101110010000000100011
11111110100001000010011100000011
00001111111101110111011100010011
00000000111001111000000000100011
00000101000000000000000001101111
11111110100001000010011110000011
00001111111101111111011100010011
11111110110001000010011110000011
00000000000001111010011110000011
00000000000101111000011000010011
11111110110001000010011010000011
00000000110001101010000000100011
11111000000001110110011100010011
00001111111101110111011100010011
00000000111001111000000000100011
11111110100001000010011110000011
00000000011101111101011000010011
11111110110001000010011110000011
00000000000001111010011110000011
00000000000101111000011010010011
11111110110001000010011100000011
00000000110101110010000000100011
00001111111101100111011100010011
00000000111001111000000000100011
11111110110001000010011110000011
00000000000001111010011100000011
11111110110001000010011110000011
00000000100001111010011110000011
00000000111001111111101001100011
11111110110001000010011110000011
00000000000001111010011100000011
11111110110001000010011110000011
00000000111001111010010000100011
00000000000000000000000000010011
00000001110000010010010000000011
00000010000000010000000100010011
00000000000000001000000001100111
11111110000000010000000100010011
00000000000100010010111000100011
00000000100000010010110000100011
00000010000000010000010000010011
11111110101001000010011000100011
11111110101101000010010000100011
11111110110001000010001000100011
11111110110001000010011110000011
00000000000001111010011110000011
11111110010001000010011000000011
11111110100001000010010110000011
00000000111100000000010100110011
00000000000000000000000000010011
11111110110001000010011110000011
00000000000001111010011100000011
11111110010001000010011110000011
00000000111101110000011100110011
11111110110001000010011110000011
00000000111001111010000000100011
11111110110001000010011110000011
00000000000001111010011100000011
11111110110001000010011110000011
00000000100001111010011110000011
00000000111001111111101001100011
11111110110001000010011110000011
00000000000001111010011100000011
11111110110001000010011110000011
00000000111001111010010000100011
00000000000000000000000000010011
00000001110000010010000010000011
00000001100000010010010000000011
00000010000000010000000100010011
00000000000000001000000001100111
11111101000000010000000100010011
00000010000100010010011000100011
00000010100000010010010000100011
00000011000000010000010000010011
11111100101001000010111000100011
11111100101101000010110000100011
11111101110001000010011110000011
00000000010001111010011100000011
11111101110001000010011110000011
00000000111001111010000000100011
11111101110001000010011110000011
00000000000001111010011110000011
00000000010001111000011100010011
11111101110001000010011110000011
00000000100001111010011110000011
00000000111001111111011001100011
00000000000000000000011110010011
00010111110000000000000001101111
11111101110001000010010100000011
00000000000000000000000000010011
00000000101000000000011110110011
00000000111100000000011100110011
11111101100001000010011110000011
00000000111001111001000000100011
11111101110001000010010100000011
00000000000000000000000000010011
00000000101000000000011110110011
11111110111101000010011000100011
11111101110001000010011110000011
00000000000001111010011100000011
11111110110001000010011110000011
00000000111101110000011100110011
11111101110001000010011110000011
00000000111001111010000000100011
11111101110001000010011110000011
00000000000001111010011110000011
00000000010001111000011100010011
11111101110001000010011110000011
00000000100001111010011110000011
00000000111001111111111001100011
11111101110001000010011110000011
00000000010001111010011100000011
11111101110001000010011110000011
00000000111001111010000000100011
00000000000000000000011110010011
00010000110000000000000001101111
11111101110001000010011110000011
00000000010001111010011100000011
11111101110001000010011110000011
00000000000001111010011110000011
00000000111100000000010110110011
00000000111000000000010100110011
00000000000000000000000000010011
11111110101001000010010000100011
11111101110001000010011110000011
00000000000001111010011110000011
00000000000101111000011010010011
11111101110001000010011100000011
00000000110101110010000000100011
00000000000001111100011110000011
11111110111101000010001000100011
11111101110001000010011110000011
00000000000001111010011110000011
00000000000101111000011010010011
11111101110001000010011100000011
00000000110101110010000000100011
00000000000001111100011110000011
00000000100001111001011110010011
11111110010001000010011100000011
00000000111101110110011110110011
11111110111101000010001000100011
11111101110001000010011110000011
00000000000001111010011110000011
00000000000101111000011010010011
11111101110001000010011100000011
00000000110101110010000000100011
00000000000001111100011110000011
00000001000001111001011110010011
11111110010001000010011100000011
00000000111101110110011110110011
11111110111101000010001000100011
11111101110001000010011110000011
00000000000001111010011110000011
00000000000101111000011010010011
11111101110001000010011100000011
00000000110101110010000000100011
00000000000001111100011110000011
00000001100001111001011110010011
11111110010001000010011100000011
00000000111101110110011110110011
11111110111101000010001000100011
11111110100001000010011100000011
11111110010001000010011110000011
00000000111101110000011001100011
11111111111100000000011110010011
00000100010000000000000001101111
11111101110001000010011110000011
00000000010001111010011110000011
00000000010001111000011100010011
11111101110001000010011110000011
00000000111001111010001000100011
11111101110001000010011110000011
00000000010001111010011100000011
11111110110001000010011110000011
00000000111101110000011100110011
11111101110001000010011110000011
00000000111001111010010000100011
11111101110001000010011110000011
00000000010001111010011100000011
11111101110001000010011110000011
00000000111001111010000000100011
00000000000100000000011110010011
00000000111100000000010100110011
00000010110000010010000010000011
00000010100000010010010000000011
00000011000000010000000100010011
00000000000000001000000001100111
11111101000000010000000100010011
00000010000100010010011000100011
00000010100000010010010000100011
00000011000000010000010000010011
11111100101001000010111000100011
00000000101100000000011110110011
11111100111101000001110100100011
11111101110001000010011110000011
00000000100001111010011100000011
11111101110001000010011110000011
00000000010001111010011110000011
01000000111101110000011110110011
11111110111101000010011000100011
11111101110001000010011110000011
00000000010001111010011110000011
11111111110001111000011100010011
11111101110001000010011110000011
00000000111001111010001000100011
11111101110001000010011110000011
00000000010001111010011100000011
11111101110001000010011110000011
00000000111001111010000000100011
11111101101001000101011110000011
00000000111100000000010110110011
11111101110001000010010100000011
00000000000000000000000000010011
11111110110001000010011110000011
00000001000001111001011110010011
00000001000001111101011110010011
00000000111100000000010110110011
11111101110001000010010100000011
00000000000000000000000000010011
11111101110001000010011110000011
00000000010001111010011100000011
11111101110001000010011110000011
00000000100001111010011110000011
00000000111100000000010110110011
00000000111000000000010100110011
00000000000000000000000000010011
11111110101001000010010000100011
11111101110001000010011110000011
00000000100001111010011110000011
00000000000101111000011010010011
11111101110001000010011100000011
00000000110101110010010000100011
11111110100001000010011100000011
00001111111101110111011100010011
00000000111001111000000000100011
11111110100001000010011110000011
00000000100001111101011000010011
11111101110001000010011110000011
00000000100001111010011110000011
00000000000101111000011010010011
11111101110001000010011100000011
00000000110101110010010000100011
00001111111101100111011100010011
00000000111001111000000000100011
11111110100001000010011110000011
00000001000001111101011000010011
11111101110001000010011110000011
00000000100001111010011110000011
00000000000101111000011010010011
11111101110001000010011100000011
00000000110101110010010000100011
00001111111101100111011100010011
00000000111001111000000000100011
11111110100001000010011110000011
00000001100001111101011000010011
11111101110001000010011110000011
00000000100001111010011110000011
00000000000101111000011010010011
11111101110001000010011100000011
00000000110101110010010000100011
00001111111101100111011100010011
00000000111001111000000000100011
11111101110001000010011110000011
00000000010001111010011100000011
11111101110001000010011110000011
00000000111001111010000000100011
00000000000000000000000000010011
00000010110000010010000010000011
00000010100000010010010000000011
00000011000000010000000100010011
00000000000000001000000001100111
