11111010000000010000000100010011
00000100000100010010111000100011
00000100100000010010110000100011
00000110000000010000010000010011
11111010101001000010011000100011
11111010101101000010010000100011
00000000000000000000011000010011
00000000001000000000010110010011
00000000001000000000010100010011
00000000000000000000000000010011
11111110101001000010000000100011
11111110000001000010011100000011
11111111111100000000011110010011
00000000111101110001011001100011
11111111111100000000011110010011
00100100100000000000000001101111
01000000000000000000011110010011
11111110111101000010011000100011
11111110110001000010011110000011
11111010111101000010111000100011
11111110110001000010010100000011
00000000000000000000000000010011
00000000101000000000011110110011
11111100111101000010000000100011
11111100000001000010011110000011
00000000000001111001101001100011
11111110000001000010010100000011
00000000000000000000000000010011
11111111111100000000011110010011
00100001000000000000000001101111
11111100000001000010011110000011
11111110110001000010011000000011
00000000000000000000010110010011
00000000111100000000010100110011
00000000000000000000000000010011
11111011110001000000011110010011
00000000111100000000011000110011
00000000000000001001011110110111
00000000000001111000011110010011
10010001001001111000010110010011
11111110000001000010010100000011
00000000000000000000000000010011
00000000101000000000011110110011
00000010000001111000000001100011
11111100000001000010011110000011
00000000111100000000010100110011
00000000000000000000000000010011
11111110000001000010010100000011
00000000000000000000000000010011
11111111111100000000011110010011
00011011110000000000000001101111
11111011110001000010011100000011
11111110110001000010011110000011
00000010111101110100000001100011
11111100000001000010011110000011
00000000111100000000010100110011
00000000000000000000000000010011
11111110110001000010011110000011
01000000000001111000011110010011
11111110111101000010011000100011
11110101100111111111000001101111
00000000000000000000000000010011
11111100000001000010011110000011
11111110111101000010010000100011
11111100000001000010011110000011
11111011110001000010011100000011
00000000111001111000011110110011
11111100111101000010111000100011
11111110000001000010001000100011
00010100110000000000000001101111
11111110100001000010011110000011
11111100111101000010110000100011
11111110100001000010011110000011
00000010000001111000011110010011
11111110111101000010010000100011
11111101100001000010011000000011
00000000000000001001011110110111
00000000000001111000011110010011
10010001001101111000010110010011
11111110000001000010010100000011
00000000000000000000000000010011
00000000101000000000011110110011
00000000000001111000010001100011
00010001010000000000000001101111
11111101100001000010011110000011
00000001000001111001011110000011
00000001000001111001011110010011
00000001000001111101011110010011
00000000000101111111011110010011
00000000000001111001010001100011
00001111100000000000000001101111
11111101100001000010011110000011
00000001000001111001011110000011
00000001000001111001011110010011
00000001000001111101011110010011
00000100000001111111011110010011
00000000000001111001010001100011
00001101110000000000000001101111
11111101100001000010011000000011
00000000000000001001011110110111
00000000000001111000011110010011
10010001010101111000010110010011
11111110000001000010010100000011
00000000000000000000000000010011
00000000101000000000011110110011
00000000000001111000010001100011
00001011100000000000000001101111
11111101100001000010011110000011
00000001000001111000011110010011
11111100111101000010101000100011
11111101010001000010011110000011
00000000010001111010011110000011
00000000111100000000010100110011
00000000000000000000000000010011
11111100101001000010100000100011
11111101000001000010011110000011
00000000000001111001010001100011
00001000110000000000000001101111
11111101100001000010011000000011
00000000000000001001011110110111
00000000000001111000011110010011
10010001101101111000010110010011
11111110000001000010010100000011
00000000000000000000000000010011
00000000101000000000011110110011
00000000000001111000010001100011
00000110100000000000000001101111
11111101100001000010011110000011
00000001000001111000011110010011
11111100111101000010011000100011
11111100110001000010011110000011
00000000010001111010011110000011
00000000111100000000010100110011
00000000000000000000000000010011
11111100101001000010010000100011
11111110010001000010011100000011
11111010100001000010011110000011
00000010111101110101100001100011
11111110010001000010011110000011
00000000001101111001011110010011
11111010110001000010011100000011
00000000111101110000011110110011
11111100111101000010001000100011
11111100010001000010011110000011
11111101000001000010011100000011
00000000111001111010000000100011
11111100010001000010011110000011
11111100100001000010011100000011
00000000111001111010001000100011
11111110010001000010011110000011
00000000000101111000011110010011
11111110111101000010001000100011
11111110100001000010011100000011
11111101110001000010011110000011
11101010111101110110100011100011
11111100000001000010011110000011
00000000111100000000010100110011
00000000000000000000000000010011
11111110000001000010010100000011
00000000000000000000000000010011
11111110010001000010011110000011
00000000111100000000010100110011
00000101110000010010000010000011
00000101100000010010010000000011
00000110000000010000000100010011
00000000000000001000000001100111
11111101000000010000000100010011
00000010000100010010011000100011
00000010100000010010010000100011
00000011000000010000010000010011
11111100101001000010111000100011
00000000010000000000010110010011
00000000000100000000010100010011
00000000000000000000000000010011
00000000101000000000011110110011
11111110111101000010011000100011
11111110110001000010011110000011
00000000000001111001011001100011
00000000000000000000011110010011
00000111110000000000000001101111
00000000000000000000011000010011
11111101110001000010010110000011
00000000001000000000010100010011
00000000000000000000000000010011
00000000101000000000011100110011
11111110110001000010011110000011
00000000111001111010000000100011
11111110110001000010011110000011
00000000000001111010011100000011
11111111111100000000011110010011
00000000111101110001101001100011
11111110110001000010010100000011
00000000000000000000000000010011
00000000000000000000011110010011
00000100000000000000000001101111
11111110110001000010011110000011
00000000000001111010011100000011
00000000000000000001011110110111
00000000000001111000011110010011
10000000000001111000011000010011
00000000010000000000010110010011
00000000111000000000010100110011
00000000000000000000000000010011
00000000101000000000011110110011
00000000000001111000101001100011
11111110110001000010010100000011
00000000000000000000000000010011
00000000000000000000011110010011
00000000100000000000000001101111
11111110110001000010011110000011
00000000111100000000010100110011
00000010110000010010000010000011
00000010100000010010010000000011
00000011000000010000000100010011
00000000000000001000000001100111
11111110000000010000000100010011
00000000000100010010111000100011
00000000100000010010110000100011
00000010000000010000010000010011
00000000001000000000010100010011
00000000000000000000000000010011
11111110101001000010011000100011
11111110110001000010011110000011
00000000000001111001011001100011
00000000000000000000011110010011
00000011000000000000000001101111
00000000000100000000011110010011
11111110111101000010010000100011
11111110110001000010011110000011
00000000000001111010011110000011
11111110100001000000011010010011
00000000010000000000011100010011
00000000011000000000011000010011
00000000000100000000010110010011
00000000111100000000010100110011
00000000000000000000000000010011
11111110110001000010011110000011
00000000111100000000010100110011
00000001110000010010000010000011
00000001100000010010010000000011
00000010000000010000000100010011
00000000000000001000000001100111
11111111000000010000000100010011
00000000000100010010011000100011
00000000100000010010010000100011
00000001000000010000010000010011
00000000000100000000010100010011
00000000000000000000000000010011
00000000101000000000011110110011
00000000111100000000010100110011
00000000110000010010000010000011
00000000100000010010010000000011
00000001000000010000000100010011
00000000000000001000000001100111
11111110000000010000000100010011
00000000000100010010111000100011
00000000100000010010110000100011
00000010000000010000010000010011
11111110101001000010011000100011
11111110110001000010011110000011
00000000000001111010011110000011
00000000111100000000010100110011
00000000000000000000000000010011
11111110110001000010010100000011
00000000000000000000000000010011
00000000000000000000000000010011
00000001110000010010000010000011
00000001100000010010010000000011
00000010000000010000000100010011
00000000000000001000000001100111
11111110000000010000000100010011
00000000000100010010111000100011
00000000100000010010110000100011
00000010000000010000010000010011
11111110101001000010011000100011
11111110110001000010011110000011
00000000000001111010011110000011
00000000001000000000010110010011
00000000111100000000010100110011
00000000000000000000000000010011
00000000000000000000000000010011
00000001110000010010000010000011
00000001100000010010010000000011
00000010000000010000000100010011
00000000000000001000000001100111
11111101000000010000000100010011
00000010000100010010011000100011
00000010100000010010010000100011
00000011000000010000010000010011
11111100101001000010111000100011
11111100101101000010110000100011
11111101100001000010011110000011
11111110111101000010011000100011
11111101110001000010011110000011
00000000000001111010011110000011
11111110110001000000011010010011
00000000010000000000011100010011
00000000011100000000011000010011
00000000000100000000010110010011
00000000111100000000010100110011
00000000000000000000000000010011
00000000000000000000000000010011
00000010110000010010000010000011
00000010100000010010010000000011
00000011000000010000000100010011
00000000000000001000000001100111
11111101000000010000000100010011
00000010000100010010011000100011
00000010100000010010010000100011
00000011000000010000010000010011
11111100101001000010111000100011
11111100101101000010110000100011
11111101100001000010011110000011
11111110111101000010011000100011
11111101110001000010011110000011
00000000000001111010011110000011
11111110110001000000011010010011
00000000010000000000011100010011
00000000100000000000011000010011
00000000000100000000010110010011
00000000111100000000010100110011
00000000000000000000000000010011
00000000000000000000000000010011
00000010110000010010000010000011
00000010100000010010010000000011
00000011000000010000000100010011
00000000000000001000000001100111
11111101000000010000000100010011
00000010000100010010011000100011
00000010100000010010010000100011
00000011000000010000010000010011
11111100101001000010111000100011
00000000000100000000011110010011
11111110111101000010011000100011
11111101110001000010011110000011
00000000000001111010011110000011
11111110110001000000011010010011
00000000010000000000011100010011
00000000001000000000011000010011
00000000000100000000010110010011
00000000111100000000010100110011
00000000000000000000000000010011
00000000000000000000000000010011
00000010110000010010000010000011
00000010100000010010010000000011
00000011000000010000000100010011
00000000000000001000000001100111
11111111000000010000000100010011
00000000000100010010011000100011
00000000100000010010010000100011
00000001000000010000010000010011
00000000000000000000000000010011
00000000101000000000011110110011
00000000000001111010011110000011
00000000111100000000010100110011
00000000110000010010000010000011
00000000100000010010010000000011
00000001000000010000000100010011
00000000000000001000000001100111
11111100000000010000000100010011
00000010000100010010111000100011
00000010100000010010110000100011
00000100000000010000010000010011
11111100101001000010011000100011
00000001000000000000011110010011
11111100111101000010111000100011
11111100110001000010011110000011
00000000000001111010011110000011
11111101110001000000011010010011
11111110000001000000011100010011
00000000110100000000011000110011
00000000111000000000010110110011
00000000111100000000010100110011
00000000000000000000000000010011
00000000101000000000011110110011
00000000000001111000011001100011
00000000000000000000011110010011
00000001010000000000000001101111
11111110010001000010011110000011
00000000111100000000010100110011
00000000000000000000000000010011
00000000101000000000011110110011
00000000111100000000010100110011
00000011110000010010000010000011
00000011100000010010010000000011
00000100000000010000000100010011
00000000000000001000000001100111
11111100000000010000000100010011
00000010000100010010111000100011
00000010100000010010110000100011
00000100000000010000010000010011
11111100101001000010011000100011
00000001000000000000011110010011
11111100111101000010111000100011
11111100110001000010011110000011
00000000000001111010011110000011
11111101110001000000011010010011
11111110000001000000011100010011
00000000110100000000011000110011
00000000111000000000010110110011
00000000111100000000010100110011
00000000000000000000000000010011
00000000101000000000011110110011
00000000000001111000011001100011
00000000000000000000011110010011
00000001010000000000000001101111
11111110001001000101011110000011
00000000111100000000010100110011
00000000000000000000000000010011
00000000101000000000011110110011
00000000111100000000010100110011
00000011110000010010000010000011
00000011100000010010010000000011
00000100000000010000000100010011
00000000000000001000000001100111
11111100000000010000000100010011
00000010000100010010111000100011
00000010100000010010110000100011
00000100000000010000010000010011
11111100101001000010011000100011
00000001000000000000011110010011
11111100111101000010111000100011
11111100110001000010011110000011
00000000000001111010011110000011
11111101110001000000011010010011
11111110000001000000011100010011
00000000110100000000011000110011
00000000111000000000010110110011
00000000111100000000010100110011
00000000000000000000000000010011
00000000101000000000011110110011
00000000000001111000011001100011
00000000000000000000011110010011
00000001010000000000000001101111
11111110010001000010011110000011
00000000111100000000010100110011
00000000000000000000000000010011
00000000101000000000011110110011
00000000111100000000010100110011
00000011110000010010000010000011
00000011100000010010010000000011
00000100000000010000000100010011
00000000000000001000000001100111
11111011000000010000000100010011
00000100000100010010011000100011
00000100100000010010010000100011
00000101000000010000010000010011
11111010101001000010111000100011
11111010101101000010110000100011
11111100100001000000011110010011
00000010000000000000011000010011
00000000000000000000010110010011
00000000111100000000010100110011
00000000000000000000000000010011
00000000001000000000011110010011
11111100111101000010011000100011
00000000000100000000011110010011
11111100111101000010100000100011
00000000011000000000011110010011
11111100111101000010101000100011
11111100010001000000011100010011
11111100100001000000011110010011
00000000111000000000011010110011
00000000111100000000011000110011
00000000000000000000010110010011
11111011100001000010010100000011
00000000000000000000000000010011
00000000101000000000011110110011
00000000000001111000011001100011
00000000000000000000011110010011
00000011010000000000000001101111
11111100010001000010011110000011
00000001010001111010011110000011
11111110111101000010011000100011
11111110110001000010011110000011
00000000010001111010011110000011
00000000111100000000010100110011
00000000000000000000000000010011
11111110101001000010010000100011
11111100010001000010011110000011
00000000111100000000010100110011
00000000000000000000000000010011
11111110100001000010011110000011
00000000111100000000010100110011
00000100110000010010000010000011
00000100100000010010010000000011
00000101000000010000000100010011
00000000000000001000000001100111
11111101000000010000000100010011
00000010000100010010011000100011
00000010100000010010010000100011
00000011000000010000010000010011
11111100101001000010111000100011
11111100101101000010110000100011
11111100110001000010101000100011
11111110100001000000011110010011
00000000100000000000011000010011
00000000000000000000010110010011
00000000111100000000010100110011
00000000000000000000000000010011
11111101100001000010010100000011
00000000000000000000000000010011
00000000101000000000011110110011
11111110111101000010010000100011
11111101010001000010010100000011
00000000000000000000000000010011
00000000101000000000011110110011
11111110111101000010011000100011
11111101110001000010011110000011
00000000000001111010011110000011
11111110100001000000011010010011
00000000100000000000011100010011
00000010001100000000011000010011
00000000000000000000010110010011
00000000111100000000010100110011
00000000000000000000000000010011
00000000101000000000011110110011
00000000000001111000011001100011
00000000000000000000011110010011
00000000100000000000000001101111
00000000000100000000011110010011
00000000111100000000010100110011
00000010110000010010000010000011
00000010100000010010010000000011
00000011000000010000000100010011
00000000000000001000000001100111
11111101000000010000000100010011
00000010000100010010011000100011
00000010100000010010010000100011
00000011000000010000010000010011
11111100101001000010111000100011
11111100101101000010110000100011
11111100110001000010101000100011
11111110100001000000011110010011
00000000100000000000011000010011
00000000000000000000010110010011
00000000111100000000010100110011
00000000000000000000000000010011
11111101100001000010010100000011
00000000000000000000000000010011
00000000101000000000011110110011
11111110111101000010010000100011
11111101010001000010010100000011
00000000000000000000000000010011
00000000101000000000011110110011
11111110111101000010011000100011
11111101110001000010011110000011
00000000000001111010011110000011
11111110100001000000011010010011
00000000100000000000011100010011
00000010010000000000011000010011
00000000000000000000010110010011
00000000111100000000010100110011
00000000000000000000000000010011
00000000101000000000011110110011
00000000000001111000011001100011
00000000000000000000011110010011
00000000100000000000000001101111
00000000000100000000011110010011
00000000111100000000010100110011
00000010110000010010000010000011
00000010100000010010010000000011
00000011000000010000000100010011
00000000000000001000000001100111
11111100000000010000000100010011
00000010000100010010111000100011
00000010100000010010110000100011
00000100000000010000010000010011
11111100101001000010011000100011
11111100101101000010010000100011
00000000110000000000011110110011
00000000110100000000011100110011
11111100111101000001001100100011
00000000111000000000011110110011
11111100111101000000001010100011
11111100010101000100011110000011
11111110111101000010011000100011
11111100110001000010011110000011
00000000000001111010011110000011
11111110110001000000011010010011
00000000010000000000011100010011
00000000001000000000011000010011
00000000000100000000010110010011
00000000111100000000010100110011
00000000000000000000000000010011
11111101110001000000011110010011
00000001000000000000011000010011
00000000000000000000010110010011
00000000111100000000010100110011
00000000000000000000000000010011
00000000001000000000011110010011
11111100111101000001111000100011
11111100100001000010010100000011
00000000000000000000000000010011
00000000101000000000011110110011
11111110111101000010000000100011
11111100011001000101011110000011
00000000111100000000010100110011
00000000000000000000000000010011
00000000101000000000011110110011
11111100111101000001111100100011
11111100110001000010011110000011
00000000000001111010011110000011
11111101110001000000011100010011
00000001000000000000011000010011
00000000111000000000010110110011
00000000111100000000010100110011
00000000000000000000000000010011
00000000101000000000011110110011
00000000000001111000011001100011
00000000000000000000011110010011
00000000100000000000000001101111
00000000000100000000011110010011
00000000111100000000010100110011
00000011110000010010000010000011
00000011100000010010010000000011
00000100000000010000000100010011
00000000000000001000000001100111
11111011000000010000000100010011
00000100000100010010011000100011
00000100100000010010010000100011
00000101000000010000010000010011
11111100101001000010011000100011
11111100101101000010010000100011
00000000110000000000011110110011
11111010110101000010110000100011
11111010111001000010111000100011
11111100111101000001001100100011
11111110000001000000011110010011
00000001000000000000011000010011
00000000000000000000010110010011
00000000111100000000010100110011
00000000000000000000000000010011
00000000001000000000011110010011
11111110111101000001000000100011
11111100100001000010010100000011
00000000000000000000000000010011
00000000101000000000011110110011
11111110111101000010001000100011
11111100011001000101011110000011
00000000111100000000010100110011
00000000000000000000000000010011
00000000101000000000011110110011
11111110111101000001000100100011
11111100110001000010011110000011
00000000000001111010011110000011
11111110000001000000011100010011
00000001000000000000011000010011
00000000111000000000010110110011
00000000111100000000010100110011
00000000000000000000000000010011
00000000101000000000011110110011
00000100000001111000010001100011
00000000000000000000000000010011
00000000101000000000011110110011
00000000000001111010011100000011
00000000101100000000011110010011
00000010111101110000101001100011
00000000000000000000000000010011
00000000101000000000011110110011
00000000000001111010011100000011
00000000101100000000011110010011
00000010111101110000000001100011
00000000000000000000000000010011
00000000101000000000011110110011
00000000000001111010011100000011
00000111001100000000011110010011
00000000111101110000011001100011
00000000000000000000011110010011
00000110010000000000000001101111
11111100110001000010011110000011
00000000000001111010011110000011
11111100111101000010110000100011
00000000010000000000011110010011
11111100111101000001111000100011
11111100000001000001111100100011
11111011100001000010011100000011
11111101100001000000011110010011
00000000111000000000011000110011
00000000000100000000010110010011
00000000111100000000010100110011
00000000000000000000000000010011
00000000101000000000011110110011
00000000111100000100011001100011
00000000000000000000011110010011
00000010010000000000000001101111
11111101111001000001011110000011
00000001000001111001011110010011
00000001000001111101011110010011
00000000010001111111011110010011
00000000000001111001011001100011
00000000000000000000011110010011
00000000100000000000000001101111
00000000000100000000011110010011
00000000111100000000010100110011
00000100110000010010000010000011
00000100100000010010010000000011
00000101000000010000000100010011
00000000000000001000000001100111
11111011000000010000000100010011
00000100000100010010011000100011
00000100100000010010010000100011
00000101000000010000010000010011
11111100101001000010011000100011
11111100101101000010010000100011
11111100110001000010001000100011
11111010110101000010110000100011
11111010111001000010111000100011
11111100100001000010011110000011
11111110111101000010011000100011
11111100110001000010011110000011
00000000000001111010011110000011
00000000000000000100011010110111
00000000000001101000011010010011
11111100010001000010011000000011
11111110110001000010010110000011
00000000111100000000010100110011
00000000000000000000000000010011
11111110101001000010010000100011
11111100010001000010011110000011
11111110100001000010011100000011
00000000111101110100011001100011
00000000000100000000011110010011
00100001100000000000000001101111
11111110100001000010011110000011
00000100000001111101010001100011
00000000000000000000000000010011
00000000101000000000011110110011
00000000000001111010011100000011
00000000101100000000011110010011
00000010111101110000101001100011
00000000000000000000000000010011
00000000101000000000011110110011
00000000000001111010011100000011
00000000101100000000011110010011
00000010111101110000000001100011
00000000000000000000000000010011
00000000101000000000011110110011
00000000000001111010011100000011
00000111001100000000011110010011
00000000111101110000011001100011
00000000000000000000011110010011
00011100110000000000000001101111
11111110100001000010011110000011
00000010111100000101001001100011
11111110100001000010011110000011
11111110110001000010011100000011
00000000111101110000011110110011
11111110111101000010011000100011
11111110100001000010011110000011
11111100010001000010011100000011
01000000111101110000011110110011
11111100111101000010001000100011
00000000000000000000000000010011
11111011100001000010011000000011
11111011110001000010011010000011
00000000101001100000011100110011
00000000111000000000100000110011
00000000110010000011100000110011
00000000101101101000011110110011
00000000111110000000011010110011
00000000110100000000011110110011
11111110111001000010000000100011
11111110111101000010001000100011
11111100110001000010011110000011
00000000000001111010011110000011
11111100111101000010100000100011
00000000010000000000011110010011
11111100111101000001101000100011
11111100000001000001101100100011
11111011100001000010011100000011
11111101000001000000011110010011
00000000111000000000011000110011
00000000000100000000010110010011
00000000111100000000010100110011
00000000000000000000000000010011
00000000101000000000011110110011
00000000111100000100011001100011
00000000000000000000011110010011
00010011100000000000000001101111
11111101011001000001011110000011
00000001000001111001011110010011
00000001000001111101011110010011
00000000010001111111011110010011
00000000000001111001011001100011
00000000000000000000011110010011
00010001110000000000000001101111
11111100110001000010011110000011
00000000000001111010011110000011
00000000000000000100011010110111
00000000000001101000011010010011
11111100010001000010011000000011
11111110110001000010010110000011
00000000111100000000010100110011
00000000000000000000000000010011
11111110101001000010010000100011
11111100010001000010011110000011
11111110100001000010011100000011
00000000111101110100011001100011
00000000000100000000011110010011
00001110010000000000000001101111
11111110100001000010011110000011
00000100000001111101010001100011
00000000000000000000000000010011
00000000101000000000011110110011
00000000000001111010011100000011
00000000101100000000011110010011
00000010111101110000101001100011
00000000000000000000000000010011
00000000101000000000011110110011
00000000000001111010011100000011
00000000101100000000011110010011
00000010111101110000000001100011
00000000000000000000000000010011
00000000101000000000011110110011
00000000000001111010011100000011
00000111001100000000011110010011
00000000111101110000011001100011
00000000000000000000011110010011
00001001100000000000000001101111
11111110100001000010011110000011
00000010111100000101001001100011
11111110100001000010011110000011
11111110110001000010011100000011
00000000111101110000011110110011
11111110111101000010011000100011
11111110100001000010011110000011
11111100010001000010011100000011
01000000111101110000011110110011
11111100111101000010001000100011
00000000000000000000000000010011
11111100101001000010110000100011
11111100101101000010111000100011
11111110010001000010011100000011
11111101110001000010011110000011
00000010111001111110001001100011
11111110010001000010011100000011
11111101110001000010011110000011
00000000111101110001100001100011
11111110000001000010011100000011
11111101100001000010011110000011
00000000111001111110011001100011
00000000000000000000011110010011
00000011100000000000000001101111
11111110000001000010011000000011
11111110010001000010011010000011
11111101100001000010010100000011
11111101110001000010010110000011
01000000101001100000011100110011
00000000111000000000100000110011
00000001000001100011100000110011
01000000101101101000011110110011
01000001000001111000011010110011
00000000110100000000011110110011
11111010111001000010110000100011
11111010111101000010111000100011
11101001000111111111000001101111
00000000111100000000010100110011
00000100110000010010000010000011
00000100100000010010010000000011
00000101000000010000000100010011
00000000000000001000000001100111
11111010000000010000000100010011
00000100000100010010111000100011
00000100100000010010110000100011
00000110000000010000010000010011
11111010101001000010111000100011
11111010101101000010110000100011
11111010110101000010100000100011
11111010111001000010011000100011
11111010111101000010000000100011
11111011000001000010001000100011
00000000110000000000011110110011
11111010111101000001101100100011
11111100100001000000011110010011
00000001000000000000011000010011
00000000000000000000010110010011
00000000111100000000010100110011
00000000000000000000000000010011
00000000001000000000011110010011
11111100111101000001010000100011
11111011100001000010010100000011
00000000000000000000000000010011
00000000101000000000011110110011
11111100111101000010011000100011
11111011011001000101011110000011
00000000111100000000010100110011
00000000000000000000000000010011
00000000101000000000011110110011
11111100111101000001010100100011
11111011000001000010011110000011
11111110111101000010011000100011
11111011110001000010011110000011
00000000000001111010010100000011
11111100100001000000011100010011
00000001000000000000011110010011
00000000000000000000011010010011
11111010110001000010011000000011
11111110110001000010010110000011
00000000000000000000000000010011
11111110101001000010010000100011
11111010110001000010011110000011
11111110100001000010011100000011
00000000111101110100011001100011
00000000000100000000011110010011
00100001100000000000000001101111
11111110100001000010011110000011
00000100000001111101010001100011
00000000000000000000000000010011
00000000101000000000011110110011
00000000000001111010011100000011
00000000101100000000011110010011
00000010111101110000101001100011
00000000000000000000000000010011
00000000101000000000011110110011
00000000000001111010011100000011
00000000101100000000011110010011
00000010111101110000000001100011
00000000000000000000000000010011
00000000101000000000011110110011
00000000000001111010011100000011
00000111001100000000011110010011
00000000111101110000011001100011
00000000000000000000011110010011
00011100110000000000000001101111
11111110100001000010011110000011
00000010111100000101001001100011
11111110100001000010011110000011
11111110110001000010011100000011
00000000111101110000011110110011
11111110111101000010011000100011
11111110100001000010011110000011
11111010110001000010011100000011
01000000111101110000011110110011
11111010111101000010011000100011
00000000000000000000000000010011
11111010000001000010011000000011
11111010010001000010011010000011
00000000101001100000011100110011
00000000111000000000100000110011
00000000110010000011100000110011
00000000101101101000011110110011
00000000111110000000011010110011
00000000110100000000011110110011
11111110111001000010000000100011
11111110111101000010001000100011
11111011110001000010011110000011
00000000000001111010011110000011
11111100111101000010000000100011
00000000010000000000011110010011
11111100111101000001001000100011
11111100000001000001001100100011
11111010000001000010011100000011
11111100000001000000011110010011
00000000111000000000011000110011
00000000000100000000010110010011
00000000111100000000010100110011
00000000000000000000000000010011
00000000101000000000011110110011
00000000111100000100011001100011
00000000000000000000011110010011
00010011100000000000000001101111
11111100011001000001011110000011
00000001000001111001011110010011
00000001000001111101011110010011
00000000010001111111011110010011
00000000000001111001011001100011
00000000000000000000011110010011
00010001110000000000000001101111
11111011110001000010011110000011
00000000000001111010010100000011
11111100100001000000011100010011
00000001000000000000011110010011
00000000000000000000011010010011
11111010110001000010011000000011
11111110110001000010010110000011
00000000000000000000000000010011
11111110101001000010010000100011
11111010110001000010011110000011
11111110100001000010011100000011
00000000111101110100011001100011
00000000000100000000011110010011
00001110010000000000000001101111
11111110100001000010011110000011
00000100000001111101010001100011
00000000000000000000000000010011
00000000101000000000011110110011
00000000000001111010011100000011
00000000101100000000011110010011
00000010111101110000101001100011
00000000000000000000000000010011
00000000101000000000011110110011
00000000000001111010011100000011
00000000101100000000011110010011
00000010111101110000000001100011
00000000000000000000000000010011
00000000101000000000011110110011
00000000000001111010011100000011
00000111001100000000011110010011
00000000111101110000011001100011
00000000000000000000011110010011
00001001100000000000000001101111
11111110100001000010011110000011
00000010111100000101001001100011
11111110100001000010011110000011
11111110110001000010011100000011
00000000111101110000011110110011
11111110111101000010011000100011
11111110100001000010011110000011
11111010110001000010011100000011
01000000111101110000011110110011
11111010111101000010011000100011
00000000000000000000000000010011
11111100101001000010110000100011
11111100101101000010111000100011
11111110010001000010011100000011
11111101110001000010011110000011
00000010111001111110001001100011
11111110010001000010011100000011
11111101110001000010011110000011
00000000111101110001100001100011
11111110000001000010011100000011
11111101100001000010011110000011
00000000111001111110011001100011
00000000000000000000011110010011
00000011100000000000000001101111
11111110000001000010011000000011
11111110010001000010011010000011
11111101100001000010010100000011
11111101110001000010010110000011
01000000101001100000011100110011
00000000111000000000100000110011
00000001000001100011100000110011
01000000101101101000011110110011
01000001000001111000011010110011
00000000110100000000011110110011
11111010111001000010000000100011
11111010111101000010001000100011
11101001000111111111000001101111
00000000111100000000010100110011
00000101110000010010000010000011
00000101100000010010010000000011
00000110000000010000000100010011
00000000000000001000000001100111
11111100000000010000000100010011
00000010000100010010111000100011
00000010100000010010110000100011
00000100000000010000010000010011
11111100101001000010111000100011
11111100101101000010110000100011
11111100110001000010101000100011
11111100110101000010010000100011
11111100111001000010011000100011
11111101110001000010011110000011
00000000000001111010011100000011
11111101010001000010011110000011
00000000000001111010011110000011
00000000000000000000011010010011
00000000111100000000011000110011
11111101100001000010010110000011
00000000111000000000010100110011
00000000000000000000000000010011
11111110101001000010011000100011
11111110110001000010011110000011
00000000111100000101110001100011
11111110110001000010011100000011
11111101010001000010011110000011
00000000111001111010000000100011
00000000000100000000011110010011
00001111110000000000000001101111
11111110110001000010011110000011
00000000000001111001011001100011
00000000000000000000011110010011
00001110110000000000000001101111
00000000000000000000000000010011
00000000101000000000011110110011
00000000000001111010011100000011
00000000101100000000011110010011
00000010111101110000101001100011
00000000000000000000000000010011
00000000101000000000011110110011
00000000000001111010011100000011
00000000101100000000011110010011
00000010111101110000000001100011
00000000000000000000000000010011
00000000101000000000011110110011
00000000000001111010011100000011
00000111001100000000011110010011
00000000111101110000011001100011
00000000000000000000011110010011
00001010100000000000000001101111
11111101110001000010011110000011
00000000000001111010011110000011
11111110111101000010001000100011
00000000000100000000011110010011
11111110111101000001010000100011
11111110000001000001010100100011
11111100100001000010011100000011
11111110010001000000011110010011
00000000111000000000011000110011
00000000000100000000010110010011
00000000111100000000010100110011
00000000000000000000000000010011
00000000101000000000011110110011
00000000111100000100011001100011
00000000000000000000011110010011
00000110100000000000000001101111
11111110101001000001011110000011
00000001000001111001011110010011
00000001000001111101011110010011
00000000000101111111011110010011
00000000000001111001011001100011
00000000000000000000011110010011
00000100110000000000000001101111
11111101110001000010011110000011
00000000000001111010011100000011
11111101010001000010011110000011
00000000000001111010011110000011
00000000000000000000011010010011
00000000111100000000011000110011
11111101100001000010010110000011
00000000111000000000010100110011
00000000000000000000000000010011
11111110101001000010011000100011
11111110110001000010011110000011
00000000111100000101110001100011
11111110110001000010011100000011
11111101010001000010011110000011
00000000111001111010000000100011
00000000000100000000011110010011
00000000100000000000000001101111
00000000000000000000011110010011
00000000111100000000010100110011
00000011110000010010000010000011
00000011100000010010010000000011
00000100000000010000000100010011
00000000000000001000000001100111
11111011000000010000000100010011
00000100000100010010011000100011
00000100100000010010010000100011
00000101000000010000010000010011
11111100101001000010011000100011
11111100101101000010010000100011
11111100110001000010001000100011
11111100110101000010000000100011
11111010111001000010111000100011
11111010111101000010100000100011
11111011000001000010101000100011
11111101110001000000011110010011
00000001000000000000011000010011
00000000000000000000010110010011
00000000111100000000010100110011
00000000000000000000000000010011
00000001000000000000011110010011
11111100111101000010110000100011
11111100110001000010011110000011
00000000000001111010010100000011
11111011110001000010011110000011
00000000000001111010011000000011
11111101100001000000011110010011
11111101110001000000011100010011
00000000000000000000011010010011
11111100000001000010010110000011
00000000000000000000000000010011
11111110101001000010011000100011
11111110110001000010011110000011
00000100111100000101011001100011
11111110000001000010011110000011
00000000111100000000010100110011
00000000000000000000000000010011
00000000101000000000011100110011
11111100100001000010011110000011
00000000111001111010000000100011
11111101111001000101011110000011
00000000111100000000010100110011
00000000000000000000000000010011
00000000101000000000011110110011
00000000111100000000011100110011
11111100010001000010011110000011
00000000111001111001000000100011
11111110110001000010011100000011
11111011110001000010011110000011
00000000111001111010000000100011
00000000000100000000011110010011
00010011000000000000000001101111
11111110110001000010011110000011
00000000000001111001011001100011
00000000000000000000011110010011
00010010000000000000000001101111
00000000000000000000000000010011
00000000101000000000011110110011
00000000000001111010011100000011
00000000101100000000011110010011
00000010111101110000101001100011
00000000000000000000000000010011
00000000101000000000011110110011
00000000000001111010011100000011
00000000101100000000011110010011
00000010111101110000000001100011
00000000000000000000000000010011
00000000101000000000011110110011
00000000000001111010011100000011
00000111001100000000011110010011
00000000111101110000011001100011
00000000000000000000011110010011
00001101110000000000000001101111
11111100110001000010011110000011
00000000000001111010011110000011
11111100111101000010100000100011
00000000000100000000011110010011
11111100111101000001101000100011
11111100000001000001101100100011
11111011000001000010011100000011
11111101000001000000011110010011
00000000111000000000011000110011
00000000000100000000010110010011
00000000111100000000010100110011
00000000000000000000000000010011
00000000101000000000011110110011
00000000111100000100011001100011
00000000000000000000011110010011
00001001110000000000000001101111
11111101011001000001011110000011
00000001000001111001011110010011
00000001000001111101011110010011
00000000000101111111011110010011
00000000000001111001011001100011
00000000000000000000011110010011
00001000000000000000000001101111
11111100110001000010011110000011
00000000000001111010010100000011
11111011110001000010011110000011
00000000000001111010011000000011
11111101100001000000011110010011
11111101110001000000011100010011
00000000000000000000011010010011
11111100000001000010010110000011
00000000000000000000000000010011
11111110101001000010011000100011
11111110110001000010011110000011
00000100111100000101011001100011
11111110000001000010011110000011
00000000111100000000010100110011
00000000000000000000000000010011
00000000101000000000011100110011
11111100100001000010011110000011
00000000111001111010000000100011
11111101111001000101011110000011
00000000111100000000010100110011
00000000000000000000000000010011
00000000101000000000011110110011
00000000111100000000011100110011
11111100010001000010011110000011
00000000111001111001000000100011
11111110110001000010011100000011
11111011110001000010011110000011
00000000111001111010000000100011
00000000000100000000011110010011
00000000100000000000000001101111
00000000000000000000011110010011
00000000111100000000010100110011
00000100110000010010000010000011
00000100100000010010010000000011
00000101000000010000000100010011
00000000000000001000000001100111
