11111101000000010000000100010011
00000010000100010010011000100011
00000010100000010010010000100011
00000011000000010000010000010011
00000000101000000000011110110011
00000000101100000000011100110011
11111100110001000010110000100011
11111100110101000010101000100011
11111100111101000001111100100011
00000000111000000000011110110011
11111100111101000000111010100011
00000000000000000010011110110111
00000000000001111000011110010011
00000110100001111000010110010011
00000000000100000000010100010011
00000000000000000000000000010011
00000000101000000000011110110011
11111110111101000010011000100011
11111110110001000010011110000011
00000000000001111001111001100011
00010000000000010000011110110111
00000000000001111000010110010011
11111101010001000010010100000011
00000000000000000000000000010011
00000000000000000000011110010011
00011111000000000000000001101111
11111110110001000010011110000011
11111101010001000010011100000011
00000010111001111010000000100011
11111110110001000010011110000011
00000000111100000000010100110011
00000000000000000000000000010011
11111110110001000010010100000011
00000000000000000000000000010011
11111101100001000010011100000011
01010010010000000000011110010011
00000010111101110101011100110011
01010010010000000000011110010011
00000010111101110000011100110011
11111110110001000010011110000011
00000100111001111010000000100011
11111110110001000010011110000011
00000100000001111010011110000011
00000000000001111001111001100011
11111101100001000010011000000011
00010000000000010000011110110111
00000011110001111000010110010011
11111101010001000010010100000011
00000000000000000000000000010011
00010100000000000000000001101111
11111110110001000010011110000011
00000100000001111010011110000011
01010010010001111000011100010011
11111110110001000010011110000011
00000100111001111010000000100011
11111110110001000010011110000011
00000100000001111010011110000011
00000000111100000000010100110011
00000000000000000000000000010011
00000000101000000000011110110011
00000000111100000000011100110011
11111110110001000010011110000011
00000010111001111010111000100011
11111110110001000010011110000011
00000011110001111010011110000011
00000010000001111001001001100011
11111110110001000010011110000011
00000100000001111010011110000011
00000000111100000000011000110011
00010000000000010000011110110111
00000111100001111000010110010011
11111101010001000010010100000011
00000000000000000000000000010011
00001110000000000000000001101111
00000000000000000000000000010011
00000000101000000000011100110011
11111110110001000010011110000011
00000010111001111010001000100011
11111110110001000010011110000011
00000010010001111010011110000011
00000000000001111001110001100011
00010000000000010000011110110111
00001011100001111000010110010011
11111101010001000010010100000011
00000000000000000000000000010011
00001011000000000000000001101111
11111110110001000010011110000011
00000010010001111010011110000011
00000000000100000000010110110111
00000000000001011000010110010011
00000000111100000000010100110011
00000000000000000000000000010011
11111110110001000010011110000011
00000010010001111010011110000011
11111101110101000100011010000011
11111101111001000101011100000011
00000000111000000000011000110011
00000000000000000000010110010011
00000000111100000000010100110011
00000000000000000000000000010011
00000000101000000000011110110011
00000000000101111100011110010011
00001111111101111111011110010011
00000010000001111000000001100011
11111101111001000101011110000011
00000000111100000000011000110011
00010000000000010000011110110111
00001110110001111000010110010011
11111101010001000010010100000011
00000000000000000000000000010011
00000100110000000000000001101111
11111110110001000010011110000011
00000100100001111000011100010011
11111110110001000010011000000011
00000000010000000001011110110111
10010101110001111000010110010011
00000000111000000000010100110011
00000000000000000000000000010011
00000000101000000000011110110011
00000000000101111100011110010011
00001111111101111111011110010011
00000000000001111000110001100011
00010000000000010000011110110111
00010010100001111000010110010011
11111101010001000010010100000011
00000000000000000000000000010011
00000000110000000000000001101111
11111110110001000010011110000011
00000101010000000000000001101111
11111110110001000010011110000011
00000010010001111010011110000011
00000000000001111000101001100011
11111110110001000010011110000011
00000010010001111010011110000011
00000000111100000000010100110011
00000000000000000000000000010011
11111110110001000010011110000011
00000011110001111010011110000011
00000000000001111000101001100011
11111110110001000010011110000011
00000011110001111010011110000011
00000000111100000000010100110011
00000000000000000000000000010011
11111110110001000010011110000011
00000000111100000000010100110011
00000000000000000000000000010011
11111110110001000010010100000011
00000000000000000000000000010011
00000000000000000000011110010011
00000000111100000000010100110011
00000010110000010010000010000011
00000010100000010010010000000011
00000011000000010000000100010011
00000000000000001000000001100111
11111110000000010000000100010011
00000000000100010010111000100011
00000000100000010010110000100011
00000010000000010000010000010011
11111110101001000010011000100011
11111110110001000010011110000011
00000000000100000000011100010011
00000100111001111000011000100011
11111110110001000010011110000011
00000100100001111010011110000011
00000000111100000000010100110011
00000000000000000000000000010011
11111110110001000010011110000011
00000010010001111010011110000011
00000000111100000000010100110011
00000000000000000000000000010011
11111110110001000010011110000011
00000000111100000000010100110011
00000000000000000000000000010011
11111110110001000010011110000011
00000011110001111010011110000011
00000000111100000000010100110011
00000000000000000000000000010011
11111110110001000010010100000011
00000000000000000000000000010011
00000000000000000000000000010011
00000001110000010010000010000011
00000001100000010010010000000011
00000010000000010000000100010011
00000000000000001000000001100111
11111110000000010000000100010011
00000000000100010010111000100011
00000000100000010010110000100011
00000010000000010000010000010011
11111110101001000010011000100011
11111110101101000010010000100011
00000000110000000000011110110011
11111110110101000010000000100011
11111110111101000001001100100011
11111110110001000010011110000011
00000000111100000000010100110011
00000000000000000000000000010011
11111110110001000010011110000011
11111110100001000010011100000011
00000010111001111010011000100011
11111110110001000010011110000011
11111110011001000101011100000011
00000010111001111001100000100011
11111110110001000010011110000011
11111110000001000010011100000011
00000010111001111010010000100011
11111110100001000010011110000011
00000000000001111000110001100011
11111110011001000101011110000011
00000000000001111000100001100011
11111110110001000010011110000011
00000000000100000000011100010011
00000010111001111000100100100011
11111110110001000010011110000011
00000000111100000000010100110011
00000000000000000000000000010011
00000000000000000000000000010011
00000001110000010010000010000011
00000001100000010010010000000011
00000010000000010000000100010011
00000000000000001000000001100111
11111110000000010000000100010011
00000000100000010010111000100011
00000010000000010000010000010011
11111110101001000010011000100011
11111110110001000010011110000011
00000010010001111010011110000011
00000000111100000000010100110011
00000001110000010010010000000011
00000010000000010000000100010011
00000000000000001000000001100111
11111101000000010000000100010011
00000010000100010010011000100011
00000010100000010010010000100011
00000010100100010010001000100011
00000011000000010000010000010011
11111100101001000010111000100011
11111101110001000010011110000011
00000010010001111010011110000011
00000000111100000000010100110011
00000000000000000000000000010011
00000000101000000000011110110011
11111110111101000001011100100011
11111110111001000101011110000011
00000010000001111001100001100011
11111101110001000010011110000011
00000010000001111010010010000011
00000000000000000000000000010011
00000000101000000000011110110011
00000000111100000000011000110011
00010000000000010000011110110111
00010101100001111000010110010011
00000000100100000000010100110011
00000000000000000000000000010011
00000000000000000000011110010011
00000000100000000000000001101111
11111110111001000101011110000011
00000000111100000000010100110011
00000010110000010010000010000011
00000010100000010010010000000011
00000010010000010010010010000011
00000011000000010000000100010011
00000000000000001000000001100111
11111110000000010000000100010011
00000000000100010010111000100011
00000000100000010010110000100011
00000000100100010010101000100011
00000010000000010000010000010011
11111110101001000010011000100011
11111110101101000010010000100011
11111110110001000010001000100011
11111110110001000010011110000011
00000010010001111010011110000011
11111110010001000010011000000011
11111110100001000010010110000011
00000000111100000000010100110011
00000000000000000000000000010011
00000000101000000000011110110011
00000000000101111100011110010011
00001111111101111111011110010011
00000010000001111000100001100011
11111110110001000010011110000011
00000010000001111010010010000011
00000000000000000000000000010011
00000000101000000000011110110011
00000000111100000000011000110011
00010000000000010000011110110111
00011001010001111000010110010011
00000000100100000000010100110011
00000000000000000000000000010011
11111111111100000000011110010011
00000000100000000000000001101111
00000000000100000000011110010011
00000000111100000000010100110011
00000001110000010010000010000011
00000001100000010010010000000011
00000001010000010010010010000011
00000010000000010000000100010011
00000000000000001000000001100111
11111110000000010000000100010011
00000000000100010010111000100011
00000000100000010010110000100011
00000000100100010010101000100011
00000010000000010000010000010011
11111110101001000010011000100011
11111110101101000010010000100011
11111110110001000010001000100011
11111110110001000010011110000011
00000010010001111010011110000011
11111110010001000010011000000011
11111110100001000010010110000011
00000000111100000000010100110011
00000000000000000000000000010011
00000000101000000000011110110011
00000000000101111100011110010011
00001111111101111111011110010011
00000010000001111000010001100011
11111110110001000010011110000011
00000010000001111010010010000011
00000000000000000000000000010011
00000000101000000000011110110011
00000000111100000000011000110011
00010000000000010000011110110111
00011101010001111000010110010011
00000000100100000000010100110011
00000000000000000000000000010011
00000000000000000000000000010011
00000001110000010010000010000011
00000001100000010010010000000011
00000001010000010010010010000011
00000010000000010000000100010011
00000000000000001000000001100111
11111101000000010000000100010011
00000010100000010010011000100011
00000011000000010000010000010011
11111100101001000010111000100011
11111100101101000010110000100011
11111101100001000010011110000011
00000000000101111000011110010011
00000000000001111100011110000011
00000000100001111001011110010011
00000001000001111001011100010011
00000001000001110101011100010011
00000000000000000010011110110111
00000000000001111000011110010011
11110000000001111000011110010011
00000000111101110111011110110011
11111110111101000001011100100011
11111101100001000010011110000011
00000000001001111000011110010011
00000000000001111100011110000011
00000001000001111001011100010011
00000001000001110101011100010011
11111110111001000101011110000011
00000000111101110110011110110011
11111110111101000001011100100011
11111101100001000010011110000011
00000000000101111000011110010011
00000000000001111100011110000011
00000001100001111001011110010011
01000001100001111101011110010011
00001111111101111111011110010011
00000000011101111101011110010011
11111110111101000000011010100011
11111110110101000100011110000011
00000010000001111000100001100011
11111101110001000010011110000011
00000101010001111010011110000011
00000000000101111000011100010011
11111101110001000010011110000011
00000100111001111010101000100011
11111110111001000101011110000011
11111101110001000010011100000011
00000000111101110000011110110011
11111111111100000000011100010011
00000110111001111000010000100011
00001101000000000000000001101111
11111110111001000101011100000011
00000000000000000010011110110111
00000000000001111000011110010011
11111111111101111000011110010011
00001010111101110000000001100011
11111101100001000010011110000011
00000000001101111000011110010011
00000000000001111100011110000011
00000001000001111111011110010011
00000000111100000011011110110011
11111110111101000000011000100011
11111110110001000100011110000011
00000000000101111100011110010011
00001111111101111111011110010011
00001000000001111001000001100011
11111101100001000010011110000011
00000000001101111000011110010011
00000000000001111100011110000011
00000000111101111111011110010011
11111110111101000000010110100011
11111110111001000101011110000011
11111101110001000010011100000011
00000000111101110000011110110011
00000110100001111100011110000011
11111110111101000000010100100011
11111110111001000101011110000011
11111101110001000010011100000011
00000000111101110000011110110011
11111110101101000100011100000011
00000110111001111000010000100011
11111110101001000100011100000011
00001111111100000000011110010011
00000100111101110000000001100011
11111110101101000100011100000011
11111110101001000100011110000011
00000000000101111000011110010011
00000000111101111111011110010011
00000010111101110000101001100011
11111101110001000010011110000011
00000101110001111010011110000011
00000000000101111000011100010011
11111101110001000010011110000011
00000100111001111010111000100011
00000010000000000000000001101111
00000000000000000000000000010011
00000001100000000000000001101111
00000000000000000000000000010011
00000001000000000000000001101111
00000000000000000000000000010011
00000000100000000000000001101111
00000000000000000000000000010011
00000010110000010010010000000011
00000011000000010000000100010011
00000000000000001000000001100111
11111101000000010000000100010011
00000010000100010010011000100011
00000010100000010010010000100011
00000011000000010000010000010011
11111100101001000010111000100011
11111100101101000010110000100011
11111101100001000010011110000011
00000000000001111010011110000011
00000000001001111000011100010011
11111101100001000010011110000011
00000000111001111010000000100011
11111101100001000010010100000011
00000000000000000000000000010011
00000000101000000000011110110011
11111110111101000010010000100011
11111101100001000010011110000011
00000000000001111010011110000011
00000000100001111000011100010011
11111101100001000010011110000011
00000000111001111010000000100011
11111101110001000010011110000011
00000110010001111010011110000011
11111110111101000010001000100011
11111101110001000010011110000011
11111110100001000010011100000011
00000110111001111010001000100011
11111110010001000010011100000011
11111111111100000000011110010011
00000110111101110000101001100011
11111110010001000010011110000011
00000000000101111000011100010011
00000000000000010000011110110111
00000000000001111000011110010011
11111111111101111000011110010011
00000000111101110111011110110011
11111110100001000010011100000011
00000100111101110000111001100011
11111101110001000010011110000011
00000101100001111010011110000011
00000000000101111000011100010011
11111101110001000010011110000011
00000100111001111010110000100011
11111110000001000010011000100011
00000010010000000000000001101111
11111101110001000010011100000011
11111110110001000010011110000011
00000000111101110000011110110011
11111111111100000000011100010011
00000110111001111000010000100011
11111110110001000010011110000011
00000000000101111000011110010011
11111110111101000010011000100011
11111110110001000010011100000011
00000000000000000010011110110111
00000000000001111000011110010011
11111100111101110100101011100011
00000001000000000000000001101111
00000000000000000000000000010011
00000000100000000000000001101111
00000000000000000000000000010011
00000010110000010010000010000011
00000010100000010010010000000011
00000011000000010000000100010011
00000000000000001000000001100111
10000001000000010000000100010011
01111110000100010010011000100011
01111110100000010010010000100011
01111111000000010000010000010011
10111011000000010000000100010011
11111111111111111111011110110111
00000000000001111000011110010011
11111111000001000000011100010011
00000000111101110000011110110011
00111100101001111010111000100011
11111111111111111111011110110111
00000000000001111000011110010011
11111111000001000000011100010011
00000000111101110000011110110011
00111101110001111010011110000011
00000000111100000000010100110011
00000000000000000000000000010011
11111111111111111111011110110111
00000000000001111000011110010011
11111111000001000000011100010011
00000000111101110000011110110011
00111101110001111010011110000011
00000010100001111010011110000011
11111110111101000010011000100011
11111111111111111111011110110111
00000000000001111000011110010011
11111111000001000000011100010011
00000000111101110000011110110011
00111101110001111010011110000011
00000010110001111010011110000011
11111110111101000010010000100011
11111111111111111111011110110111
00000000000001111000011110010011
11111111000001000000011100010011
00000000111101110000011110110011
00111101110001111010011110000011
00000011000001111101011110000011
11111110111101000001001100100011
11111111111111111111011110110111
00000000000001111000011110010011
11111111000001000000011100010011
00000000111101110000011110110011
00111101110001111010011110000011
00000010000001111000100100100011
11111111111111111111011110110111
00000000000001111000011110010011
11111111000001000000011100010011
00000000111101110000011110110011
00111101110001111010011110000011
00000000111100000000010100110011
00000000000000000000000000010011
11111110100001000010011110000011
00001010000001111000111001100011
11111110011001000101011110000011
00001010000001111000101001100011
11111111111111111111011110110111
00000000000001111000011110010011
00111110000001111000011110010011
11111111000001000000011100010011
00000000111101110000011110110011
00000000111100000000010100110011
00000000000000000000000000010011
11111111111111111111011110110111
00000000000001111000011110010011
00111110000001111000011110010011
11111111000001000000011100010011
00000000111101110000011110110011
11111110110001000010010110000011
00000000111100000000010100110011
00000000000000000000000000010011
11111111111111111111011110110111
00000000000001111000011110010011
11111111000001000000011100010011
00000000111101110000011110110011
00111101110001111010011110000011
00000010010001111010010100000011
11111111111111111111011110110111
00000000000001111000011110010011
11111111000001000000011100010011
00000000111101110000011110110011
00111110010001111010011010000011
11111111111111111111011110110111
00000000000001111000011110010011
11111111000001000000011100010011
00000000111101110000011110110011
00111110100001111010011100000011
11111111111111111111011110110111
00000000000001111000011110010011
11111111000001000000011000010011
00000000111101100000011110110011
00111110010001111010011110000011
01000000111101110000011110110011
00000000111100000000011100110011
11111110011001000101011000000011
00000001100100000000011110010011
00000000000000000000100000010011
11111110100001000010010110000011
00000000000000000000000000010011
00000000100000000000000001101111
00000000000000000000000000010011
01000101000000010000000100010011
01111110110000010010000010000011
01111110100000010010010000000011
01111111000000010000000100010011
00000000000000001000000001100111
10000001000000010000000100010011
01111110000100010010011000100011
01111110100000010010010000100011
01111111000000010000010000010011
10111001000000010000000100010011
11111111111111111111011110110111
00000000000001111000011110010011
11111111000001000000011100010011
00000000111101110000011110110011
00111010101001111010111000100011
11111111111111111111011110110111
00000000000001111000011110010011
11111111000001000000011100010011
00000000111101110000011110110011
00111011110001111010011110000011
11111110111101000010000000100011
00000000000000000000000000010011
11111110101001000010010000100011
11111110101101000010011000100011
00101111010000000000000001101111
00000000000000000000000000010011
11111100101001000010110000100011
11111100101101000010111000100011
11111110000001000010011110000011
00000011001001111100011110000011
00001111111101111111011110010011
00000010000001111001010001100011
11111110110001000010011100000011
11111101110001000010011110000011
00000100111001111110101001100011
11111110110001000010011100000011
11111101110001000010011110000011
00000000111101110001100001100011
11111110100001000010011100000011
11111101100001000010011110000011
00000010111001111110111001100011
11111110000001000010010100000011
00000000000000000000000000010011
11111101100001000010011000000011
11111101110001000010011010000011
00111110100000000000010100010011
00000000000000000000010110010011
00000000101001100000011100110011
00000000111000000000100000110011
00000000110010000011100000110011
00000000101101101000011110110011
00000000111110000000011010110011
00000000110100000000011110110011
11111110111001000010010000100011
11111110111101000010011000100011
11111111111111111111011110110111
00000000000001111000011110010011
00111100110001111000011110010011
11111111000001000000011100010011
00000000111101110000011110110011
00000000111100000000010100110011
00000000000000000000000000010011
01010011000000000000011110010011
11111100111101000010100000100011
11111110000001000010011110000011
00000010010001111010010100000011
11111111111111111111011110110111
00000000000001111000011110010011
11111111000001000000011100010011
00000000111101110000011110110011
00111101010001111010011110000011
11111101000001000000011000010011
00000001100100000000011010010011
00000000000000000000011100010011
00000000111100000000010110110011
00000000000000000000000000010011
00000000101000000000011110110011
00000000000101111100011110010011
00001111111101111111011110010011
00100000000001111001011001100011
11111111111111111111011110110111
00000000000001111000011110010011
11111111000001000000011100010011
00000000111101110000011110110011
00111101010001111010011100000011
11111101000001000010011110000011
00000000111101110000011100110011
11111111111111111111011110110111
00000000000001111000011110010011
11111111000001000000011010010011
00000000111101101000011110110011
00111100111001111010101000100011
11111101000001000010011100000011
01010011000000000000011110010011
00000100111101110001101001100011
11111111111111111111011110110111
00000000000001111000011110010011
00111100110001111000011110010011
11111111000001000000011100010011
00000000111101110000011110110011
00000000111100000000010110110011
11111110000001000010010100000011
00000000000000000000000000010011
11111111111111111111011110110111
00000000000001111000011110010011
11111111000001000000011100010011
00000000111101110000011110110011
00111101010001111010011100000011
11111111111111111111011110110111
00000000000001111000011110010011
11111111000001000000011010010011
00000000111101101000011110110011
00111100110001111010011110000011
01000000111101110000011110110011
11111100111101000010100000100011
11111101000001000010011100000011
01010010010000000000011110010011
00010110111101110001111001100011
11111110000001000010011110000011
00000000111100000000010100110011
00000000000000000000000000010011
11111110000001000010011110000011
00000011010001111010011110000011
11111110111101000010001000100011
11111110000001000010011110000011
00000011110001111010011100000011
11111110010001000010011110000011
00000000111101110000011110110011
11111100111101000010101000100011
11111111111111111111011110110111
00000000000001111000011110010011
11111111000001000000011100010011
00000000111101110000011110110011
00111100110001111010011110000011
11111101000001000010011100000011
00000000111000000000011000110011
00000000111100000000010110110011
11111101010001000010010100000011
00000000000000000000000000010011
11111110000001000010011110000011
00000101000001111010011110000011
00000000000101111000011100010011
11111110000001000010011110000011
00000100111001111010100000100011
11111101010001000010010110000011
11111110000001000010010100000011
00000000000000000000000000010011
11111101010001000010011110000011
00001011110001111000011110010011
00000000111100000000010110110011
11111110000001000010010100000011
00000000000000000000000000010011
11111101010001000010011110000011
00010111100001111000011110010011
00000000111100000000010110110011
11111110000001000010010100000011
00000000000000000000000000010011
11111101010001000010011110000011
00100011010001111000011110010011
00000000111100000000010110110011
11111110000001000010010100000011
00000000000000000000000000010011
11111101010001000010011110000011
00101111000001111000011110010011
00000000111100000000010110110011
11111110000001000010010100000011
00000000000000000000000000010011
11111101010001000010011110000011
00111010110001111000011110010011
00000000111100000000010110110011
11111110000001000010010100000011
00000000000000000000000000010011
11111101010001000010011110000011
01000110100001111000011110010011
00000000111100000000010110110011
11111110000001000010010100000011
00000000000000000000000000010011
11111101000001000010011110000011
11111110010001000010011100000011
00000000111101110000011110110011
11111110111101000010001000100011
11111110000001000010011110000011
00000100000001111010011110000011
11111110010001000010011100000011
00000000111101110110110001100011
11111110000001000010011110000011
00000100000001111010011110000011
11111110010001000010011100000011
01000000111101110000011110110011
11111110111101000010001000100011
11111110000001000010011110000011
00000011100001111010011110000011
11111110010001000010011100000011
00000010111101110001010001100011
11111110000001000010011110000011
00000110000001111010011110000011
00000000000101111000011100010011
11111110000001000010011110000011
00000110111001111010000000100011
11111110000001000010011110000011
00000000111100000000010100110011
00000000000000000000000000010011
00000010110000000000000001101111
11111110000001000010011110000011
11111110010001000010011100000011
00000010111001111010101000100011
11111110000001000010011110000011
00000000111100000000010100110011
00000000000000000000000000010011
00000001000000000000000001101111
00000000000000000000000000010011
00000000100000000000000001101111
00000000000000000000000000010011
11111110000001000010011110000011
00000100110001111100011110000011
00001111111101111111011110010011
00000000000101111100011110010011
00001111111101111111011110010011
11001110000001111001111011100011
00000000000000000000000000010011
00000000000000000000000000010011
01000111000000010000000100010011
01111110110000010010000010000011
01111110100000010010010000000011
01111111000000010000000100010011
00000000000000001000000001100111
11111100000000010000000100010011
00000010000100010010111000100011
00000010100000010010110000100011
00000100000000010000010000010011
11111100101001000010011000100011
11111100101101000010010000100011
11111100110001000010001000100011
11111100110001000010011110000011
00000000111100000000010100110011
00000000000000000000000000010011
11111100110001000010011110000011
00000011010001111010011110000011
11111110111101000010000000100011
11111100110001000010011110000011
00000011100001111010011110000011
11111110111101000010011000100011
11111100110001000010011110000011
00000100010001111010011110000011
00000100000001111000010001100011
11111100110001000010011110000011
00000100010001111010011110000011
11111110110001000010011100000011
00000000111101110000011110110011
11111110111101000010011000100011
11111100110001000010011110000011
00000100000001111010011110000011
11111110110001000010011100000011
00000000111101110110110001100011
11111100110001000010011110000011
00000100000001111010011110000011
11111110110001000010011100000011
01000000111101110000011110110011
11111110111101000010011000100011
11111100110001000010011110000011
11111110110001000010011100000011
00000010111001111010110000100011
11111110000001000010011100000011
11111110110001000010011110000011
00000010111101110001010001100011
11111100110001000010011110000011
00000100000001111010001000100011
11111100010001000010011110000011
00000000000001111010000000100011
11111100110001000010011110000011
00000000111100000000010100110011
00000000000000000000000000010011
00000000000000000000011110010011
00001100110000000000000001101111
11111100100001000010011100000011
01010010010000000000011110010011
00000010111101110101011100110011
01010010010000000000011110010011
00000010111101110000011110110011
11111110111101000010010000100011
11111110100001000010011110000011
00000010000001111001010001100011
11111100110001000010011110000011
00000100000001111010001000100011
11111100010001000010011110000011
00000000000001111010000000100011
11111100110001000010011110000011
00000000111100000000010100110011
00000000000000000000000000010011
00000000000000000000011110010011
00001000100000000000000001101111
11111110000001000010011100000011
11111110110001000010011110000011
00000000111001111111110001100011
11111110000001000010011100000011
11111110110001000010011110000011
01000000111101110000011110110011
11111110111101000010001000100011
00000001100000000000000001101111
11111100110001000010011110000011
00000100000001111010011100000011
11111110110001000010011110000011
01000000111101110000011110110011
11111110111101000010001000100011
11111110100001000010011100000011
11111110010001000010011110000011
00000000111001111111011001100011
11111110010001000010011110000011
11111110111101000010010000100011
11111100110001000010011110000011
11111110100001000010011100000011
00000100111001111010001000100011
11111100010001000010011110000011
11111110100001000010011100000011
00000000111001111010000000100011
11111100110001000010011110000011
00000011110001111010011100000011
11111110110001000010011110000011
00000000111101110000011110110011
11111100111101000010111000100011
11111100110001000010011110000011
00000000111100000000010100110011
00000000000000000000000000010011
11111101110001000010011110000011
00000000111100000000010100110011
00000011110000010010000010000011
00000011100000010010010000000011
00000100000000010000000100010011
00000000000000001000000001100111
11111101000000010000000100010011
00000010000100010010011000100011
00000010100000010010010000100011
00000011000000010000010000010011
11111100101001000010111000100011
11111101110001000010011110000011
00000000111100000000010100110011
00000000000000000000000000010011
11111101110001000010011110000011
00000011010001111010011100000011
11111101110001000010011110000011
00000010111001111010110000100011
11111101110001000010011110000011
00000100000001111010001000100011
11111101110001000010011110000011
11111111111100000000011100010011
00000110111001111010001000100011
11111110000001000010011000100011
00000010010000000000000001101111
11111101110001000010011100000011
11111110110001000010011110000011
00000000111101110000011110110011
11111111111100000000011100010011
00000110111001111000010000100011
11111110110001000010011110000011
00000000000101111000011110010011
11111110111101000010011000100011
11111110110001000010011100000011
00000000000000000010011110110111
00000000000001111000011110010011
11111100111101110100101011100011
11111101110001000010011110000011
00000100000001111010100000100011
11111101110001000010011110000011
00000100000001111010101000100011
11111101110001000010011110000011
00000100000001111010110000100011
11111101110001000010011110000011
00000100000001111010111000100011
11111101110001000010011110000011
00000110000001111010000000100011
11111101110001000010011110000011
00000000111100000000010100110011
00000000000000000000000000010011
00000000000000000000000000010011
00000010110000010010000010000011
00000010100000010010010000000011
00000011000000010000000100010011
00000000000000001000000001100111
11111100000000010000000100010011
00000010000100010010111000100011
00000010100000010010110000100011
00000100000000010000010000010011
11111100101001000010011000100011
11111101110001000000011110010011
00000000111100000000010110110011
11111100110001000010010100000011
00000000000000000000000000010011
11111100110001000010011110000011
00000010000001111010010100000011
11111101110001000010011000000011
11111110000001000010011010000011
11111110010001000010011100000011
11111110100001000010011110000011
11111110110001000010010110000011
00000000101100000000100000110011
00010000000000010000010110110111
00100001010001011000010110010011
00000000000000000000000000010011
00000000000000000000000000010011
00000011110000010010000010000011
00000011100000010010010000000011
00000100000000010000000100010011
00000000000000001000000001100111
11111110000000010000000100010011
00000000000100010010111000100011
00000000100000010010110000100011
00000010000000010000010000010011
11111110101001000010011000100011
11111110101101000010010000100011
00000001010000000000011000010011
00000000000000000000010110010011
11111110100001000010010100000011
00000000000000000000000000010011
11111110110001000010011110000011
00000000111100000000010100110011
00000000000000000000000000010011
11111110110001000010011110000011
00000101000001111010011100000011
11111110100001000010011110000011
00000000111001111010000000100011
11111110110001000010011110000011
00000101100001111010011100000011
11111110100001000010011110000011
00000000111001111010001000100011
11111110110001000010011110000011
00000101010001111010011100000011
11111110100001000010011110000011
00000000111001111010010000100011
11111110110001000010011110000011
00000101110001111010011100000011
11111110100001000010011110000011
00000000111001111010011000100011
11111110110001000010011110000011
00000110000001111010011100000011
11111110100001000010011110000011
00000000111001111010100000100011
11111110110001000010011110000011
00000000111100000000010100110011
00000000000000000000000000010011
00000000000000000000000000010011
00000001110000010010000010000011
00000001100000010010010000000011
00000010000000010000000100010011
00000000000000001000000001100111
