11111010000000010000000100010011
00000100000100010010111000100011
00000100100000010010110000100011
00000110000000010000010000010011
11111010101001000010011000100011
11111010110001000010011110000011
00001111111101111111011110010011
11111110111101000010001000100011
00000000010000000000011110110111
00000000000001111000011100010011
11111110010001000010011110000011
00000000001001111001011110010011
00000000111101110000011110110011
00000000000001111010011110000011
11111110111101000010010000100011
11111110100001000010011110000011
11111110111101000010011000100011
00000100010000000000000001101111
11111110100001000010011110000011
00000000000001111010011110000011
11111010110001000010011100000011
00000000111101110001100001100011
11111110100001000010011110000011
00000000010001111010011110000011
00010110100000000000000001101111
11111110100001000010011110000011
00000000000001111010011110000011
11111010110001000010011100000011
00000010111101110110001001100011
11111110100001000010011110000011
11111110111101000010011000100011
11111110100001000010011110000011
00000000100001111010011110000011
11111110111101000010010000100011
11111110100001000010011110000011
11111010000001111001111011100011
00000000100000000000000001101111
00000000000000000000000000010011
00000000110000000000010100010011
00000000000000000000000000010011
11111110101001000010000000100011
11111010110001000010010100000011
00000000000000000000000000010011
11111100101001000010111000100011
11111101110001000010011110000011
00000100000001111000011001100011
11111101110001000010011110000011
00000000000001111010011110000011
00000000111100000000010100110011
00000000000000000000000000010011
00000000101000000000011110110011
00000000000101111000011110010011
00000000111100000000010100110011
00000000000000000000000000010011
00000000101000000000011100110011
11111101110001000010011110000011
00000000000001111010011110000011
00000000111100000000010110110011
00000000111000000000010100110011
00000000000000000000000000010011
00000000101000000000011100110011
11111110000001000010011110000011
00000000111001111010001000100011
00000110000000000000000001101111
11111011110001000000011100010011
11111010110001000010011010000011
00010000000000010000011110110111
00000000000001111000011000010011
00000001111000000000010110010011
00000000111000000000010100110011
00000000000000000000000000010011
11111100000001000000110110100011
11111011110001000000011110010011
00000000111100000000010100110011
00000000000000000000000000010011
00000000101000000000011110110011
00000000000101111000011110010011
00000000111100000000010100110011
00000000000000000000000000010011
00000000101000000000011100110011
11111011110001000000011110010011
00000000111100000000010110110011
00000000111000000000010100110011
00000000000000000000000000010011
00000000101000000000011100110011
11111110000001000010011110000011
00000000111001111010001000100011
11111110000001000010011110000011
11111010110001000010011100000011
00000000111001111010000000100011
11111110000001000010011110000011
11111110100001000010011100000011
00000000111001111010010000100011
00000000010000000000011110110111
00000000000001111000011100010011
11111110010001000010011110000011
00000000001001111001011110010011
00000000111101110000011110110011
00000000000001111010011110000011
11111110100001000010011100000011
00000010111101110001001001100011
00000000010000000000011110110111
00000000000001111000011100010011
11111110010001000010011110000011
00000000001001111001011110010011
00000000111101110000011110110011
11111110000001000010011100000011
00000000111001111010000000100011
00000001000000000000000001101111
11111110110001000010011110000011
11111110000001000010011100000011
00000000111001111010010000100011
11111110000001000010011110000011
00000000010001111010011110000011
00000000111100000000010100110011
00000101110000010010000010000011
00000101100000010010010000000011
00000110000000010000000100010011
00000000000000001000000001100111
11111010000000010000000100010011
00000100000100010010111000100011
00000100100000010010110000100011
00000110000000010000010000010011
11111010101001000010011000100011
11111010110001000010011110000011
00001111111101111111011110010011
11111110111101000010001000100011
00000000010000000000011110110111
00000000000001111000011100010011
11111110010001000010011110000011
00000000001001111001011110010011
00000000111101110000011110110011
00000000000001111010011110000011
11111110111101000010010000100011
11111110100001000010011110000011
11111110111101000010011000100011
00000100010000000000000001101111
11111110100001000010011110000011
00000000000001111010011110000011
11111010110001000010011100000011
00000000111101110001100001100011
11111110100001000010011110000011
00000000010001111010011110000011
00010110100000000000000001101111
11111110100001000010011110000011
00000000000001111010011110000011
11111010110001000010011100000011
00000010111101110110001001100011
11111110100001000010011110000011
11111110111101000010011000100011
11111110100001000010011110000011
00000000100001111010011110000011
11111110111101000010010000100011
11111110100001000010011110000011
11111010000001111001111011100011
00000000100000000000000001101111
00000000000000000000000000010011
00000000110000000000010100010011
00000000000000000000000000010011
11111110101001000010000000100011
11111010110001000010010100000011
00000000000000000000000000010011
11111100101001000010111000100011
11111101110001000010011110000011
00000100000001111000011001100011
11111101110001000010011110000011
00000000000001111010011110000011
00000000111100000000010100110011
00000000000000000000000000010011
00000000101000000000011110110011
00000000000101111000011110010011
00000000111100000000010100110011
00000000000000000000000000010011
00000000101000000000011100110011
11111101110001000010011110000011
00000000000001111010011110000011
00000000111100000000010110110011
00000000111000000000010100110011
00000000000000000000000000010011
00000000101000000000011100110011
11111110000001000010011110000011
00000000111001111010001000100011
00000110000000000000000001101111
11111011110001000000011100010011
11111010110001000010011010000011
00010000000000010000011110110111
00000000000001111000011000010011
00000001111000000000010110010011
00000000111000000000010100110011
00000000000000000000000000010011
11111100000001000000110110100011
11111011110001000000011110010011
00000000111100000000010100110011
00000000000000000000000000010011
00000000101000000000011110110011
00000000000101111000011110010011
00000000111100000000010100110011
00000000000000000000000000010011
00000000101000000000011100110011
11111011110001000000011110010011
00000000111100000000010110110011
00000000111000000000010100110011
00000000000000000000000000010011
00000000101000000000011100110011
11111110000001000010011110000011
00000000111001111010001000100011
11111110000001000010011110000011
11111010110001000010011100000011
00000000111001111010000000100011
11111110000001000010011110000011
11111110100001000010011100000011
00000000111001111010010000100011
00000000010000000000011110110111
00000000000001111000011100010011
11111110010001000010011110000011
00000000001001111001011110010011
00000000111101110000011110110011
00000000000001111010011110000011
11111110100001000010011100000011
00000010111101110001001001100011
00000000010000000000011110110111
00000000000001111000011100010011
11111110010001000010011110000011
00000000001001111001011110010011
00000000111101110000011110110011
11111110000001000010011100000011
00000000111001111010000000100011
00000001000000000000000001101111
11111110110001000010011110000011
11111110000001000010011100000011
00000000111001111010010000100011
11111110000001000010011110000011
00000000010001111010011110000011
00000000111100000000010100110011
00000101110000010010000010000011
00000101100000010010010000000011
00000110000000010000000100010011
00000000000000001000000001100111
11111101000000010000000100010011
00000010000100010010011000100011
00000010100000010010010000100011
00000011000000010000010000010011
11111100101001000010111000100011
11111100101101000010100000100011
11111100110001000010101000100011
11111101110001000010011110000011
00001111111101111111011110010011
11111110111101000010001000100011
00000000010000000000011110110111
00000000000001111000011100010011
11111110010001000010011110000011
00000000001001111001011110010011
00000000111101110000011110110011
00000000000001111010011110000011
11111110111101000010011000100011
11111110110001000010011110000011
11111110111101000010010000100011
00000110100000000000000001101111
11111110110001000010011110000011
00000000000001111010011110000011
11111101110001000010011100000011
00000110111101110110001001100011
11111110110001000010011110000011
00000000000001111010011110000011
11111101110001000010011100000011
00000010111101110001101001100011
11111110110001000010011110000011
00000000100001111010011100000011
00000000110001111010011110000011
11111101010001000010011010000011
00000000111100000000011000110011
00000000110101100110111001100011
11111101010001000010011010000011
00000000111100000000011000110011
00000010110001101001110001100011
11111101000001000010011010000011
00000000111000000000011110110011
00000010110101111111011001100011
11111110110001000010011110000011
11111110111101000010010000100011
11111110110001000010011110000011
00000001000001111010011110000011
11111110111101000010011000100011
11111110110001000010011110000011
11111000000001111001110011100011
00000001000000000000000001101111
00000000000000000000000000010011
00000000100000000000000001101111
00000000000000000000000000010011
11111110110001000010011110000011
00000010000001111000101001100011
11111110110001000010011110000011
00000000000001111010011110000011
11111101110001000010011100000011
00000010111101110001001001100011
11111110110001000010011110000011
00000000100001111010011100000011
00000000110001111010011110000011
11111101000001000010011010000011
00000000111000000000011000110011
00000000110001101001011001100011
11111101010001000010011010000011
00001000111101101000011001100011
00000001100000000000010100010011
00000000000000000000000000010011
11111110101001000010000000100011
11111110000001000010011110000011
11111101110001000010011100000011
00000000111001111010000000100011
11111110000001000010011010000011
11111101000001000010011100000011
11111101010001000010011110000011
00000000111001101010010000100011
00000000111101101010011000100011
11111110000001000010011110000011
11111110110001000010011100000011
00000000111001111010100000100011
00000000010000000000011110110111
00000000000001111000011100010011
11111110010001000010011110000011
00000000001001111001011110010011
00000000111101110000011110110011
00000000000001111010011110000011
11111110110001000010011100000011
00000010111101110001001001100011
00000000010000000000011110110111
00000000000001111000011100010011
11111110010001000010011110000011
00000000001001111001011110010011
00000000111101110000011110110011
11111110000001000010011100000011
00000000111001111010000000100011
00000001100000000000000001101111
11111110100001000010011110000011
11111110000001000010011100000011
00000000111001111010100000100011
00000000100000000000000001101111
00000000000000000000000000010011
00000010110000010010000010000011
00000010100000010010010000000011
00000011000000010000000100010011
00000000000000001000000001100111
11111101000000010000000100010011
00000010100000010010011000100011
00000011000000010000010000010011
11111100101001000010111000100011
11111100101101000010100000100011
11111100110001000010101000100011
11111101110001000010011110000011
00001111111101111111011110010011
00000000010000000000011100110111
00000000000001110000011100010011
00000000001001111001011110010011
00000000111101110000011110110011
00000000000001111010011110000011
11111110111101000010011000100011
00000110000000000000000001101111
11111110110001000010011110000011
00000000000001111010011110000011
11111101110001000010011100000011
00000100111101110110111001100011
11111110110001000010011110000011
00000000000001111010011110000011
11111101110001000010011100000011
00000010111101110001101001100011
11111110110001000010011110000011
00000000100001111010011100000011
00000000110001111010011110000011
11111101010001000010011010000011
00000000111100000000011000110011
00000000110101100110111001100011
11111101010001000010011010000011
00000000111100000000011000110011
00000010110001101001100001100011
11111101000001000010011010000011
00000000111000000000011110110011
00000010110101111111001001100011
11111110110001000010011110000011
00000001000001111010011110000011
11111110111101000010011000100011
11111110110001000010011110000011
11111010000001111001000011100011
00000001000000000000000001101111
00000000000000000000000000010011
00000000100000000000000001101111
00000000000000000000000000010011
11111110110001000010011110000011
00000010000001111000111001100011
11111110110001000010011110000011
00000000000001111010011110000011
11111101110001000010011100000011
00000010111101110001011001100011
11111110110001000010011110000011
00000000100001111010011100000011
00000000110001111010011110000011
11111101000001000010011010000011
00000000111000000000011000110011
00000000110001101001101001100011
11111101010001000010011010000011
00000000111101101001011001100011
00000000000100000000011110010011
00000000100000000000000001101111
00000000000000000000011110010011
00000000111100000000010100110011
00000010110000010010010000000011
00000011000000010000000100010011
00000000000000001000000001100111
