10000001000000010000000100010011
01111110000100010010011000100011
01111110100000010010010000100011
01111111000000010000010000010011
11111100000000010000000100010011
11111111111111111111011110110111
00000000000001111000011110010011
11111111000001000000011100010011
00000000111101110000011110110011
01111110101001111010011000100011
00000000000000000001011110110111
00000000000001111000011110010011
10000000110001111000010100010011
00000000000000000000000000010011
00000000101000000000011110110011
11111110111101000010011000100011
11111110110001000010011110000011
00000000000001111001011001100011
00000000000000000000011110010011
00000100100000000000000001101111
11111110110001000010011110000011
00000000111100000000011100110011
00000000000000000001011110110111
00000000000001111000011110010011
10000000110001111000011110010011
00000000111100000000011000110011
00000000000000000000010110010011
00000000111000000000010100110011
00000000000000000000000000010011
11111110110001000010011110000011
11111111111111111111011100110111
00000000000001110000011100010011
11111111000001000000011010010011
00000000111001101000011100110011
01111110110001110010011100000011
00000000111001111010000000100011
11111110110001000010011110000011
00000000111100000000010100110011
00000100000000010000000100010011
01111110110000010010000010000011
01111110100000010010010000000011
01111111000000010000000100010011
00000000000000001000000001100111
11111110000000010000000100010011
00000000100000010010111000100011
00000010000000010000010000010011
11111110101001000010011000100011
11111110110001000010011110000011
00001111111101111111011110010011
00000000111100000000010100110011
00000001110000010010010000000011
00000010000000010000000100010011
00000000000000001000000001100111
11111110000000010000000100010011
00000000100000010010111000100011
00000010000000010000010000010011
11111110101001000010011000100011
11111110110001000010011110000011
00000001000001111101011110010011
00001111111101111111011110010011
00000000111100000000010100110011
00000001110000010010010000000011
00000010000000010000000100010011
00000000000000001000000001100111
11111110000000010000000100010011
00000000100000010010111000100011
00000010000000010000010000010011
11111110101001000010011000100011
11111110101101000010010000100011
11111110110001000010011110000011
01000000010001111100011110000011
11111110110001000010011100000011
00000000001001111001011110010011
00000000111101110000011110110011
11111110100001000010011100000011
00000000111001111010001000100011
11111110110001000010011110000011
01000000010001111100011110000011
00000000000101111000011110010011
00001111111101111111011100010011
11111110110001000010011110000011
01000000111001111000001000100011
00000000000000000000000000010011
00000001110000010010010000000011
00000010000000010000000100010011
00000000000000001000000001100111
11111110000000010000000100010011
00000000100000010010111000100011
00000010000000010000010000010011
11111110101001000010011000100011
11111110101101000010010000100011
11111110110001000010011100000011
00000000000000000001011110110111
00000000000001111000011110010011
00000000111101110000011110110011
10000000100001111100011110000011
11111110110001000010011100000011
00010000000001111000011110010011
00000000001001111001011110010011
00000000111101110000011110110011
11111110100001000010011100000011
00000000111001111010010000100011
11111110110001000010011100000011
00000000000000000001011110110111
00000000000001111000011110010011
00000000111101110000011110110011
10000000100001111100011110000011
00000000000101111000011110010011
00001111111101111111011100010011
11111110110001000010011010000011
00000000000000000001011110110111
00000000000001111000011110010011
00000000111101101000011110110011
10000000111001111000010000100011
00000000000000000000000000010011
00000001110000010010010000000011
00000010000000010000000100010011
00000000000000001000000001100111
11111101000000010000000100010011
00000010100000010010011000100011
00000011000000010000010000010011
11111100101001000010111000100011
11111101110001000010011100000011
00000000000000000001011110110111
00000000000001111000011110010011
00000000111101110000011110110011
10000000100001111100011100000011
11111101110001000010011110000011
01000000111001111000001000100011
11111110000001000010011000100011
00000011110000000000000001101111
11111101110001000010011100000011
11111110110001000010011110000011
00000000001001111001011110010011
00000000111101110000011110110011
11111101110001000010011010000011
11111110110001000010011100000011
00010000000001110000011100010011
00000000001001110001011100010011
00000000111001101000011100110011
00000000100001110010011100000011
00000000111001111010001000100011
11111110110001000010011110000011
00000000000101111000011110010011
11111110111101000010011000100011
11111101110001000010011100000011
00000000000000000001011110110111
00000000000001111000011110010011
00000000111101110000011110110011
10000000100001111100011110000011
00000000111100000000011100110011
11111110110001000010011110000011
11111010111001111110011011100011
11111101110001000010011100000011
00000000000000000001011110110111
00000000000001111000011110010011
00000000111101110000011110110011
10000000000001111000010000100011
00000000000000000000000000010011
00000010110000010010010000000011
00000011000000010000000100010011
00000000000000001000000001100111
11111110000000010000000100010011
00000000100000010010111000100011
00000010000000010000010000010011
11111110101001000010011000100011
11111110110001000010011110000011
00000000000001111010011110000011
00000000111100000000010100110011
00000001110000010010010000000011
00000010000000010000000100010011
00000000000000001000000001100111
11111110000000010000000100010011
00000000100000010010111000100011
00000010000000010000010000010011
11111110101001000010011000100011
00000000101100000000011110110011
11111110111101000001010100100011
11111110110001000010011110000011
00000000000001111010011100000011
11111110101001000101011110000011
00000000111101110000011110110011
00000000111100000000010100110011
00000001110000010010010000000011
00000010000000010000000100010011
00000000000000001000000001100111
11111100000000010000000100010011
00000010000100010010111000100011
00000010100000010010110000100011
00000100000000010000010000010011
11111100101001000010011000100011
11111100101101000010010000100011
11111100110001000010010100000011
00000000000000000000000000010011
00000000101000000000011110110011
00000000111100000000010110110011
11111100110001000010010100000011
00000000000000000000000000010011
11111110000001000010011000100011
00101011100000000000000001101111
11111100110001000010011100000011
11111110110001000010011110000011
00000000001001111001011110010011
00000000111101110000011110110011
00000000010001111010011110000011
11111100111101000010111000100011
11111110000001000000010110100011
00100111110000000000000001101111
11111101110001000010011110000011
00000000000101111000011100010011
11111100111001000010111000100011
00000000000001111100011110000011
11111110111101000000010100100011
11111110101001000100011110000011
00000000011000000000011100010011
00100100111101110110101001100011
00000000001001111001011100010011
00010000000000010000011110110111
00000000000001111000011110010011
00000000111101110000011110110011
00000000000001111010011110000011
00000000000001111000000001100111
00000000001000000000011110010011
00100111100000000000000001101111
11111101110001000010011110000011
00000000001001111000011110010011
11111100111101000010111000100011
11111101110001000010011110000011
11111111111001111000011110010011
00000000000001111100011110000011
00000001000001111001011110010011
00000001000001111101011110010011
00000000100001111001011110010011
00000001000001111001011100010011
00000001000001110101011100010011
11111101110001000010011110000011
11111111111101111000011110010011
00000000000001111100011110000011
00000001000001111001011110010011
00000001000001111101011110010011
00000000111101110000011110110011
11111110111101000001000000100011
11111100100001000010010100000011
00000000000000000000000000010011
00000000101000000000011100110011
11111110000001000101011110000011
00011110111101110000000001100011
00000000000100000000011110010011
11111110111101000000010110100011
00011101010000000000000001101111
11111101110001000010011110000011
00000000001001111000011110010011
11111100111101000010111000100011
11111101110001000010011110000011
11111111111001111000011110010011
00000000000001111100011110000011
00000001000001111001011110010011
00000001000001111101011110010011
00000000100001111001011110010011
00000001000001111001011100010011
00000001000001110101011100010011
11111101110001000010011110000011
11111111111101111000011110010011
00000000000001111100011110000011
00000001000001111001011110010011
00000001000001111101011110010011
00000000111101110000011110110011
11111110111101000001000100100011
11111100100001000010010100000011
00000000000000000000000000010011
00000000101000000000011100110011
11111110001001000101011110000011
00010110111101110000110001100011
00000000000100000000011110010011
11111110111101000000010110100011
00010110110000000000000001101111
11111101110001000010010110000011
11111100110001000010010100000011
00000000000000000000000000010011
00000000000100000000011110010011
11111110111101000000010110100011
00010101010000000000000001101111
11111101110001000010011110000011
00000000001001111000011110010011
11111100111101000010111000100011
11111101110001000010011110000011
11111111111001111000011110010011
00000000000001111100011110000011
00000001000001111001011110010011
00000001000001111101011110010011
00000000100001111001011110010011
00000001000001111001011100010011
00000001000001110101011100010011
11111101110001000010011110000011
11111111111101111000011110010011
00000000000001111100011110000011
00000001000001111001011110010011
00000001000001111101011110010011
00000000111101110000011110110011
11111110111101000001001000100011
11111110010001000101011110000011
00000000111100000000010110110011
11111100110001000010010100000011
00000000000000000000000000010011
00000000101000000000011110110011
00000000111100000000010110110011
11111100110001000010010100000011
00000000000000000000000000010011
00001110100000000000000001101111
11111101110001000010011110000011
00000000001001111000011110010011
11111100111101000010111000100011
11111101110001000010011110000011
11111111111001111000011110010011
00000000000001111100011110000011
00000001000001111001011110010011
00000001000001111101011110010011
00000000100001111001011110010011
00000001000001111001011100010011
00000001000001110101011100010011
11111101110001000010011110000011
11111111111101111000011110010011
00000000000001111100011110000011
00000001000001111001011110010011
00000001000001111101011110010011
00000000111101110000011110110011
11111110111101000001010000100011
11111101110001000010011110000011
00000000001001111000011110010011
11111100111101000010111000100011
11111101110001000010011110000011
11111111111001111000011110010011
00000000000001111100011110000011
00000001000001111001011110010011
00000001000001111101011110010011
00000000100001111001011110010011
00000001000001111001011100010011
00000001000001110101011100010011
11111101110001000010011110000011
11111111111101111000011110010011
00000000000001111100011110000011
00000001000001111001011110010011
00000001000001111101011110010011
00000000111101110000011110110011
11111110111101000001001100100011
11111110100001000101011110000011
00000000111100000000010110110011
11111100110001000010010100000011
00000000000000000000000000010011
00000000101000000000011110110011
00000000111100000000010110110011
11111100110001000010010100000011
00000000000000000000000000010011
11111110011001000101011110000011
00000000111100000000010110110011
11111100110001000010010100000011
00000000000000000000000000010011
00000000101000000000011110110011
00000000111100000000010110110011
11111100110001000010010100000011
00000000000000000000000000010011
00000001010000000000000001101111
00000000000100000000011110010011
00000100100000000000000001101111
00000000001000000000011110010011
00000100000000000000000001101111
11111110101101000100011110000011
00000000000101111100011110010011
00001111111101111111011110010011
11010110000001111001111011100011
11111110110001000010011110000011
00000000000101111000011110010011
11111110111101000010011000100011
11111100110001000010011110000011
01000000010001111100011110000011
00000000111100000000011100110011
11111110110001000010011110000011
11010010111001111110111011100011
11111100110001000010010100000011
00000000000000000000000000010011
00000000000000000000011110010011
00000000111100000000010100110011
00000011110000010010000010000011
00000011100000010010010000000011
00000100000000010000000100010011
00000000000000001000000001100111
11111110000000010000000100010011
00000000100000010010111000100011
00000010000000010000010000010011
11111110101001000010011000100011
11111110110001000010011110000011
01000000000001111000001000100011
11111110110001000010011100000011
00000000000000000001011110110111
00000000000001111000011110010011
00000000111101110000011110110011
10000000000001111000010000100011
00000000000000000000000000010011
00000001110000010010010000000011
00000010000000010000000100010011
00000000000000001000000001100111
11111110000000010000000100010011
00000000000100010010111000100011
00000000100000010010110000100011
00000010000000010000010000010011
11111110101001000010011000100011
11111110110001000010010100000011
00000000000000000000000000010011
00000000000000000000000000010011
00000001110000010010000010000011
00000001100000010010010000000011
00000010000000010000000100010011
00000000000000001000000001100111
