11111101000000010000000100010011
00000010100000010010011000100011
00000011000000010000010000010011
11111100101001000010111000100011
11111100101101000010110000100011
11111100110001000010101000100011
11111110000001000010011000100011
00000011010000000000000001101111
11111101100001000010011110000011
00000000001001111000011100010011
11111100111001000010110000100011
00000000000001111001011110000011
00000000111100000000011100110011
11111101110001000010011110000011
00000000111101110100011001100011
11111110110001000010011110000011
00000010000000000000000001101111
11111110110001000010011110000011
00000000000101111000011110010011
11111110111101000010011000100011
11111110110001000010011100000011
11111101010001000010011110000011
11111100111101110100010011100011
11111101010001000010011110000011
00000000111100000000010100110011
00000010110000010010010000000011
00000011000000010000000100010011
00000000000000001000000001100111
11111101000000010000000100010011
00000010000100010010011000100011
00000010100000010010010000100011
00000011000000010000010000010011
11111100101001000010111000100011
11111101110001000010011110000011
00000000000001111100100001100011
00001101010100000000011110010011
11111110111101000010011000100011
00000001110000000000000001101111
00000101010100000000011110010011
11111110111101000010011000100011
11111111100000000000011100010011
11111101110001000010011110000011
01000000111101110000011110110011
11111100111101000010111000100011
00000000100000000000011000010011
00010000000000010000011110110111
00000000000001111000010110010011
11111101110001000010010100000011
00000000000000000000000000010011
11111110101001000010001000100011
11111110010001000010011100000011
00000000011100000000011110010011
00000010111001111101001001100011
11111110110001000010011110000011
00000001100001111001011110010011
01000001100001111101011110010011
00000111111101111100011110010011
00000001100001111001011110010011
01000001100001111101011110010011
00001111111101111111011110010011
00001010110000000000000001101111
11111110010001000010011110000011
00001111111101111111011110010011
00000000010001111001011110010011
11111110111101000000010110100011
11111110010001000010011100000011
00000000000100000000011110010011
00000010111001111100110001100011
11111101110001000010011110000011
01000000010001111101011110010011
00000001100001111001011110010011
01000001100001111101011110010011
00000000111101111111011110010011
00000001100001111001011100010011
01000001100001110101011100010011
11111110101101000000011110000011
00000000111101110110011110110011
00000001100001111001011110010011
01000001100001111101011110010011
11111110111101000000010110100011
00000011110000000000000001101111
11111110010001000010011110000011
00000000001101111000011110010011
11111101110001000010011100000011
01000000111101110101011110110011
00000001100001111001011110010011
01000001100001111101011110010011
00000000111101111111011110010011
00000001100001111001011100010011
01000001100001110101011100010011
11111110101101000000011110000011
00000000111101110110011110110011
00000001100001111001011110010011
01000001100001111101011110010011
11111110111101000000010110100011
11111110110001000010011110000011
00000001100001111001011100010011
01000001100001110101011100010011
11111110101101000000011110000011
00000000111101110100011110110011
00000001100001111001011110010011
01000001100001111101011110010011
00001111111101111111011110010011
00000000111100000000010100110011
00000010110000010010000010000011
00000010100000010010010000000011
00000011000000010000000100010011
00000000000000001000000001100111
11111101000000010000000100010011
00000010100000010010011000100011
00000011000000010000010000010011
00000000101000000000011110110011
11111100111101000000111110100011
11111101111101000100011110000011
00000101010101111100011110010011
11111100111101000000111110100011
11111101111101000100011110000011
00000000010001111001011110010011
00001111111101111111011110010011
11111110111101000010011000100011
11111101111101000100011110000011
00000000010001111101011110010011
00000000011101111111011110010011
11111110111101000010010000100011
11111110100001000010011110000011
00000000000001111000101001100011
11111110100001000010011100000011
00000000000100000000011110010011
00000000111101110000110001100011
00000010010000000000000001101111
11111110110001000010011110000011
00000000100001111000011110010011
11111110111101000010011000100011
00000011010000000000000001101111
11111110110001000010011110000011
00010000100001111000011110010011
11111110111101000010011000100011
00000010010000000000000001101111
11111110110001000010011110000011
00010000100001111000011110010011
11111110111101000010011000100011
11111110100001000010011110000011
11111111111101111000011110010011
11111110110001000010011100000011
00000000111101110001011110110011
11111110111101000010011000100011
11111101111101000000011110000011
00000000000001111100100001100011
11111110110001000010011110000011
01000000111100000000011110110011
00000000100000000000000001101111
11111110110001000010011110000011
00000000111100000000010100110011
00000010110000010010010000000011
00000011000000010000000100010011
00000000000000001000000001100111
11111101000000010000000100010011
00000010000100010010011000100011
00000010100000010010010000100011
00000011000000010000010000010011
11111100101001000010111000100011
11111101110001000010011110000011
00000010000001111101000001100011
00001000010000000000011100010011
11111101110001000010011110000011
01000000111101110000011110110011
11111100111101000010111000100011
00000111111100000000011110010011
11111110111101000010011000100011
00000001100000000000000001101111
11111101110001000010011110000011
00001000010001111000011110010011
11111100111101000010111000100011
00001111111100000000011110010011
11111110111101000010011000100011
00000000100000000000011000010011
00010000000000010000011110110111
00000000000001111000010110010011
11111101110001000010010100000011
00000000000000000000000000010011
11111110101001000010010000100011
11111110100001000010011100000011
00000000011100000000011110010011
00000010111001111101001001100011
11111110110001000010011110000011
00000001100001111001011110010011
01000001100001111101011110010011
00000111111101111100011110010011
00000001100001111001011110010011
01000001100001111101011110010011
00001111111101111111011110010011
00000110100000000000000001101111
11111110100001000010011110000011
00000000010001111001011110010011
00000001100001111001011100010011
01000001100001110101011100010011
11111110100001000010011110000011
00000000001101111000011110010011
11111101110001000010011010000011
01000000111101101101011110110011
00000001100001111001011110010011
01000001100001111101011110010011
00000000111101111111011110010011
00000001100001111001011110010011
01000001100001111101011110010011
00000000111101110110011110110011
00000001100001111001011110010011
01000001100001111101011110010011
11111110111101000000001110100011
11111110110001000010011110000011
00000001100001111001011100010011
01000001100001110101011100010011
11111110011101000000011110000011
00000000111101110100011110110011
00000001100001111001011110010011
01000001100001111101011110010011
00001111111101111111011110010011
00000000111100000000010100110011
00000010110000010010000010000011
00000010100000010010010000000011
00000011000000010000000100010011
00000000000000001000000001100111
11111101000000010000000100010011
00000010100000010010011000100011
00000011000000010000010000010011
00000000101000000000011110110011
11111100111101000000111110100011
11111101111101000100011110000011
11111111111101111100011110010011
11111100111101000000111110100011
11111101111101000100011110000011
00000000001101111001011110010011
00000111100001111111011110010011
00001000010001111000011110010011
11111110111101000010011000100011
11111101111101000100011110000011
00000000010001111101011110010011
00000000011101111111011110010011
11111110110001000010011100000011
00000000111101110001011110110011
11111110111101000010011000100011
11111101111101000000011110000011
00000000000001111101101001100011
00001000010000000000011100010011
11111110110001000010011110000011
01000000111101110000011110110011
00000000110000000000000001101111
11111110110001000010011110000011
11110111110001111000011110010011
00000000111100000000010100110011
00000010110000010010010000000011
00000011000000010000000100010011
00000000000000001000000001100111
11111110000000010000000100010011
00000000100000010010111000100011
00000010000000010000010000010011
00000000101000000000011110110011
11111110111101000000011110100011
11111110111101000000011110000011
00000010000001111101100001100011
11111110111101000100011110000011
11111101010101111100011110010011
00001111111101111111011110010011
00000000111100000000011100110011
00010000000000010000011110110111
00001101000001111000011110010011
00000000111001111000011110110011
00000000000001111100011110000011
11111111111101111100011110010011
00001111111101111111011110010011
00000010110000000000000001101111
11111110111101000100011110000011
00000101010101111100011110010011
00001111111101111111011110010011
00000000111100000000011100110011
00010000000000010000011110110111
00001101000001111000011110010011
00000000111001111000011110110011
00000000000001111100011110000011
00000111111101111100011110010011
00001111111101111111011110010011
00000000111100000000010100110011
00000001110000010010010000000011
00000010000000010000000100010011
00000000000000001000000001100111
11111110000000010000000100010011
00000000100000010010111000100011
00000010000000010000010000010011
00000000101000000000011110110011
11111110111101000000011110100011
11111110111101000000011110000011
00000100000001111101010001100011
11111110111101000100011110000011
11111111111101111100011110010011
00001111111101111111011110010011
00000000111100000000011100110011
00010000000000010000011110110111
00000001000001111000011110010011
00000000111001111000011110110011
00000000000001111100011110000011
11111111111101111000011110010011
00001111111101111111011110010011
00000001100001111001011110010011
01000001100001111101011110010011
11111101010101111100011110010011
00000001100001111001011110010011
01000001100001111101011110010011
00001111111101111111011110010011
00000100010000000000000001101111
11111110111101000100011110000011
00000111111101111100011110010011
00001111111101111111011110010011
00000000111100000000011100110011
00010000000000010000011110110111
00000001000001111000011110010011
00000000111001111000011110110011
00000000000001111100011110000011
11111111111101111000011110010011
00001111111101111111011110010011
00000001100001111001011110010011
01000001100001111101011110010011
00000101010101111100011110010011
00000001100001111001011110010011
01000001100001111101011110010011
00001111111101111111011110010011
00000000111100000000010100110011
00000001110000010010010000000011
00000010000000010000000100010011
00000000000000001000000001100111
