11111101000000010000000100010011
00000010100000010010011000100011
00000011000000010000010000010011
11111100101001000010111000100011
11111100101101000010110000100011
11111100110001000010101000100011
11111101110001000010011110000011
00000100000001111000001001100011
11111101110001000010011110000011
11111110111101000010011000100011
11111110000001000010010000100011
00000010100000000000000001101111
11111110110001000010011110000011
00000000000101111000011100010011
11111110111001000010011000100011
11111101100001000010011100000011
00001111111101110111011100010011
00000000111001111000000000100011
11111110100001000010011110000011
00000000000101111000011110010011
11111110111101000010010000100011
11111110100001000010011100000011
11111101010001000010011110000011
11111100111101110110101011100011
11111101110001000010011110000011
00000000111100000000010100110011
00000010110000010010010000000011
00000011000000010000000100010011
00000000000000001000000001100111
11111110000000010000000100010011
00000000000100010010111000100011
00000000100000010010110000100011
00000010000000010000010000010011
11111110101001000010011000100011
11111110101101000010010000100011
11111110110001000010001000100011
11111110110001000010011110000011
00000000000001111000111001100011
00010000000000010000011110110111
00000000000001111010011110000011
11111110010001000010011000000011
11111110100001000010010110000011
11111110110001000010010100000011
00000000000001111000000011100111
11111110110001000010011110000011
00000000111100000000010100110011
00000001110000010010000010000011
00000001100000010010010000000011
00000010000000010000000100010011
00000000000000001000000001100111
