11111110000000010000000100010011
00000000000100010010111000100011
00000000100000010010110000100011
00000010000000010000010000010011
11111110101001000010011000100011
00000000000100000000010110010011
11111110110001000010010100000011
00000000000000000000000000010011
00000000101000000000011110110011
00000000111100000000010110110011
11111110110001000010010100000011
00000000000000000000000000010011
00000000000000000000000000010011
00000001110000010010000010000011
00000001100000010010010000000011
00000010000000010000000100010011
00000000000000001000000001100111
11111110000000010000000100010011
00000000000100010010111000100011
00000000100000010010110000100011
00000010000000010000010000010011
11111110101001000010011000100011
00000000000100000000010110010011
11111110110001000010010100000011
00000000000000000000000000010011
00000000101000000000011110110011
00000000111100000000010110110011
11111110110001000010010100000011
00000000000000000000000000010011
00000000000000000000000000010011
00000001110000010010000010000011
00000001100000010010010000000011
00000010000000010000000100010011
00000000000000001000000001100111
11111101000000010000000100010011
00000010000100010010011000100011
00000010100000010010010000100011
00000011000000010000010000010011
11111100101001000010111000100011
00000000000000000000010110010011
11111101110001000010010100000011
00000000000000000000000000010011
11111110101001000010011000100011
11111110110001000010011110000011
00000000000001111010011100000011
00000000011000000000011110010011
00000000111101110000101001100011
00010000000000010000011110110111
00000000000001111000010110010011
11111101110001000010010100000011
00000000000000000000000000010011
11111110110001000010011110000011
00000001100001111010011110000011
00000000000001111000100001100011
00010000000000010000011110110111
00000001000001111000011110010011
00000000110000000000000001101111
00010000000000010000011110110111
00000001100001111000011110010011
00000000111100000000010110110011
11111101110001000010010100000011
00000000000000000000000000010011
00000000000000000000000000010011
00000010110000010010000010000011
00000010100000010010010000000011
00000011000000010000000100010011
00000000000000001000000001100111
11111101000000010000000100010011
00000010000100010010011000100011
00000010100000010010010000100011
00000011000000010000010000010011
11111100101001000010111000100011
00000000000000000000010110010011
11111101110001000010010100000011
00000000000000000000000000010011
11111110101001000010011000100011
11111110110001000010011110000011
00000000000001111010011100000011
00000000011000000000011110010011
00000000111101110000101001100011
00010000000000010000011110110111
00000000000001111000010110010011
11111101110001000010010100000011
00000000000000000000000000010011
11111110110001000010011110000011
00000001100001111010011110000011
00000000111100000000010110110011
11111101110001000010010100000011
00000000000000000000000000010011
00000000000000000000000000010011
00000010110000010010000010000011
00000010100000010010010000000011
00000011000000010000000100010011
00000000000000001000000001100111
11111110000000010000000100010011
00000000000100010010111000100011
00000000100000010010110000100011
00000010000000010000010000010011
11111110101001000010011000100011
11111110110001000010011110000011
00000111000001111010011110000011
00000000000001111010110000100011
11111110110001000010011110000011
00000111000001111010011110000011
00000000111100000000010110110011
11111110110001000010010100000011
00000000000000000000000000010011
00000000000000000000011010010011
00000000010000000000011110110111
00001000100001111000011000010011
00010000000000010000011110110111
00000010000001111000010110010011
11111110110001000010010100000011
00000000000000000000000000010011
00000000000000000000011010010011
00000000010000000000011110110111
00010000110001111000011000010011
00010000000000010000011110110111
00000011110001111000010110010011
11111110110001000010010100000011
00000000000000000000000000010011
00000000000100000000011100010011
00010000000000010000011110110111
00000101100001111000011010010011
00000000010000000000011110110111
00000000000001111000011000010011
00000000010000000000011110110111
00000100010001111000010110010011
11111110110001000010010100000011
00000000000000000000000000010011
00000000001000000000011000010011
00010000000000010000011110110111
00000101100001111000010110010011
11111110110001000010010100000011
00000000000000000000000000010011
00000000000000000000000000010011
00000001110000010010000010000011
00000001100000010010010000000011
00000010000000010000000100010011
00000000000000001000000001100111
