11101101000000010000000100010011
00010010000100010010011000100011
00010010100000010010010000100011
00010011000000010000010000010011
11101100101001000010111000100011
11101100101101000010110000100011
11101101110001000010011110000011
00011110010001111010011100000011
11101101100001000010011110000011
01000000111101110000011110110011
11111110111101000010011000100011
11111110110001000010011110000011
00010010111100000100010001100011
00000000000000000000011110010011
00010010110000000000000001101111
11101101110001000010011010000011
11111110110001000010011100000011
00000000111000000000011110110011
00000000000101111001011110010011
00000000111001111000011110110011
00000000001001111001011110010011
00000000111101101000011110110011
00011110100001111010011110000011
11111110111101000010010000100011
11101101110001000010011010000011
11111110110001000010011100000011
00000000111000000000011110110011
00000000000101111001011110010011
00000000111001111000011110110011
00000000001001111001011110010011
00000000111101101000011110110011
00011110110001111010011110000011
11111110111101000010001000100011
11101101110001000010011010000011
11111110110001000010011100000011
00000000111000000000011110110011
00000000000101111001011110010011
00000000111001111000011110110011
00000000001001111001011110010011
00000000111101101000011110110011
00011111000001111010011110000011
11111110111101000010000000100011
11111110000001000010011110000011
00000100111100000101101001100011
11111110100001000010011110000011
00000000000001111100011110000011
00000010000001111000010001100011
11101110000001000000010100010011
11111110000001000010011110000011
11111110010001000010011100000011
11111110100001000010011010000011
00010000000000010000011000110111
00000000000001100000011000010011
00010000000000000000010110010011
00000000000000000000000000010011
00000100000000000000000001101111
11101110000001000000010100010011
11111110000001000010011100000011
11111110010001000010011010000011
00010000000000010000011110110111
00000001000001111000011000010011
00010000000000000000010110010011
00000000000000000000000000010011
00000010000000000000000001101111
11101110000001000000010100010011
11111110010001000010011100000011
11111110100001000010011010000011
00010000000000010000011110110111
00000001110001111000011000010011
00010000000000000000010110010011
00000000000000000000000000010011
11101110000001000000011110010011
00000000111100000000010110110011
11101101110001000010010100000011
00000000000000000000000000010011
11101101110001000010011110000011
00011110010001111010011100000011
11101101100001000010011110000011
01000000111101110000011110110011
11111110110001000010011100000011
00000000111101110101011001100011
11101101110001000010010100000011
00000000000000000000000000010011
11111110110001000010011110000011
11111111111101111000011110010011
11111110111101000010011000100011
11111110110001000010011110000011
11101110111100000100000011100011
00000000000100000000011110010011
00000000111100000000010100110011
00010010110000010010000010000011
00010010100000010010010000000011
00010011000000010000000100010011
00000000000000001000000001100111
11111101000000010000000100010011
00000010000100010010011000100011
00000010100000010010010000100011
00000011000000010000010000010011
11111100101001000010111000100011
00010000000000010000011110110111
00000010110001111000011110010011
11111110111101000010011000100011
00010000000000010000011110110111
00000011010001111000011110010011
11111110111101000010010000100011
11111111111100000000010110010011
11111101110001000010010100000011
00000000000000000000000000010011
00000000101000000000011110110011
00000000000001111001101001100011
00010000000000010000011110110111
00000011100001111000010110010011
11111101110001000010010100000011
00000000000000000000000000010011
00010000000000010000011110110111
00000100100001111000011000010011
00000000000000000000010110010011
11111101110001000010010100000011
00000000000000000000000000010011
00000000101000000000011110110011
00000000000001111000101001100011
11111111111100000000010110010011
11111101110001000010010100000011
00000000000000000000000000010011
11111110101001000010011000100011
00010000000000010000011110110111
00000101000001111000011000010011
00000000000000000000010110010011
11111101110001000010010100000011
00000000000000000000000000010011
00000000101000000000011110110011
00000000000001111000101001100011
11111111111100000000010110010011
11111101110001000010010100000011
00000000000000000000000000010011
11111110101001000010010000100011
11111110110001000010011110000011
00000000000001111100011110000011
00000000000001111001101001100011
11111110100001000010010110000011
11111101110001000010010100000011
00000000000000000000000000010011
00000101100000000000000001101111
11111110100001000010011110000011
00000000000001111100011110000011
00000000000001111001101001100011
11111110110001000010010110000011
11111101110001000010010100000011
00000000000000000000000000010011
00000011110000000000000001101111
11111110110001000010010110000011
11111101110001000010010100000011
00000000000000000000000000010011
00010000000000010000011110110111
00000101100001111000010110010011
11111101110001000010010100000011
00000000000000000000000000010011
11111101110001000010010100000011
00000000000000000000000000010011
11111110100001000010010110000011
11111101110001000010010100000011
00000000000000000000000000010011
11111101110001000010010100000011
00000000000000000000000000010011
00000000000000000000000000010011
00000010110000010010000010000011
00000010100000010010010000000011
00000011000000010000000100010011
00000000000000001000000001100111
11111101000000010000000100010011
00000010000100010010011000100011
00000010100000010010010000100011
00000011000000010000010000010011
11111100101001000010111000100011
11111100101101000010110000100011
11111101110001000010010100000011
00000000000000000000000000010011
11111110101001000010011000100011
11111101100001000010011000000011
00000000010100000000010110010011
11111101110001000010010100000011
00000000000000000000000000010011
00000000101000000000011110110011
00000000111100000000010110110011
11111101110001000010010100000011
00000000000000000000000000010011
11111110110001000010011100000011
00000000000100000000011110010011
00000010111001111101101001100011
00000000000100000000010110010011
11111101110001000010010100000011
00000000000000000000000000010011
00000000101000000000011110110011
00000000111100000000010110110011
11111101110001000010010100000011
00000000000000000000000000010011
00010000000000010000011110110111
00000101000001111000011000010011
11111111111000000000010110010011
11111101110001000010010100000011
00000000000000000000000000010011
00000000000100000000010110010011
11111101110001000010010100000011
00000000000000000000000000010011
00000000101000000000011110110011
00000000000001111000110001100011
00010000000000010000011110110111
00000101110001111000011000010011
11111111111000000000010110010011
11111101110001000010010100000011
00000000000000000000000000010011
00000000000100000000011110010011
00000000111100000000010100110011
00000010110000010010000010000011
00000010100000010010010000000011
00000011000000010000000100010011
00000000000000001000000001100111
11111110000000010000000100010011
00000000000100010010111000100011
00000000100000010010110000100011
00000010000000010000010000010011
11111110101001000010011000100011
11111110101101000010010000100011
11111110110001000010001000100011
11111110010001000010011000000011
00000000010100000000010110010011
11111110110001000010010100000011
00000000000000000000000000010011
00000000101000000000011110110011
00000000111100000000010110110011
11111110110001000010010100000011
00000000000000000000000000010011
11111110100001000010010110000011
11111110110001000010010100000011
00000000000000000000000000010011
00010000000000010000011110110111
00000101000001111000011000010011
11111111111000000000010110010011
11111110110001000010010100000011
00000000000000000000000000010011
00000000000000000000010110010011
11111110110001000010010100000011
00000000000000000000000000010011
00000000101000000000011110110011
00000000000001111000110001100011
00010000000000010000011110110111
00000101110001111000011000010011
11111111111000000000010110010011
11111110110001000010010100000011
00000000000000000000000000010011
00000000000000000000000000010011
00000001110000010010000010000011
00000001100000010010010000000011
00000010000000010000000100010011
00000000000000001000000001100111
11111110000000010000000100010011
00000000000100010010111000100011
00000000100000010010110000100011
00000010000000010000010000010011
11111110101001000010011000100011
11111110110001000010011110000011
00001000010001111010011110000011
00000000111100000000010110110011
11111110110001000010010100000011
00000000000000000000000000010011
00000000000000000000000000010011
00000001110000010010000010000011
00000001100000010010010000000011
00000010000000010000000100010011
00000000000000001000000001100111
11111110000000010000000100010011
00000000000100010010111000100011
00000000100000010010110000100011
00000010000000010000010000010011
11111110101001000010011000100011
11111110101101000010010000100011
11111110110001000010011110000011
00001000010001111010011110000011
00000000111100000000011000110011
11111110100001000010010110000011
11111110110001000010010100000011
00000000000000000000000000010011
00000000000000000000000000010011
00000001110000010010000010000011
00000001100000010010010000000011
00000010000000010000000100010011
00000000000000001000000001100111
11101011000000010000000100010011
00010010000100010010011000100011
00010010100000010010010000100011
00010011000000010000010000010011
11101100101001000010111000100011
11101100101101000010110000100011
00000000110001000010010000100011
00000000110101000010011000100011
00000000111001000010100000100011
00000000111101000010101000100011
00000001000001000010110000100011
00000001000101000010111000100011
00000010000001000000011110010011
11101100111101000010101000100011
11101101010001000010011110000011
11111110100001111000011110010011
11111110111101000010011000100011
11111110110001000010011100000011
11101110110001000000011110010011
00000000111000000000011010110011
11101101100001000010011000000011
00010000000000000000010110010011
00000000111100000000010100110011
00000000000000000000000000010011
11101101110001000010011110000011
00001000010001111010011100000011
11101110110001000000011110010011
00000000111000000000011000110011
00000000111100000000010110110011
11101101110001000010010100000011
00000000000000000000000000010011
11101101110001000010010100000011
00000000000000000000000000010011
11111110000000010000000100010011
00000000000100010010111000100011
00000000100000010010110000100011
00000010000000010000010000010011
11111110101001000010011000100011
11111110110001000010011110000011
00001000100001111010011110000011
00000000111100000000010110110011
11111110110001000010010100000011
00000000000000000000000000010011
00000000000000000000000000010011
00000001110000010010000010000011
00000001100000010010010000000011
00000010000000010000000100010011
00000000000000001000000001100111
11111110000000010000000100010011
00000000000100010010111000100011
00000000100000010010110000100011
00000010000000010000010000010011
11111110101001000010011000100011
11111110101101000010010000100011
11111110110001000010011110000011
00001000100001111010011110000011
00000000111100000000011000110011
11111110100001000010010110000011
11111110110001000010010100000011
00000000000000000000000000010011
00000000000000000000000000010011
00000001110000010010000010000011
00000001100000010010010000000011
00000010000000010000000100010011
00000000000000001000000001100111
11101011000000010000000100010011
00010010000100010010011000100011
00010010100000010010010000100011
00010011000000010000010000010011
11101100101001000010111000100011
11101100101101000010110000100011
00000000110001000010010000100011
00000000110101000010011000100011
00000000111001000010100000100011
00000000111101000010101000100011
00000001000001000010110000100011
00000001000101000010111000100011
00000010000001000000011110010011
11101100111101000010101000100011
11101101010001000010011110000011
11111110100001111000011110010011
11111110111101000010011000100011
11111110110001000010011100000011
11101110110001000000011110010011
00000000111000000000011010110011
11101101100001000010011000000011
00010000000000000000010110010011
00000000111100000000010100110011
00000000000000000000000000010011
11101101110001000010011110000011
00001000100001111010011100000011
11101110110001000000011110010011
00000000111000000000011000110011
00000000111100000000010110110011
11101101110001000010010100000011
00000000000000000000000000010011
11101101110001000010010100000011
00000000000000000000000000010011
11111110000000010000000100010011
00000000000100010010111000100011
00000000100000010010110000100011
00000010000000010000010000010011
11111110101001000010011000100011
11111110110001000010011110000011
00001000110001111010011110000011
00000000111100000000010110110011
11111110110001000010010100000011
00000000000000000000000000010011
00000000000000000000000000010011
00000001110000010010000010000011
00000001100000010010010000000011
00000010000000010000000100010011
00000000000000001000000001100111
11111110000000010000000100010011
00000000000100010010111000100011
00000000100000010010110000100011
00000010000000010000010000010011
11111110101001000010011000100011
11111110101101000010010000100011
11111110110001000010011110000011
00001000110001111010011110000011
00000000111100000000011000110011
11111110100001000010010110000011
11111110110001000010010100000011
00000000000000000000000000010011
00000000000000000000000000010011
00000001110000010010000010000011
00000001100000010010010000000011
00000010000000010000000100010011
00000000000000001000000001100111
11101011000000010000000100010011
00010010000100010010011000100011
00010010100000010010010000100011
00010011000000010000010000010011
11101100101001000010111000100011
11101100101101000010110000100011
00000000110001000010010000100011
00000000110101000010011000100011
00000000111001000010100000100011
00000000111101000010101000100011
00000001000001000010110000100011
00000001000101000010111000100011
00000010000001000000011110010011
11101100111101000010101000100011
11101101010001000010011110000011
11111110100001111000011110010011
11111110111101000010011000100011
11111110110001000010011100000011
11101110110001000000011110010011
00000000111000000000011010110011
11101101100001000010011000000011
00010000000000000000010110010011
00000000111100000000010100110011
00000000000000000000000000010011
11101101110001000010011110000011
00001000110001111010011100000011
11101110110001000000011110010011
00000000111000000000011000110011
00000000111100000000010110110011
11101101110001000010010100000011
00000000000000000000000000010011
11101101110001000010010100000011
00000000000000000000000000010011
11111110000000010000000100010011
00000000000100010010111000100011
00000000100000010010110000100011
00000010000000010000010000010011
11111110101001000010011000100011
11111110110001000010011110000011
00001001000001111010011110000011
00000000111100000000010110110011
11111110110001000010010100000011
00000000000000000000000000010011
00000000000000000000000000010011
00000001110000010010000010000011
00000001100000010010010000000011
00000010000000010000000100010011
00000000000000001000000001100111
11111110000000010000000100010011
00000000000100010010111000100011
00000000100000010010110000100011
00000010000000010000010000010011
11111110101001000010011000100011
11111110101101000010010000100011
11111110110001000010011110000011
00001001000001111010011110000011
00000000111100000000011000110011
11111110100001000010010110000011
11111110110001000010010100000011
00000000000000000000000000010011
00000000000000000000000000010011
00000001110000010010000010000011
00000001100000010010010000000011
00000010000000010000000100010011
00000000000000001000000001100111
11101011000000010000000100010011
00010010000100010010011000100011
00010010100000010010010000100011
00010011000000010000010000010011
11101100101001000010111000100011
11101100101101000010110000100011
00000000110001000010010000100011
00000000110101000010011000100011
00000000111001000010100000100011
00000000111101000010101000100011
00000001000001000010110000100011
00000001000101000010111000100011
00000010000001000000011110010011
11101100111101000010101000100011
11101101010001000010011110000011
11111110100001111000011110010011
11111110111101000010011000100011
11111110110001000010011100000011
11101110110001000000011110010011
00000000111000000000011010110011
11101101100001000010011000000011
00010000000000000000010110010011
00000000111100000000010100110011
00000000000000000000000000010011
11101101110001000010011110000011
00001001000001111010011100000011
11101110110001000000011110010011
00000000111000000000011000110011
00000000111100000000010110110011
11101101110001000010010100000011
00000000000000000000000000010011
11101101110001000010010100000011
00000000000000000000000000010011
11111110000000010000000100010011
00000000000100010010111000100011
00000000100000010010110000100011
00000010000000010000010000010011
11111110101001000010011000100011
11111110110001000010011110000011
00001001010001111010011110000011
00000000111100000000010110110011
11111110110001000010010100000011
00000000000000000000000000010011
00000000000000000000000000010011
00000001110000010010000010000011
00000001100000010010010000000011
00000010000000010000000100010011
00000000000000001000000001100111
11111110000000010000000100010011
00000000000100010010111000100011
00000000100000010010110000100011
00000010000000010000010000010011
11111110101001000010011000100011
11111110101101000010010000100011
11111110110001000010011110000011
00001001010001111010011110000011
00000000111100000000011000110011
11111110100001000010010110000011
11111110110001000010010100000011
00000000000000000000000000010011
00000000000000000000000000010011
00000001110000010010000010000011
00000001100000010010010000000011
00000010000000010000000100010011
00000000000000001000000001100111
11101011000000010000000100010011
00010010000100010010011000100011
00010010100000010010010000100011
00010011000000010000010000010011
11101100101001000010111000100011
11101100101101000010110000100011
00000000110001000010010000100011
00000000110101000010011000100011
00000000111001000010100000100011
00000000111101000010101000100011
00000001000001000010110000100011
00000001000101000010111000100011
00000010000001000000011110010011
11101100111101000010101000100011
11101101010001000010011110000011
11111110100001111000011110010011
11111110111101000010011000100011
11111110110001000010011100000011
11101110110001000000011110010011
00000000111000000000011010110011
11101101100001000010011000000011
00010000000000000000010110010011
00000000111100000000010100110011
00000000000000000000000000010011
11101101110001000010011110000011
00001001010001111010011100000011
11101110110001000000011110010011
00000000111000000000011000110011
00000000111100000000010110110011
11101101110001000010010100000011
00000000000000000000000000010011
11101101110001000010010100000011
00000000000000000000000000010011
11111110000000010000000100010011
00000000000100010010111000100011
00000000100000010010110000100011
00000010000000010000010000010011
11111110101001000010011000100011
11111110110001000010011110000011
00001001100001111010011110000011
00000000111100000000010110110011
11111110110001000010010100000011
00000000000000000000000000010011
00000000000000000000000000010011
00000001110000010010000010000011
00000001100000010010010000000011
00000010000000010000000100010011
00000000000000001000000001100111
11111110000000010000000100010011
00000000000100010010111000100011
00000000100000010010110000100011
00000010000000010000010000010011
11111110101001000010011000100011
11111110101101000010010000100011
11111110110001000010011110000011
00001001100001111010011110000011
00000000111100000000011000110011
11111110100001000010010110000011
11111110110001000010010100000011
00000000000000000000000000010011
00000000000000000000000000010011
00000001110000010010000010000011
00000001100000010010010000000011
00000010000000010000000100010011
00000000000000001000000001100111
11101011000000010000000100010011
00010010000100010010011000100011
00010010100000010010010000100011
00010011000000010000010000010011
11101100101001000010111000100011
11101100101101000010110000100011
00000000110001000010010000100011
00000000110101000010011000100011
00000000111001000010100000100011
00000000111101000010101000100011
00000001000001000010110000100011
00000001000101000010111000100011
00000010000001000000011110010011
11101100111101000010101000100011
11101101010001000010011110000011
11111110100001111000011110010011
11111110111101000010011000100011
11111110110001000010011100000011
11101110110001000000011110010011
00000000111000000000011010110011
11101101100001000010011000000011
00010000000000000000010110010011
00000000111100000000010100110011
00000000000000000000000000010011
11101101110001000010011110000011
00001001100001111010011100000011
11101110110001000000011110010011
00000000111000000000011000110011
00000000111100000000010110110011
11101101110001000010010100000011
00000000000000000000000000010011
11101101110001000010010100000011
00000000000000000000000000010011
11111110000000010000000100010011
00000000000100010010111000100011
00000000100000010010110000100011
00000010000000010000010000010011
11111110101001000010011000100011
11111110110001000010011110000011
00001001110001111010011110000011
00000000111100000000010110110011
11111110110001000010010100000011
00000000000000000000000000010011
00000000000000000000000000010011
00000001110000010010000010000011
00000001100000010010010000000011
00000010000000010000000100010011
00000000000000001000000001100111
11111110000000010000000100010011
00000000000100010010111000100011
00000000100000010010110000100011
00000010000000010000010000010011
11111110101001000010011000100011
11111110101101000010010000100011
11111110110001000010011110000011
00001001110001111010011110000011
00000000111100000000011000110011
11111110100001000010010110000011
11111110110001000010010100000011
00000000000000000000000000010011
00000000000000000000000000010011
00000001110000010010000010000011
00000001100000010010010000000011
00000010000000010000000100010011
00000000000000001000000001100111
11101011000000010000000100010011
00010010000100010010011000100011
00010010100000010010010000100011
00010011000000010000010000010011
11101100101001000010111000100011
11101100101101000010110000100011
00000000110001000010010000100011
00000000110101000010011000100011
00000000111001000010100000100011
00000000111101000010101000100011
00000001000001000010110000100011
00000001000101000010111000100011
00000010000001000000011110010011
11101100111101000010101000100011
11101101010001000010011110000011
11111110100001111000011110010011
11111110111101000010011000100011
11111110110001000010011100000011
11101110110001000000011110010011
00000000111000000000011010110011
11101101100001000010011000000011
00010000000000000000010110010011
00000000111100000000010100110011
00000000000000000000000000010011
11101101110001000010011110000011
00001001110001111010011100000011
11101110110001000000011110010011
00000000111000000000011000110011
00000000111100000000010110110011
11101101110001000010010100000011
00000000000000000000000000010011
11101101110001000010010100000011
00000000000000000000000000010011
11111110000000010000000100010011
00000000000100010010111000100011
00000000100000010010110000100011
00000010000000010000010000010011
11111110101001000010011000100011
11111110110001000010011110000011
00001000010001111010011110000011
00000000111100000000010110110011
11111110110001000010010100000011
00000000000000000000000000010011
00010000000000010000011110110111
00000010110001111000011000010011
00010000000000010000011110110111
00000100100001111000010110010011
11111110110001000010010100000011
00000000000000000000000000010011
00010000000000010000011110110111
00000110100001111000011000010011
00010000000000010000011110110111
00000101000001111000010110010011
11111110110001000010010100000011
00000000000000000000000000010011
00000000000000000000011010010011
00000000010000000000011110110111
00010111100001111000011000010011
00010000000000010000011110110111
00001000000001111000010110010011
11111110110001000010010100000011
00000000000000000000000000010011
00000000000100000000011100010011
00010000000000010000011110110111
00000010110001111000011010010011
00000000010000000000011110110111
00111111110001111000011000010011
00000000010000000000011110110111
00111111110001111000010110010011
11111110110001000010010100000011
00000000000000000000000000010011
00000000001000000000011000010011
00010000000000010000011110110111
00000010110001111000010110010011
11111110110001000010010100000011
00000000000000000000000000010011
11111110110001000010011110000011
00001000100001111010011110000011
00000000111100000000010110110011
11111110110001000010010100000011
00000000000000000000000000010011
00010000000000010000011110110111
00001001110001111000011000010011
00010000000000010000011110110111
00000100100001111000010110010011
11111110110001000010010100000011
00000000000000000000000000010011
00000000000100000000011100010011
00010000000000010000011110110111
00001001110001111000011010010011
00000000010000000000011110110111
01010000000001111000011000010011
00000000010000000000011110110111
01010000000001111000010110010011
11111110110001000010010100000011
00000000000000000000000000010011
00000000001000000000011000010011
00010000000000010000011110110111
00001001110001111000010110010011
11111110110001000010010100000011
00000000000000000000000000010011
11111110110001000010011110000011
00001000110001111010011110000011
00000000111100000000010110110011
11111110110001000010010100000011
00000000000000000000000000010011
00010000000000010000011110110111
00001010100001111000011000010011
00010000000000010000011110110111
00000100100001111000010110010011
11111110110001000010010100000011
00000000000000000000000000010011
00000000000100000000011100010011
00010000000000010000011110110111
00001010100001111000011010010011
00000000010000000000011110110111
01100000010001111000011000010011
00000000010000000000011110110111
01100000010001111000010110010011
11111110110001000010010100000011
00000000000000000000000000010011
00000000001000000000011000010011
00010000000000010000011110110111
00001010100001111000010110010011
11111110110001000010010100000011
00000000000000000000000000010011
11111110110001000010011110000011
00001001000001111010011110000011
00000000111100000000010110110011
11111110110001000010010100000011
00000000000000000000000000010011
00010000000000010000011110110111
00001011010001111000011000010011
00010000000000010000011110110111
00000100100001111000010110010011
11111110110001000010010100000011
00000000000000000000000000010011
00000000000100000000011100010011
00010000000000010000011110110111
00001011010001111000011010010011
00000000010000000000011110110111
01110000100001111000011000010011
00000000010000000000011110110111
01110000100001111000010110010011
11111110110001000010010100000011
00000000000000000000000000010011
00000000001000000000011000010011
00010000000000010000011110110111
00001011010001111000010110010011
11111110110001000010010100000011
00000000000000000000000000010011
11111110110001000010011110000011
00001001010001111010011110000011
00000000111100000000010110110011
11111110110001000010010100000011
00000000000000000000000000010011
00010000000000010000011110110111
00001100010001111000011000010011
00010000000000010000011110110111
00000100100001111000010110010011
11111110110001000010010100000011
00000000000000000000000000010011
00000000000100000000011100010011
00010000000000010000011110110111
00001100010001111000011010010011
00000000010000000001011110110111
10000000110001111000011000010011
00000000010000000001011110110111
10000000110001111000010110010011
11111110110001000010010100000011
00000000000000000000000000010011
00000000001000000000011000010011
00010000000000010000011110110111
00001100010001111000010110010011
11111110110001000010010100000011
00000000000000000000000000010011
11111110110001000010011110000011
00001001100001111010011110000011
00000000111100000000010110110011
11111110110001000010010100000011
00000000000000000000000000010011
00010000000000010000011110110111
00001101000001111000011000010011
00010000000000010000011110110111
00000100100001111000010110010011
11111110110001000010010100000011
00000000000000000000000000010011
00000000000100000000011100010011
00010000000000010000011110110111
00001101000001111000011010010011
00000000010000000001011110110111
10010001000001111000011000010011
00000000010000000001011110110111
10010001000001111000010110010011
11111110110001000010010100000011
00000000000000000000000000010011
00000000001000000000011000010011
00010000000000010000011110110111
00001101000001111000010110010011
11111110110001000010010100000011
00000000000000000000000000010011
11111110110001000010011110000011
00001001110001111010011110000011
00000000111100000000010110110011
11111110110001000010010100000011
00000000000000000000000000010011
00010000000000010000011110110111
00001101110001111000011000010011
00010000000000010000011110110111
00000100100001111000010110010011
11111110110001000010010100000011
00000000000000000000000000010011
00000000000100000000011100010011
00010000000000010000011110110111
00001101110001111000011010010011
00000000010000000001011110110111
10100001010001111000011000010011
00000000010000000001011110110111
10100001010001111000010110010011
11111110110001000010010100000011
00000000000000000000000000010011
00000000001000000000011000010011
00010000000000010000011110110111
00001101110001111000010110010011
11111110110001000010010100000011
00000000000000000000000000010011
00000000000000000000000000010011
00000001110000010010000010000011
00000001100000010010010000000011
00000010000000010000000100010011
00000000000000001000000001100111
