11111110000000010000000100010011
00000000000100010010111000100011
00000000100000010010110000100011
00000010000000010000010000010011
11111110101001000010011000100011
11111110101101000010010000100011
11111110100001000010010110000011
11111110110001000010010100000011
00000000000000000000000000010011
00000000000000000000000000010011
00000001110000010010000010000011
00000001100000010010010000000011
00000010000000010000000100010011
00000000000000001000000001100111
11111110000000010000000100010011
00000000000100010010111000100011
00000000100000010010110000100011
00000010000000010000010000010011
11111110101001000010011000100011
11111110101101000010010000100011
11111110100001000010011110000011
00000010010001111010011110000011
00000000111100000000010110110011
11111110110001000010010100000011
00000000000000000000000000010011
11111110100001000010011110000011
00000011000001111010011110000011
00000000111100000000010110110011
11111110110001000010010100000011
00000000000000000000000000010011
11111110100001000010011110000011
00000011110001111010011110000011
00000000111100000000010110110011
11111110110001000010010100000011
00000000000000000000000000010011
11111110100001000010011110000011
00000100100001111010011110000011
00000000111100000000010110110011
11111110110001000010010100000011
00000000000000000000000000010011
11111110100001000010011110000011
00000001100001111010011110000011
00000000111100000000010110110011
11111110110001000010010100000011
00000000000000000000000000010011
11111110100001000010010110000011
11111110110001000010010100000011
00000000000000000000000000010011
00000000000000000000000000010011
00000001110000010010000010000011
00000001100000010010010000000011
00000010000000010000000100010011
00000000000000001000000001100111
11111110000000010000000100010011
00000000000100010010111000100011
00000000100000010010110000100011
00000010000000010000010000010011
11111110101001000010011000100011
11111110101101000010010000100011
11111110100001000010011110000011
00000000010001111010011110000011
00000000110001111010011110000011
00000000000001111000110001100011
11111110100001000010011110000011
00000000010001111010011110000011
00000000111100000000010110110011
11111110110001000010010100000011
00000000000000000000000000010011
11111110100001000010011110000011
00000000100001111010011110000011
00000000110001111010011110000011
00000000000001111000110001100011
11111110100001000010011110000011
00000000100001111010011110000011
00000000111100000000010110110011
11111110110001000010010100000011
00000000000000000000000000010011
11111110100001000010010110000011
11111110110001000010010100000011
00000000000000000000000000010011
00000000000000000000000000010011
00000001110000010010000010000011
00000001100000010010010000000011
00000010000000010000000100010011
00000000000000001000000001100111
11111101000000010000000100010011
00000010000100010010011000100011
00000010100000010010010000100011
00000011000000010000010000010011
11111100101001000010111000100011
11111100101101000010110000100011
00000010010000000000000001101111
11111101100001000010011110000011
00000000010001111010011110000011
11111110111101000010011000100011
11111101100001000010010110000011
11111101110001000010010100000011
00000000000000000000000000010011
11111110110001000010011110000011
11111100111101000010110000100011
11111101100001000010011110000011
11111100000001111001111011100011
00000000000000000000000000010011
00000000000000000000000000010011
00000010110000010010000010000011
00000010100000010010010000000011
00000011000000010000000100010011
00000000000000001000000001100111
11111110000000010000000100010011
00000000000100010010111000100011
00000000100000010010110000100011
00000010000000010000010000010011
11111110101001000010011000100011
11111110101101000010010000100011
11111110100001000010011110000011
00000000100001111010011110000011
00000000110001111010011110000011
00000000000001111000110001100011
11111110100001000010011110000011
00000000100001111010011110000011
00000000111100000000010110110011
11111110110001000010010100000011
00000000000000000000000000010011
11111110100001000010011110000011
00000000000001111010011100000011
00000000100100000000011110010011
00000100111101110001000001100011
11111110100001000010011110000011
00000001110001111010011110000011
00000000111100000000010110110011
11111110110001000010010100000011
00000000000000000000000000010011
11111110110001000010011110000011
00000000100001111010011100000011
11111110110001000010011110000011
00000000000001111010011010000011
11111110100001000010011110000011
00000001100001111010011110000011
00000000111100000000011000110011
00000000110100000000010110110011
00000000111000000000010100110011
00000000000000000000000000010011
11111110100001000010011110000011
00000000000001111010011100000011
00000000111000000000011110010011
00000000111101110001110001100011
11111110100001000010011110000011
00000001110001111010011110000011
00000000111100000000010110110011
11111110110001000010010100000011
00000000000000000000000000010011
11111110100001000010011110000011
00000000000001111010011100000011
00000000111100000000011110010011
00000010111101110001011001100011
11111110100001000010011110000011
00000010110001111010011110000011
00000010000001111000000001100011
11111110100001000010011110000011
00000010110001111010011100000011
11111110100001000010011110000011
00000001110001111010011110000011
00000000111100000000010110110011
11111110110001000010010100000011
00000000000001110000000011100111
11111110100001000010010110000011
11111110110001000010010100000011
00000000000000000000000000010011
00000000000000000000000000010011
00000001110000010010000010000011
00000001100000010010010000000011
00000010000000010000000100010011
00000000000000001000000001100111
11111101000000010000000100010011
00000010000100010010011000100011
00000010100000010010010000100011
00000011000000010000010000010011
11111100101001000010111000100011
11111100101101000010110000100011
11111100110001000010101000100011
11111101010001000010011110000011
11111101100001000010011100000011
00000110111001111010001000100011
11111110000001000010011000100011
00000101110000000000000001101111
11111101010001000010011110000011
00000010010001111010011100000011
11111110110001000010011110000011
00000000001001111001011110010011
00000000111101110000011110110011
00000000000001111010011110000011
00000110010001111010011110000011
11111101100001000010011100000011
00000010111101110000011001100011
11111101010001000010011110000011
00000010010001111010011100000011
11111110110001000010011110000011
00000000001001111001011110010011
00000000111101110000011110110011
00000000000001111010011110000011
00000000111100000000011000110011
11111101100001000010010110000011
11111101110001000010010100000011
00000000000000000000000000010011
11111110110001000010011110000011
00000000000101111000011110010011
11111110111101000010011000100011
11111101010001000010011110000011
00000010110001111010011110000011
11111110110001000010011100000011
11111000111101110100111011100011
00000000000000000000000000010011
00000000000000000000000000010011
00000010110000010010000010000011
00000010100000010010010000000011
00000011000000010000000100010011
00000000000000001000000001100111
11111110000000010000000100010011
00000000000100010010111000100011
00000000100000010010110000100011
00000010000000010000010000010011
11111110101001000010011000100011
11111110101101000010010000100011
11111110110001000010001000100011
11111110010001000010011110000011
11111110100001000010011100000011
00000000111001111010011000100011
11111110010001000010011110000011
00000000010001111010011110000011
00000011010001111010011110000011
11111110100001000010011100000011
00000000111101110000111001100011
11111110010001000010011110000011
00000000010001111010011110000011
00000000111100000000011000110011
11111110100001000010010110000011
11111110110001000010010100000011
00000000000000000000000000010011
11111110010001000010011110000011
00000000000001111010011110000011
11111110111101000010001000100011
11111110010001000010011110000011
00000000000001111000101001100011
11111110010001000010011110000011
00000000110001111010011110000011
11111110100001000010011100000011
11111010111101110001010011100011
00000000000000000000000000010011
00000001110000010010000010000011
00000001100000010010010000000011
00000010000000010000000100010011
00000000000000001000000001100111
11111110000000010000000100010011
00000000000100010010111000100011
00000000100000010010110000100011
00000010000000010000010000010011
11111110101001000010011000100011
11111110101101000010010000100011
11111110110001000010001000100011
11111110010001000010011110000011
00000000010001111010011110000011
00000000110001111010011110000011
00000000000001111000111001100011
11111110010001000010011110000011
00000000010001111010011110000011
00000000111100000000011000110011
11111110100001000010010110000011
11111110110001000010010100000011
00000000000000000000000000010011
11111110010001000010011110000011
00000000100001111010011110000011
00000000110001111010011110000011
00000000000001111000111001100011
11111110010001000010011110000011
00000000100001111010011110000011
00000000111100000000011000110011
11111110100001000010010110000011
11111110110001000010010100000011
00000000000000000000000000010011
11111110010001000010011110000011
00000010011101111100011100000011
00000000011000000000011110010011
00000010111101110001100001100011
11111110010001000010011110000011
00000001100001111010011110000011
00000000010001111100011110000011
00000000111100000000011100110011
11111110100001000010011110000011
00000000111001111000110001100011
11111110010001000010011110000011
00000001100001111010011110000011
11111110100001000010011100000011
00001111111101110111011100010011
00000000111001111000001000100011
11111110010001000010011110000011
00000010011101111100011100000011
00000000011100000000011110010011
00000010111101110001100001100011
11111110010001000010011110000011
00000001100001111010011110000011
00000011010001111010011110000011
11111110100001000010011100000011
00000000111101110000111001100011
11111110010001000010011110000011
00000001100001111010011110000011
00000000111100000000011000110011
11111110100001000010010110000011
11111110110001000010010100000011
00000000000000000000000000010011
11111110010001000010011110000011
00000010100001111010011110000011
00000010000001111000100001100011
11111110010001000010011110000011
00000010100001111010011110000011
00000011010001111010011110000011
11111110100001000010011100000011
00000000111101110000111001100011
11111110010001000010011110000011
00000010100001111010011110000011
00000000111100000000011000110011
11111110100001000010010110000011
11111110110001000010010100000011
00000000000000000000000000010011
11111110010001000010011110000011
00000010110001111010011110000011
00000010000001111000100001100011
11111110010001000010011110000011
00000010110001111010011110000011
00000011010001111010011110000011
11111110100001000010011100000011
00000000111101110000111001100011
11111110010001000010011110000011
00000010110001111010011110000011
00000000111100000000011000110011
11111110100001000010010110000011
11111110110001000010010100000011
00000000000000000000000000010011
00000000000000000000000000010011
00000001110000010010000010000011
00000001100000010010010000000011
00000010000000010000000100010011
00000000000000001000000001100111
11111110000000010000000100010011
00000000000100010010111000100011
00000000100000010010110000100011
00000010000000010000010000010011
11111110101001000010011000100011
11111110101101000010010000100011
11111110110001000010001000100011
11111110010001000010011110000011
11111110100001000010011100000011
00000010111001111010101000100011
11111110010001000010011110000011
00000000100001111010011110000011
00000000110001111010011110000011
00000000000001111000111001100011
11111110010001000010011110000011
00000000100001111010011110000011
00000000111100000000011000110011
11111110100001000010010110000011
11111110110001000010010100000011
00000000000000000000000000010011
11111110010001000010011110000011
00000001000001111010011110000011
00000010000001111000100001100011
11111110010001000010011110000011
00000001000001111010011110000011
00000011010001111010011110000011
11111110100001000010011100000011
00000000111101110000111001100011
11111110010001000010011110000011
00000001000001111010011110000011
00000000111100000000011000110011
11111110100001000010010110000011
11111110110001000010010100000011
00000000000000000000000000010011
11111110010001000010011110000011
00000000000001111010011100000011
00000000111000000000011110010011
00000000111101110001111001100011
11111110010001000010011110000011
00000001100001111010011110000011
00000000111100000000011000110011
11111110100001000010010110000011
11111110110001000010010100000011
00000000000000000000000000010011
11111110010001000010011110000011
00000000000001111010011100000011
00000000001000000000011110010011
00000000111101110000101001100011
11111110010001000010011110000011
00000000000001111010011100000011
00000000001100000000011110010011
00000110111101110001101001100011
11111110010001000010011110000011
00000001110001111010011110000011
00000010000001111000100001100011
11111110010001000010011110000011
00000001110001111010011110000011
00000000110001111010011110000011
11111110100001000010011100000011
00000000111101110000111001100011
11111110010001000010011110000011
00000001110001111010011110000011
00000000111100000000011000110011
11111110100001000010010110000011
11111110110001000010010100000011
00000000000000000000000000010011
11111110010001000010011110000011
00000001100001111010011110000011
00000010000001111000100001100011
11111110010001000010011110000011
00000001100001111010011110000011
00000110010001111010011110000011
11111110100001000010011100000011
00000000111101110000111001100011
11111110010001000010011110000011
00000001100001111010011110000011
00000000111100000000011000110011
11111110100001000010010110000011
11111110110001000010010100000011
00000000000000000000000000010011
00000000000000000000000000010011
00000001110000010010000010000011
00000001100000010010010000000011
00000010000000010000000100010011
00000000000000001000000001100111
11111101000000010000000100010011
00000010000100010010011000100011
00000010100000010010010000100011
00000011000000010000010000010011
11111100101001000010111000100011
11111100101101000010110000100011
11111101110001000010011110000011
00001100000001111010011110000011
11111110111101000010011000100011
11111101110001000010011110000011
00001011100001111010011110000011
11111110111101000010010000100011
00001000100000000000000001101111
11111110110001000010011110000011
00000000111101111100011100000011
00000000011000000000011110010011
00000010111101110001100001100011
11111110110001000010011110000011
00000000000001111010011110000011
00000000010001111100011110000011
00000000111100000000011100110011
11111101100001000010011110000011
00000000111001111000110001100011
11111110110001000010011110000011
00000000000001111010011110000011
11111101100001000010011100000011
00001111111101110111011100010011
00000000111001111000001000100011
11111110110001000010011110000011
00000000111101111100011100000011
00000000011100000000011110010011
00000010111101110001100001100011
11111110110001000010011110000011
00000000000001111010011110000011
00000011010001111010011110000011
11111101100001000010011100000011
00000000111101110000111001100011
11111110110001000010011110000011
00000000000001111010011110000011
00000000111100000000011000110011
11111101100001000010010110000011
11111101110001000010010100000011
00000000000000000000000000010011
11111110110001000010011110000011
00000001000001111000011110010011
11111110111101000010011000100011
11111110100001000010011110000011
11111111111101111000011100010011
11111110111001000010010000100011
11110110000001111001100011100011
00000000000000000000000000010011
00000000000000000000000000010011
00000010110000010010000010000011
00000010100000010010010000000011
00000011000000010000000100010011
00000000000000001000000001100111
11100111000000010000000100010011
00011000000100010010011000100011
00011000100000010010010000100011
00011001000000010000010000010011
11101000101001000010011000100011
11101000101101000010010000100011
11111100000001000010011000100011
11111100000001000010010000100011
11111100000001000010001000100011
11111100000001000010000000100011
11111010000001000010111000100011
11111010000001000010110000100011
11111010000001000010101000100011
11111010000001000010100000100011
11101000110001000010011110000011
00001100010001111010011110000011
00000010000001111000000001100011
11101000100001000010011110000011
01001110000001111000011001100011
00010000000000010000011110110111
00000000000001111000010110010011
11101000110001000010010100000011
00000000000000000000000000010011
01001101100000000000000001101111
11101000110001000010011110000011
00001100000001111010011000100011
11101000110001000010011110000011
00001100100001111010011100000011
00000000000100000000011110010011
00000000111101110001011001100011
00000000001000000000011110010011
00000000100000000000000001101111
00000000000100000000011110010011
11101000110001000010011100000011
00001100111101110010010000100011
11101000110001000010011110000011
00001100100001111010011110000011
11111010111101000010010000100011
11101000110001000010011110000011
00000110010001111010011110000011
00000000111100000000011000110011
11111010100001000010010110000011
11101000110001000010010100000011
00000000000000000000000000010011
11101000110001000010011110000011
00000110100001111010011110000011
00000000111100000000011000110011
11111010100001000010010110000011
11101000110001000010010100000011
00000000000000000000000000010011
11101000110001000010011110000011
00000110110001111010011110000011
00000000111100000000011000110011
11111010100001000010010110000011
11101000110001000010010100000011
00000000000000000000000000010011
11101000110001000010011110000011
00000111000001111010011110000011
00000000111100000000011000110011
11111010100001000010010110000011
11101000110001000010010100000011
00000000000000000000000000010011
11101000110001000010011110000011
00000111010001111010011110000011
00000000111100000000011000110011
11111010100001000010010110000011
11101000110001000010010100000011
00000000000000000000000000010011
11101000110001000010011110000011
00000111100001111010011110000011
00000000111100000000011000110011
11111010100001000010010110000011
11101000110001000010010100000011
00000000000000000000000000010011
11101000110001000010011110000011
00000111110001111010011110000011
00000000111100000000011000110011
11111010100001000010010110000011
11101000110001000010010100000011
00000000000000000000000000010011
11101000110001000010011110000011
00001000000001111010011110000011
00000000111100000000011000110011
11111010100001000010010110000011
11101000110001000010010100000011
00000000000000000000000000010011
11101000110001000010011110000011
00001000010001111010011110000011
00000000111100000000011000110011
11111010100001000010010110000011
11101000110001000010010100000011
00000000000000000000000000010011
11101000110001000010011110000011
00001000100001111010011110000011
00000000111100000000011000110011
11111010100001000010010110000011
11101000110001000010010100000011
00000000000000000000000000010011
11101000110001000010011110000011
00001000110001111010011110000011
00000000111100000000011000110011
11111010100001000010010110000011
11101000110001000010010100000011
00000000000000000000000000010011
11101000110001000010011110000011
00001001000001111010011110000011
00000000111100000000011000110011
11111010100001000010010110000011
11101000110001000010010100000011
00000000000000000000000000010011
11101000110001000010011110000011
00001001010001111010011110000011
00000000111100000000011000110011
11111010100001000010010110000011
11101000110001000010010100000011
00000000000000000000000000010011
11101000110001000010011110000011
00001001100001111010011110000011
00000000111100000000011000110011
11111010100001000010010110000011
11101000110001000010010100000011
00000000000000000000000000010011
11101000110001000010011110000011
00001001110001111010011110000011
00000000111100000000011000110011
11111010100001000010010110000011
11101000110001000010010100000011
00000000000000000000000000010011
11101000110001000010011110000011
00001010100001111010011110000011
00000000111100000000011000110011
11111010100001000010010110000011
11101000110001000010010100000011
00000000000000000000000000010011
11101000110001000010011110000011
00001010110001111010011110000011
00000000111100000000011000110011
11111010100001000010010110000011
11101000110001000010010100000011
00000000000000000000000000010011
11111010100001000010010110000011
11101000110001000010010100000011
00000000000000000000000000010011
11101000110001000010011110000011
00001011000001111010011110000011
00000000111100000000011000110011
11111010100001000010010110000011
11101000110001000010010100000011
00000000000000000000000000010011
11101000110001000010011110000011
00001011010001111010011110000011
00000000111100000000011000110011
11111010100001000010010110000011
11101000110001000010010100000011
00000000000000000000000000010011
11111010000001000010011000100011
00000011100000000000000001101111
11101000110001000010011100000011
11111010110001000010011110000011
00000011100001111000011110010011
00000000001001111001011110010011
00000000111101110000011110110011
00000000010001111010011110000011
00000000111100000000011000110011
11111010100001000010010110000011
11101000110001000010010100000011
00000000000000000000000000010011
11111010110001000010011110000011
00000000000101111000011110010011
11111010111101000010011000100011
11101000110001000010011110000011
00001110000001111010011110000011
11111010110001000010011100000011
11111100111101110100000011100011
11101000110001000010011110000011
00001101000001111000011110010011
11111100111101000010100000100011
11101000110001000010011110000011
00001101000001111010011110000011
11111100111101000010101000100011
00000110100000000000000001101111
11111101010001000010011110000011
00000000100001111010011110000011
11111000111101000010110000100011
11111101010001000010011110000011
00000000110001111010011110000011
11111010100001000010011100000011
00000010111101110000011001100011
11111101000001000010011110000011
11111001100001000010011100000011
00000000111001111010000000100011
11111101010001000010010110000011
11101000110001000010010100000011
00000000000000000000000000010011
11111011110001000010011110000011
00000000000101111000011110010011
11111010111101000010111000100011
00000001000000000000000001101111
11111101010001000010011110000011
00000000100001111000011110010011
11111100111101000010100000100011
11111100110001000010011110000011
00000000000101111000011110010011
11111100111101000010011000100011
11111001100001000010011110000011
11111100111101000010101000100011
11111101010001000010011110000011
11111000000001111001110011100011
11101000110001000010011110000011
00001101010001111000011110010011
11111110111101000010010000100011
11101000110001000010011110000011
00001101010001111010011110000011
11111110111101000010011000100011
00000110100000000000000001101111
11111110110001000010011110000011
00000110000001111010011110000011
11111000111101000010111000100011
11111110110001000010011110000011
00000110010001111010011110000011
11111010100001000010011100000011
00000010111101110000011001100011
11111110100001000010011110000011
11111001110001000010011100000011
00000000111001111010000000100011
11111110110001000010010110000011
11101000110001000010010100000011
00000000000000000000000000010011
11111011100001000010011110000011
00000000000101111000011110010011
11111010111101000010110000100011
00000001000000000000000001101111
11111110110001000010011110000011
00000110000001111000011110010011
11111110111101000010010000100011
11111100100001000010011110000011
00000000000101111000011110010011
11111100111101000010010000100011
11111001110001000010011110000011
11111110111101000010011000100011
11111110110001000010011110000011
11111000000001111001110011100011
11101000110001000010011110000011
00001101100001111000011110010011
11111110111101000010000000100011
11101000110001000010011110000011
00001101100001111010011110000011
11111110111101000010001000100011
00000110100000000000000001101111
11111110010001000010011110000011
00000011000001111010011110000011
11111010111101000010000000100011
11111110010001000010011110000011
00000011010001111010011110000011
11111010100001000010011100000011
00000010111101110000011001100011
11111110000001000010011110000011
11111010000001000010011100000011
00000000111001111010000000100011
11111110010001000010010110000011
11101000110001000010010100000011
00000000000000000000000000010011
11111011010001000010011110000011
00000000000101111000011110010011
11111010111101000010101000100011
00000001000000000000000001101111
11111110010001000010011110000011
00000011000001111000011110010011
11111110111101000010000000100011
11111100010001000010011110000011
00000000000101111000011110010011
11111100111101000010001000100011
11111010000001000010011110000011
11111110111101000010001000100011
11111110010001000010011110000011
11111000000001111001110011100011
11101000110001000010011110000011
00001101110001111000011110010011
11111100111101000010110000100011
11101000110001000010011110000011
00001101110001111010011110000011
11111100111101000010111000100011
00000110100000000000000001101111
11111101110001000010011110000011
00000000000001111010011110000011
11111010111101000010001000100011
11111101110001000010011110000011
00000000010001111100011110000011
00000000111100000000011100110011
11111010100001000010011110000011
00000010111001111000011001100011
11111101100001000010011110000011
11111010010001000010011100000011
00000000111001111010000000100011
11111101110001000010010110000011
11101000110001000010010100000011
00000000000000000000000000010011
11111011000001000010011110000011
00000000000101111000011110010011
11111010111101000010100000100011
00000000110000000000000001101111
11111101110001000010011110000011
11111100111101000010110000100011
11111100000001000010011110000011
00000000000101111000011110010011
11111100111101000010000000100011
11111010010001000010011110000011
11111100111101000010111000100011
11111101110001000010011110000011
11111000000001111001110011100011
11101000100001000010011110000011
00000100000001111000111001100011
11101001100001000000010100010011
11111100000001000010011110000011
00000000111100010010010000100011
11111011000001000010011110000011
00000000111100010010001000100011
11111100010001000010011110000011
00000000111100010010000000100011
11111011010001000010100010000011
11111100100001000010100000000011
11111011100001000010011110000011
11111100110001000010011100000011
11111011110001000010011010000011
00010000000000010000011000110111
00000001110001100000011000010011
00010000000000000000010110010011
00000000000000000000000000010011
11101001100001000000011110010011
00000000111100000000010110110011
11101000110001000010010100000011
00000000000000000000000000010011
00000000100000000000000001101111
00000000000000000000000000010011
00011000110000010010000010000011
00011000100000010010010000000011
00011001000000010000000100010011
00000000000000001000000001100111
11111100000000010000000100010011
00000010000100010010111000100011
00000010100000010010110000100011
00000100000000010000010000010011
11111100101001000010011000100011
11111100110001000010011110000011
00010100000001111000011001100011
11111100110001000010011110000011
00001101000001111010011110000011
11111110111101000010001000100011
00000010010000000000000001101111
11111110010001000010011110000011
00000000100001111010011110000011
11111100111101000010100000100011
11111110010001000010010110000011
11111100110001000010010100000011
00000000000000000000000000010011
11111101000001000010011110000011
11111110111101000010001000100011
11111110010001000010011110000011
11111100000001111001111011100011
11111100110001000010011110000011
00001101010001111010011110000011
11111110111101000010011000100011
00000010010000000000000001101111
11111110110001000010011110000011
00000110000001111010011110000011
11111100111101000010101000100011
11111110110001000010010110000011
11111100110001000010010100000011
00000000000000000000000000010011
11111101010001000010011110000011
11111110111101000010011000100011
11111110110001000010011110000011
11111100000001111001111011100011
11111100110001000010011110000011
00001101100001111010011110000011
11111110111101000010010000100011
00000010010000000000000001101111
11111110100001000010011110000011
00000011000001111010011110000011
11111100111101000010110000100011
11111110100001000010010110000011
11111100110001000010010100000011
00000000000000000000000000010011
11111101100001000010011110000011
11111110111101000010010000100011
11111110100001000010011110000011
11111100000001111001111011100011
11111100110001000010011110000011
00001101110001111010011110000011
11111110111101000010000000100011
00000010010000000000000001101111
11111110000001000010011110000011
00000000000001111010011110000011
11111100111101000010111000100011
11111110000001000010010110000011
11111100110001000010010100000011
00000000000000000000000000010011
11111101110001000010011110000011
11111110111101000010000000100011
11111110000001000010011110000011
11111100000001111001111011100011
11111100110001000010010100000011
00000000000000000000000000010011
11111100110001000010011110000011
00000010110001111010011110000011
00000000111100000000010110110011
11111100110001000010010100000011
00000000000000000000000000010011
11111100110001000010011110000011
00000000100001111010011010000011
11111100110001000010011110000011
00000000000001111010011100000011
11111100110001000010011110000011
00001100000001111010011110000011
00000000000000000000011000010011
00000000111100000000010110110011
00000000111000000000010100110011
00000000000001101000000011100111
11111100110001000010011110000011
00000000100001111010011100000011
11111100110001000010011110000011
00000000000001111010011110000011
00000000000000000000011000010011
11111100110001000010010110000011
00000000111100000000010100110011
00000000000001110000000011100111
00000000100000000000000001101111
00000000000000000000000000010011
00000011110000010010000010000011
00000011100000010010010000000011
00000100000000010000000100010011
00000000000000001000000001100111
