11111101000000010000000100010011
00000010000100010010011000100011
00000010100000010010010000100011
00000011000000010000010000010011
11111100101001000010111000100011
11111100101101000010110000100011
11111100110001000010101000100011
11111100110101000010100000100011
11111101110001000010010100000011
00000000000000000000000000010011
00000000101000000000011110110011
00000000111100000000010100110011
00000000000000000000000000010011
00000000101000000000011110110011
00000000000001111000101001100011
11111101110001000010010100000011
00000000000000000000000000010011
11111101110001000010010100000011
00000000000000000000000000010011
11111101010001000010011000000011
11111101100001000010010110000011
11111101110001000010010100000011
00000000000000000000000000010011
00000000101000000000011110110011
11111110111101000010011000100011
11111101000001000010011100000011
00000000001000000000011110010011
00000000111001111101101001100011
11111110110001000010010110000011
11111101110001000010010100000011
00000000000000000000000000010011
00000001010000000000000001101111
11111101000001000010011000000011
11111110110001000010010110000011
11111101110001000010010100000011
00000000000000000000000000010011
11111101110001000010010100000011
00000000000000000000000000010011
11111101110001000010010100000011
00000000000000000000000000010011
00000000000000000000000000010011
00000010110000010010000010000011
00000010100000010010010000000011
00000011000000010000000100010011
00000000000000001000000001100111
11111101000000010000000100010011
00000010000100010010011000100011
00000010100000010010010000100011
00000011000000010000010000010011
11111100101001000010111000100011
11111100101101000010110000100011
11111100110001000010101000100011
00010000000000010000011110110111
00000000000001111000010110010011
11111101100001000010010100000011
00000000000000000000000000010011
00000000101000000000011110110011
11111110111101000010011000100011
11111110110001000010011110000011
00000000000001111001110001100011
11111101100001000010011000000011
00010000000000010000011110110111
00000000010001111000010110010011
11111101110001000010010100000011
00000000000000000000000000010011
00000000001000000000011000010011
00000000000000000000010110010011
11111110110001000010010100000011
00000000000000000000000000010011
00000000101000000000011110110011
00000010000001111101000001100011
11111110110001000010010100000011
00000000000000000000000000010011
11111101100001000010011000000011
00010000000000010000011110110111
00000001110001111000010110010011
11111101110001000010010100000011
00000000000000000000000000010011
11111110110001000010010100000011
00000000000000000000000000010011
00000000101000000000011110110011
11111110111101000010001000100011
11111110010001000010011110000011
00000010000001111101000001100011
11111110110001000010010100000011
00000000000000000000000000010011
11111101100001000010011000000011
00010000000000010000011110110111
00000011100001111000010110010011
11111101110001000010010100000011
00000000000000000000000000010011
00000000000000000000011000010011
00000000000000000000010110010011
11111110110001000010010100000011
00000000000000000000000000010011
00000000101000000000011110110011
00000010000001111101000001100011
11111110110001000010010100000011
00000000000000000000000000010011
11111101100001000010011000000011
00010000000000010000011110110111
00000001110001111000010110010011
11111101110001000010010100000011
00000000000000000000000000010011
11111110010001000010011110000011
00000000000101111000011110010011
00000000111100000000010110110011
11111101110001000010010100000011
00000000000000000000000000010011
00000000101000000000011110110011
11111110111101000010010000100011
11111110100001000010011110000011
00000010000001111001000001100011
11111110110001000010010100000011
00000000000000000000000000010011
11111101100001000010011000000011
00010000000000010000011110110111
00000101010001111000010110010011
11111101110001000010010100000011
00000000000000000000000000010011
11111110010001000010011110000011
11111110110001000010011010000011
00000000111100000000011000110011
00000000000100000000010110010011
11111110100001000010010100000011
00000000000000000000000000010011
00000000101000000000011110110011
11111110111101000010000000100011
11111110000001000010011100000011
11111110010001000010011110000011
00000010111101110000011001100011
11111110100001000010010110000011
11111101110001000010010100000011
00000000000000000000000000010011
11111110110001000010010100000011
00000000000000000000000000010011
11111101100001000010011000000011
00010000000000010000011110110111
00001000010001111000010110010011
11111101110001000010010100000011
00000000000000000000000000010011
11111110010001000010011110000011
11111110100001000010011100000011
00000000111101110000011110110011
00000000000001111000000000100011
11111101110001000010010100000011
00000000000000000000000000010011
00000000101000000000011110110011
00000000111100000000010100110011
00000000000000000000000000010011
00000000101000000000011110110011
00000010000001111000000001100011
11111110100001000010010110000011
11111101110001000010010100000011
00000000000000000000000000010011
11111110110001000010010100000011
00000000000000000000000000010011
11111101110001000010010100000011
00000000000000000000000000010011
11111101010001000010011010000011
11111110100001000010011000000011
11111101100001000010010110000011
11111101110001000010010100000011
00000000000000000000000000010011
11111110100001000010010110000011
11111101110001000010010100000011
00000000000000000000000000010011
11111110110001000010010100000011
00000000000000000000000000010011
11111101110001000010010100000011
00000000000000000000000000010011
00000000000000000000000000010011
00000010110000010010000010000011
00000010100000010010010000000011
00000011000000010000000100010011
00000000000000001000000001100111
11111101000000010000000100010011
00000010000100010010011000100011
00000010100000010010010000100011
00000011000000010000010000010011
11111100101001000010111000100011
11111100101101000010110000100011
11111110000001000010010000100011
00000000000000000000011000010011
00000000000000000000010110010011
00000000000000000000010100010011
00000000000000000000000000010011
00000000101000000000011110110011
11111110111101000010011000100011
00000000000100000000011110010011
11111110111101000010001000100011
00010011010000000000000001101111
11111110010001000010011110000011
00000000001001111001011110010011
11111101100001000010011100000011
00000000111101110000011110110011
00000000000001111010011100000011
00010000000000010000011110110111
00001010100001111000010110010011
00000000111000000000010100110011
00000000000000000000000000010011
00000000101000000000011110110011
00000000000001111001100001100011
00000000000100000000011110010011
11111110111101000010010000100011
00001111000000000000000001101111
11111110010001000010011110000011
00000000001001111001011110010011
11111101100001000010011100000011
00000000111101110000011110110011
00000000000001111010011100000011
00010000000000010000011110110111
00001010110001111000010110010011
00000000111000000000010100110011
00000000000000000000000000010011
00000000101000000000011110110011
00000000000001111001100001100011
00000000001000000000011110010011
11111110111101000010010000100011
00001011100000000000000001101111
11111110010001000010011110000011
00000000001001111001011110010011
11111101100001000010011100000011
00000000111101110000011110110011
00000000000001111010011100000011
00010000000000010000011110110111
00001011000001111000010110010011
00000000111000000000010100110011
00000000000000000000000000010011
00000000101000000000011110110011
00000000000001111001100001100011
00000000001100000000011110010011
11111110111101000010010000100011
00001000000000000000000001101111
11111110110001000010010100000011
00000000000000000000000000010011
00000000101000000000011110110011
00000000111100000000010100110011
00000000000000000000000000010011
00000000101000000000011110110011
00000010000001111000110001100011
00010000000000010000011110110111
00001011010001111000011000010011
11111111111100000000010110010011
11111110110001000010010100000011
00000000000000000000000000010011
00000000101000000000011110110011
00000000111100000000010110110011
11111110110001000010010100000011
00000000000000000000000000010011
00000000000100000000010110010011
11111110110001000010010100000011
00000000000000000000000000010011
00000011000000000000000001101111
11111110010001000010011110000011
00000000001001111001011110010011
11111101100001000010011100000011
00000000111101110000011110110011
00000000000001111010011110000011
11111110100001000010011000000011
00000000111100000000010110110011
11111110110001000010010100000011
00000000000000000000000000010011
11111110110001000010010100000011
00000000000000000000000000010011
11111110010001000010011110000011
00000000000101111000011110010011
11111110111101000010001000100011
11111110010001000010011100000011
11111101110001000010011110000011
11101100111101110100010011100011
00000000000000000000010110010011
11111110110001000010010100000011
00000000000000000000000000010011
11111110110001000010010100000011
00000000000000000000000000010011
00000000000000000000011110010011
00000000111100000000010100110011
00000010110000010010000010000011
00000010100000010010010000000011
00000011000000010000000100010011
00000000000000001000000001100111
