11111101000000010000000100010011
00000010100000010010011000100011
00000011000000010000010000010011
11111100101001000010111000100011
11111100101101000010110000100011
11111101100001000010011110000011
00000000000001111100011110000011
11111110111101000010011000100011
11111110110001000010011100000011
00000111111100000000011110010011
00000010111001111100000001100011
11111110110001000010011110000011
00000001000001111001011100010011
00000001000001110101011100010011
11111101110001000010011110000011
00000000111001111001000000100011
00000000000100000000011110010011
00010100010000000000000001101111
11111101100001000010011110000011
00000000000101111000011110010011
00000000000001111100011110000011
11111000000001111100011110010011
00001111111101111111011110010011
11111110111101000010010000100011
11111110100001000010011110000011
00001100000001111111011110010011
00001110000001111001001001100011
11111110110001000010011100000011
00001101111100000000011110010011
00000100111001111100100001100011
11111110110001000010011100000011
00001011111100000000011110010011
00001100111001111101101001100011
11111110110001000010011110000011
00000000011001111001011100010011
11111110100001000010011110000011
00000000111101110110011110110011
01111111111101111111011110010011
11111110111101000010000000100011
11111110000001000010011100000011
00000111111100000000011110010011
00001010111001111101110001100011
11111110000001000010011110000011
00000001000001111001011100010011
00000001000001110101011100010011
11111101110001000010011110000011
00000000111001111001000000100011
00000000001000000000011110010011
00001100100000000000000001101111
11111101100001000010011110000011
00000000001001111000011110010011
00000000000001111100011110000011
11111000000001111100011110010011
00001111111101111111011110010011
11111110111101000010001000100011
11111110010001000010011110000011
00001100000001111111011110010011
00001000000001111001000001100011
11111110110001000010011100000011
00001110111100000000011110010011
00000110111001111100111001100011
11111110110001000010011110000011
00000000011001111001011100010011
11111110100001000010011110000011
00000000111101110110011110110011
00000000011001111001011100010011
11111110010001000010011110000011
00000000111101110110011100110011
00000000000000010000011110110111
00000000000001111000011110010011
11111111111101111000011110010011
00000000111101110111011110110011
11111110111101000010000000100011
11111110000001000010011100000011
01111111111100000000011110010011
00000100111001111101010001100011
11111110000001000010011110000011
00000001000001111001011100010011
00000001000001110101011100010011
11111101110001000010011110000011
00000000111001111001000000100011
00000000001100000000011110010011
00000100000000000000000001101111
00000000000000000000000000010011
00000010100000000000000001101111
00000000000000000000000000010011
00000010000000000000000001101111
00000000000000000000000000010011
00000001100000000000000001101111
00000000000000000000000000010011
00000001000000000000000001101111
00000000000000000000000000010011
00000000100000000000000001101111
00000000000000000000000000010011
11111101110001000010011110000011
11111111110100000000011100010011
00000000111001111001000000100011
00000000000100000000011110010011
00000000111100000000010100110011
00000010110000010010010000000011
00000011000000010000000100010011
00000000000000001000000001100111
11111101000000010000000100010011
00000010100000010010011000100011
00000011000000010000010000010011
11111100101001000010111000100011
11111100101101000010110000100011
11111101100001000010011110000011
00000000000001111101011110000011
11111110111101000010011000100011
11111110110001000010011100000011
00000111111100000000011110010011
00000000111001111100111001100011
11111110110001000010011110000011
00001111111101111111011100010011
11111101110001000010011110000011
00000000111001111000000000100011
00000000000100000000011110010011
00010000110000000000000001101111
11111110110001000010011100000011
01111111111100000000011110010011
00000110111001111100010001100011
11111110110001000010011110000011
01000000011001111101011110010011
00000001100001111001011110010011
01000001100001111101011110010011
11111100000001111110011110010011
00000001100001111001011110010011
01000001100001111101011110010011
00001111111101111111011100010011
11111101110001000010011110000011
00000000111001111000000000100011
11111110110001000010011110000011
00000001100001111001011110010011
01000001100001111101011110010011
00000011111101111111011110010011
00000001100001111001011110010011
01000001100001111101011110010011
11111000000001111110011110010011
00000001100001111001011100010011
01000001100001110101011100010011
11111101110001000010011110000011
00000000000101111000011110010011
00001111111101110111011100010011
00000000111001111000000000100011
00000000001000000000011110010011
00001001110000000000000001101111
11111110110001000010011110000011
01000000110001111101011110010011
00000001100001111001011110010011
01000001100001111101011110010011
11111110000001111110011110010011
00000001100001111001011110010011
01000001100001111101011110010011
00001111111101111111011100010011
11111101110001000010011110000011
00000000111001111000000000100011
11111110110001000010011110000011
01000000011001111101011110010011
00000001100001111001011110010011
01000001100001111101011110010011
00000011111101111111011110010011
00000001100001111001011110010011
01000001100001111101011110010011
11111000000001111110011110010011
00000001100001111001011100010011
01000001100001110101011100010011
11111101110001000010011110000011
00000000000101111000011110010011
00001111111101110111011100010011
00000000111001111000000000100011
11111110110001000010011110000011
00000001100001111001011110010011
01000001100001111101011110010011
00000011111101111111011110010011
00000001100001111001011110010011
01000001100001111101011110010011
11111000000001111110011110010011
00000001100001111001011100010011
01000001100001110101011100010011
11111101110001000010011110000011
00000000001001111000011110010011
00001111111101110111011100010011
00000000111001111000000000100011
00000000001100000000011110010011
00000000111100000000010100110011
00000010110000010010010000000011
00000011000000010000000100010011
00000000000000001000000001100111
11111101000000010000000100010011
00000010000100010010011000100011
00000010100000010010010000100011
00000011000000010000010000010011
11111100101001000010111000100011
11111101110001000010011110000011
00000001000001111001011110010011
00000001000001111101011110010011
11111110111101000001011100100011
11111110111001000000011100010011
11111110010001000000011110010011
00000000111000000000010110110011
00000000111100000000010100110011
00000000000000000000000000010011
00000000101000000000011110110011
00000000111100000000010100110011
00000010110000010010000010000011
00000010100000010010010000000011
00000011000000010000000100010011
00000000000000001000000001100111
11111101000000010000000100010011
00000010000100010010011000100011
00000010100000010010010000100011
00000011000000010000010000010011
11111100101001000010111000100011
11111110000001000010011000100011
11111101110001000010011110000011
00000000000001111100011110000011
11111110111101000010010000100011
11111110100001000010011100000011
00000111111100000000011110010011
00000010111001111100001001100011
11111110100001000010011110000011
00000000000001111001011001100011
11111110110001000010011110000011
00000100100000000000000001101111
11111101110001000010011110000011
00000000000101111000011110010011
11111100111101000010111000100011
00000010100000000000000001101111
11111110011001000000011110010011
11111101110001000010010110000011
00000000111100000000010100110011
00000000000000000000000000010011
00000000101000000000011110110011
00000000111100000000011100110011
11111101110001000010011110000011
00000000111001111000011110110011
11111100111101000010111000100011
11111110110001000010011110000011
00000000000101111000011110010011
11111110111101000010011000100011
11111001100111111111000001101111
00000000111100000000010100110011
00000010110000010010000010000011
00000010100000010010010000000011
00000011000000010000000100010011
00000000000000001000000001100111
