11111011000000010000000100010011
00000010000100010010011000100011
00000010100000010010010000100011
00000011000000010000010000010011
11111100101001000010111000100011
11111100101101000010110000100011
00000000110001000010010000100011
00000000110101000010011000100011
00000000111001000010100000100011
00000000111101000010101000100011
00000001000001000010110000100011
00000001000101000010111000100011
00000000010000000000011110110111
00000000000001111010011110000011
00000000000001111000101001100011
00000000010000000000011110110111
00000000000001111010011110000011
11111101110001000010011100000011
00000010111001111100011001100011
00000010000001000000011110010011
11111100111101000010101000100011
11111101010001000010011110000011
11111110100001111000011110010011
11111110111101000010011000100011
11111110110001000010011110000011
00000000111100000000011000110011
11111101100001000010010110000011
11111101110001000010010100000011
00000000000000000000000000010011
00000000000000000000000000010011
00000010110000010010000010000011
00000010100000010010010000000011
00000101000000010000000100010011
00000000000000001000000001100111
