11111100000000010000000100010011
00000010000100010010111000100011
00000010100000010010110000100011
00000100000000010000010000010011
11111100101001000010011000100011
11111100110001000010011110000011
00000000000001111100011110000011
11111110111101000010010000100011
11111100110001000010011110000011
00000010110001111010011110000011
11111110111101000010001000100011
11111110100001000010011100000011
00000111100100000000011110010011
00010000111101110000110001100011
11111110100001000010011100000011
00000111100100000000011110010011
00011110111001111100101001100011
11111110100001000010011100000011
00000111000100000000011110010011
00001010111101110000000001100011
11111110100001000010011100000011
00000111000100000000011110010011
00011100111001111100111001100011
11111110100001000010011100000011
00000110101000000000011110010011
00010000111101110000110001100011
11111110100001000010011100000011
00000110101100000000011110010011
00011100111101110001001001100011
11111100110001000010011110000011
00000011000001111010011110000011
00000000000001111000101001100011
11111100110001000010011110000011
00000011000001111010011110000011
00000000000001111100011110000011
00000000100000000000000001101111
00000000000000000000011110010011
11111110111101000010010000100011
11111110100001000010011110000011
00000010000001111000101001100011
11111110100001000010011100000011
00000111000100000000011110010011
00000010111101110000010001100011
11111110100001000010011100000011
00000111100100000000011110010011
00000000111101110000111001100011
11111110100001000010011100000011
00000110100000000000011110010011
00010110111101110000010001100011
11111110100001000010011100000011
00000110101000000000011110010011
00010100111101110000111001100011
00000110100000000000010100010011
00000000000000000000000000010011
00000000101000000000011110110011
00000000000000000000010110010011
00000000111100000000010100110011
00000000000000000000000000010011
00010100000000000000000001101111
11111110010001000010011110000011
00000000000001111100011100000011
00000111000100000000011110010011
00010010111101110001110001100011
11111100110001000010011110000011
00000001100001111010011110000011
11111110111101000010000000100011
11111110010001000010011110000011
00000001100001111010011110000011
11111100111101000010111000100011
11111110000001000010011110000011
00000001100001111101011100000011
11111101110001000010011110000011
00000000111001111001110000100011
11111110000001000010011110000011
00000001101001111101011100000011
11111101110001000010011110000011
00000000111001111001110100100011
11111110000001000010011110000011
00000010010001111010011100000011
11111101110001000010011110000011
00000010111001111010001000100011
00000000000000000000011110010011
00001111000000000000000001101111
11111110010001000010011110000011
00000010000001111010011110000011
00000010000001111001010001100011
00000000000000000000010100010011
00000000000000000000000000010011
11111110101001000010000000100011
11111110000001000010011110000011
00000100110000000000011100010011
00000010111001111000000000100011
11111110010001000010011110000011
11111110000001000010011100000011
00000010111001111010000000100011
11111100110001000010011110000011
00000001100001111010011110000011
00000010010001111010011110000011
11111100111101000010110000100011
11111101100001000010011110000011
00000000000001111100011100000011
00000110101000000000011110010011
00000000111101110001110001100011
11111101100001000010011110000011
00000001100001111010011100000011
11111100110001000010011110000011
00000000111001111010110000100011
11111101000111111111000001101111
00000000000000000000000000010011
11111100110001000010011110000011
00000010110001111010011110000011
11111110111101000010011000100011
00000101010000000000000001101111
11111110110001000010011100000011
11111101100001000010011110000011
00000000111101110001011001100011
00000000000000000000011110010011
00000110010000000000000001101111
11111110110001000010011110000011
00000000000001111100011100000011
00000111000100000000011110010011
00000010111101110000001001100011
11111110110001000010011110000011
00000000000001111100011100000011
00000110001000000000011110010011
00000000111101110000101001100011
11111110110001000010011110000011
00000000000001111100011100000011
00000110010100000000011110010011
00000000111101110001111001100011
11111110110001000010011110000011
00000010110001111010011110000011
11111110111101000010011000100011
11111110110001000010011110000011
11111010000001111001011011100011
00000001100000000000000001101111
00000000000000000000000000010011
00000001000000000000000001101111
00000000000000000000000000010011
00000000100000000000000001101111
00000000000000000000000000010011
11111100110001000010011110000011
00000000111100000000010100110011
00000011110000010010000010000011
00000011100000010010010000000011
00000100000000010000000100010011
00000000000000001000000001100111
