11111110000000010000000100010011
00000000100000010010111000100011
00000010000000010000010000010011
11111110101001000010011000100011
00000000000000000000000000010011
00000000111100000000010100110011
00000001110000010010010000000011
00000010000000010000000100010011
00000000000000001000000001100111
11111101000000010000000100010011
00000010000100010010011000100011
00000010100000010010010000100011
00000011000000010000010000010011
11111100101001000010111000100011
11111101110001000010011110000011
00000000000001111001011001100011
11111101110001000010011110000011
00010111000000000000000001101111
11111101110001000010011110000011
00000000000001111000100000100011
11111101110001000010011110000011
00000000000001111000100010100011
11111101110001000010011110000011
00000010010001111010011110000011
11111110111101000010011000100011
11111101110001000010011110000011
00000010100001111010011110000011
11111110111101000010010000100011
11111101110001000010011110000011
00000000000001111100011110000011
00000101001000000000011100010011
00000010111001111000111001100011
00000101001000000000011100010011
00000110111101110100001001100011
00000100110100000000011100010011
00000010111001111000111001100011
00000100110100000000011100010011
00000100111101110100101001100011
00000010001100000000011100010011
00000010111001111000111001100011
00000100000100000000011100010011
00000100111001111001001001100011
11111101110001000010011110000011
00000000101100000000011100010011
00000000111001111000100010100011
00000100100000000000000001101111
11111101110001000010011110000011
00000000110100000000011100010011
00000000111001111000100010100011
00000011100000000000000001101111
11111101110001000010011110000011
00000000110000000000011100010011
00000000111001111000100010100011
00000010100000000000000001101111
11111101110001000010011110000011
00000001010000000000011100010011
00000000111001111000100010100011
00000001100000000000000001101111
11111110110001000010010100000011
00000000000000000000000000010011
11111110100001000010010100000011
00000000000000000000000000010011
00000000000000000000000000010011
11111101110001000010011110000011
00000001000101111100011100000011
00000000101000000000011110010011
00000000111001111111011001100011
11111101110001000010011110000011
00001010010000000000000001101111
11111110110001000010011110000011
00000000000001111000101001100011
11111110110001000010011110000011
00000001000001111100011100000011
11111101110001000010011110000011
00000000111001111000100000100011
11111110100001000010011110000011
00000100000001111000111001100011
11111101110001000010011110000011
00000001000001111100011110000011
00000000111100000000011100110011
11111110100001000010011110000011
00000001000001111100011110000011
01000000111101110000011110110011
11111110111101000010001000100011
11111110010001000010011110000011
00000010000001111001000001100011
11111101110001000010011110000011
00000001000001111100011110000011
00000000000101111000011110010011
00001111111101111111011100010011
11111101110001000010011110000011
00000000111001111000100000100011
00000001110000000000000001101111
11111110010001000010011110000011
00000000000001111101101001100011
11111110100001000010011110000011
00000001000001111100011100000011
11111101110001000010011110000011
00000000111001111000100000100011
11111101110001000010011110000011
00000001000001111100011110000011
00000000000001111001111001100011
11111101110001000010011110000011
00000001000001111100011110000011
00000000000101111000011110010011
00001111111101111111011100010011
11111101110001000010011110000011
00000000111001111000100000100011
11111101110001000010011110000011
00000000111100000000010100110011
00000010110000010010000010000011
00000010100000010010010000000011
00000011000000010000000100010011
00000000000000001000000001100111
