11111110000000010000000100010011
00000000000100010010111000100011
00000000100000010010110000100011
00000010000000010000010000010011
00010000000000010000011110110111
00000000000001111000010110010011
00010000000000010000011110110111
00000000010001111000010100010011
00000000000000000000000000010011
11111110101001000010010000100011
11111110000001000000011110100011
00000011100000000000000001101111
11111110111101000100011110000011
11111111111101111100011110010011
00001111111101111111011110010011
11111110111101000000001110100011
11111110011101000000011110010011
11111110100001000010011010000011
00000000000100000000011000010011
00000000000100000000010110010011
00000000111100000000010100110011
00000000000000000000000000010011
11111110111101000100011110000011
00000000000101111000011110010011
11111110111101000000011110100011
11111110111101000100011100000011
00001111111100000000011110010011
11111100111101110001001011100011
11111110111101000100011110000011
11111111111101111100011110010011
00001111111101111111011110010011
11111110111101000000001110100011
11111110011101000000011110010011
11111110100001000010011010000011
00000000000100000000011000010011
00000000000100000000010110010011
00000000111100000000010100110011
00000000000000000000000000010011
00000000000000000000011110010011
00000000111100000000010100110011
00000001110000010010000010000011
00000001100000010010010000000011
00000010000000010000000100010011
00000000000000001000000001100111
