11111110000000010000000100010011
00000000100000010010111000100011
00000010000000010000010000010011
00000000000100000000011110010011
11111110111101000010011000100011
11111110110001000010011100000011
00000000111000000000011110110011
00000000001001111001011110010011
00000000111001111000011110110011
00000000000101111001011110010011
11111110111101000010011000100011
11111110110001000010011110000011
00000001111101111101011100010011
00000000111101110000011110110011
01000000000101111101011110010011
11111110111101000010011000100011
11111110110001000010011100000011
00000000001100000000011110010011
00000010111101110110011110110011
11111110111101000010011000100011
11111110110001000010011110000011
11111111111001111000011110010011
00000000111100000000010100110011
00000001110000010010010000000011
00000010000000010000000100010011
00000000000000001000000001100111
