11111110000000010000000100010011
00000000100000010010111000100011
00000010000000010000010000010011
11111110000001000001011100100011
11111110111001000101011110000011
00000000000101111000011110010011
00000001000001111001011110010011
00000001000001111101011110010011
11111110111101000001011100100011
11111110111001000001011100000011
00000000000100000000011110010011
00000000111101110000011001100011
00000000000100000000011110010011
00000000100000000000000001101111
00000000000000000000011110010011
00000000111100000000010100110011
00000001110000010010010000000011
00000010000000010000000100010011
00000000000000001000000001100111
