11111111000000010000000100010011
00000000100000010010011000100011
00000001000000010000010000010011
00010000000000010000011110110111
00000000000001111000011110010011
00000000000001111010011100000011
00000000010100000000011110010011
00000000111101110000011001100011
00000000001000000000011110010011
00000101100000000000000001101111
00010000000000010000011110110111
00000000000001111000011110010011
00000000010001111010011110000011
00000000000001111000011001100011
00000000001100000000011110010011
00000100000000000000000001101111
00010000000000010000011110110111
00000000000001111000011110010011
00000000100001111010011100000011
00000000001000000000011110010011
00000000111101110000011001100011
00000000010000000000011110010011
00000010010000000000000001101111
00010000000000010000011110110111
00000000000001111000011110010011
00000000110001111010011100000011
00000000001100000000011110010011
00000000111101110000011001100011
00000000010100000000011110010011
00000000100000000000000001101111
00000000000000000000011110010011
00000000111100000000010100110011
00000000110000010010010000000011
00000001000000010000000100010011
00000000000000001000000001100111
