11111111000000010000000100010011
00000000100000010010011000100011
00000001000000010000010000010011
00000000010000000000011110110111
00000000000001111010011110000011
00000000000001111001110001100011
00000000010000000000011110110111
00000000000001111010011110000011
00000000000001111000101001100011
00000000000100000000011110010011
00000111000000000000000001101111
00000000000100000000011110010011
00000110100000000000000001101111
00000000000000000000000000010011
00000000010000000000011110110111
00000000000001111010011100000011
00000000000100000000011110010011
00000000111101110001011001100011
00000000000100000000011110010011
00000100110000000000000001101111
00000000010000000000011110110111
00000000000001111010011100000011
00000000000100000000011110010011
00000000111101110001011001100011
00000000000100000000011110010011
00000011010000000000000001101111
00000000010000000000011110110111
00000000000001111010011110000011
00000000000001111000100001100011
00000000000100000000011100010011
00000000111001111000101001100011
00000001100000000000000001101111
00000000010000000000011110110111
00000000000001111010011110000011
00000001000000000000000001101111
00000000000100000000011110010011
00000000100000000000000001101111
00000000000100000000011110010011
00000000111100000000010100110011
00000000110000010010010000000011
00000001000000010000000100010011
00000000000000001000000001100111
