11111101000000010000000100010011
00000010000100010010011000100011
00000010100000010010010000100011
00000011000000010000010000010011
11111110000001000010011000100011
11111110000001000010000000100011
11111110000001000010010000100011
11111110000001000010001000100011
00000000010000000000010100010011
00000000000000000000000000010011
00000000101000000000011110110011
11111110111101000010000000100011
11111110000001000010011110000011
00000000000001111001110001100011
00010000000000010000011110110111
00000000000001111000010100010011
00000000000000000000000000010011
11111111111100000000010100010011
00000000000000000000000000010011
11111110000001000010011110000011
11111110111101000010011000100011
11111110100001000010011110000011
00001000000001111000011110010011
11111110111101000010010000100011
00010000000000010000011110110111
00000011010001111000010100010011
00000000000000000000000000010011
00001001000000000000000001101111
11111110100001000010011110000011
00001000000001111000011110010011
00000000111100000000010110110011
11111110110001000010010100000011
00000000000000000000000000010011
11111110101001000010000000100011
11111110000001000010011110000011
00000010000001111001000001100011
00010000000000010000011110110111
00000011110001111000010100010011
00000000000000000000000000010011
11111110110001000010010100000011
00000000000000000000000000010011
11111111111100000000010100010011
00000000000000000000000000010011
11111110000001000010011110000011
11111110111101000010011000100011
11111110100001000010011110000011
00001000000001111000011110010011
11111110111101000010010000100011
11111101111101000100011100000011
00000000101000000000011110010011
00000010111101110000010001100011
11111110110001000010011100000011
11111110010001000010011110000011
00000000111101110000011110110011
11111101111101000100011100000011
00000000111001111000000000100011
11111110010001000010011110000011
00000000000101111000011110010011
11111110111101000010001000100011
00000001000000000000000001101111
00010000000000010000011110110111
00000011010001111000010100010011
00000000000000000000000000010011
00000000000000000000000000010011
00000000101000000000011110110011
11111100111101000000111110100011
11111110010001000010011100000011
11111110100001000010011110000011
11111010111101110001100011100011
11110101110111111111000001101111
11110110000000010000000100010011
00001000000100010010111000100011
00001000100000010010110000100011
00001010000000010000010000010011
11110110101001000010011000100011
11111110000001000010010000100011
11111110000001000010001000100011
11111110000001000010011000100011
11110111100001000000011110010011
00000000111100000000010110110011
11110110110001000010010100000011
00000000000000000000000000010011
11111010100001000010011110000011
11111110111101000010000000100011
00010000000000010000011110110111
00000111010001111000010110010011
11110110110001000010010100000011
00000000000000000000000000010011
11111110101001000010010000100011
11111110100001000010011110000011
00000000000001111001110001100011
00010000000000010000011110110111
00000111100001111000010100010011
00000000000000000000000000010011
11111111111100000000010100010011
00000000000000000000000000010011
11111110000001000010011110000011
00000000000101111000011110010011
00000000111100000000010100110011
00000000000000000000000000010011
00000000101000000000011110110011
11111110111101000010001000100011
00000010010000000000000001101111
11111110010001000010011100000011
11111110110001000010011110000011
00000000111101110000011110110011
11110111011101000100011100000011
00000000111001111000000000100011
11111110110001000010011110000011
00000000000101111000011110010011
11111110111101000010011000100011
11110111011101000000011110010011
11111110100001000010011010000011
00000000000100000000011000010011
00000000000100000000010110010011
00000000111100000000010100110011
00000000000000000000000000010011
00000000101000000000011110110011
11111100000001111001001011100011
11111110010001000010011100000011
11111110110001000010011110000011
00000000111101110000011110110011
00000000000001111000000000100011
11111110100001000010010100000011
00000000000000000000000000010011
11111110010001000010011110000011
00000000111100000000010100110011
00001001110000010010000010000011
00001001100000010010010000000011
00001010000000010000000100010011
00000000000000001000000001100111
11111100000000010000000100010011
00000010000100010010111000100011
00000010100000010010110000100011
00000010100100010010101000100011
00000100000000010000010000010011
11111100101001000010011000100011
11111100101101000010010000100011
11111110000001000010011000100011
11111110000001000010010000100011
11111110000001000010001000100011
11111110000001000010000000100011
11111100000001000010111000100011
11111100000001000010110000100011
11111100110001000010011100000011
00000000000100000000011110010011
00000000111101110001100001100011
00000000000000000000000000010011
11111110101001000010000000100011
00000100000000000000000001101111
11111100110001000010011100000011
00000000001000000000011110010011
00000010111101110001000001100011
11111100100001000010011110000011
00000000010001111000011110010011
00000000000001111010011110000011
00000000111100000000010100110011
00000000000000000000000000010011
11111110101001000010000000100011
00000001100000000000000001101111
00010000000000010000011110110111
00001010010001111000010100010011
00000000000000000000000000010011
11111111111100000000010100010011
00000000000000000000000000010011
00100000000000000000010100010011
00000000000000000000000000010011
00000000101000000000011110110011
11111110111101000010011000100011
00001000000000000000011110010011
11111110111101000010001000100011
11111100000001000010111000100011
00101101100000000000000001101111
11111110000001000010011100000011
11111101110001000010011110000011
00000000111101110000011110110011
00000000000001111100011110000011
11111100111101000000101110100011
00000000000000000000000000010011
00000000101000000000011110110011
00000000000001111010011100000011
11111101011101000100011110000011
00000000000101111001011110010011
00000000111101110000011110110011
00000000000001111101011110000011
00000000111100000000011100110011
00000000000000000010011110110111
00000000000001111000011110010011
00000000111101110111011110110011
00100110000001111001101001100011
11111101011101000100011110000011
11111101010101111000011110010011
00000011001000000000011100010011
00100100111101110110010001100011
00000000001001111001011100010011
00010000000000010000011110110111
00010010110001111000011110010011
00000000111101110000011110110011
00000000000001111010011110000011
00000000000001111000000001100111
11111110100001000010011110000011
00000000001001111001011110010011
11111110110001000010011100000011
00000000111101110000011110110011
00000000000001111010011100000011
00000000000101110000011100010011
00000000111001111010000000100011
00100100000000000000000001101111
11111110100001000010011110000011
00000000001001111001011110010011
11111110110001000010011100000011
00000000111101110000011110110011
00000000000001111010011100000011
11111111111101110000011100010011
00000000111001111010000000100011
00100010000000000000000001101111
11111110100001000010011110000011
00000000000101111000011110010011
11111110010001000010011100000011
00000000111101110000101001100011
11111110100001000010011110000011
00000000000101111000011110010011
11111110111101000010010000100011
00100000000000000000000001101111
11111110010001000010011110000011
00000000000101111000011110010011
11111110111101000010001000100011
11111110010001000010011110000011
00000000001001111001011110010011
00000000111100000000010110110011
11111110110001000010010100000011
00000000000000000000000000010011
11111110101001000010011000100011
11111110100001000010011110000011
00000000000101111000011110010011
11111110111101000010010000100011
11111110100001000010011110000011
00000000001001111001011110010011
11111110110001000010011100000011
00000000111101110000011110110011
00000000000001111010000000100011
00011011100000000000000001101111
11111110100001000010011110000011
00000000000001111000101001100011
11111110100001000010011110000011
11111111111101111000011110010011
11111110111101000010010000100011
00011010000000000000000001101111
00010000000000010000011110110111
00001100100001111000010100010011
00000000000000000000000000010011
00000000000100000000011110010011
00011011000000000000000001101111
11111110100001000010011110000011
00000000001001111001011110010011
11111110110001000010011100000011
00000000111101110000011110110011
00000000000001111010011110000011
00000000111100000000010100110011
00000000000000000000000000010011
00010110110000000000000001101111
11111110100001000010011110000011
00000000001001111001011110010011
11111110110001000010011100000011
00000000111101110000010010110011
00000000000000000000000000010011
00000000101000000000011110110011
00000000111101001010000000100011
00010100110000000000000001101111
11111110100001000010011110000011
00000000001001111001011110010011
11111110110001000010011100000011
00000000111101110000011110110011
00000000000001111010011110000011
00010010000001111001010001100011
11111101100001000010011110000011
00000000000101111000011110010011
11111100111101000010110000100011
00000101110000000000000001101111
11111101110001000010011110000011
00000000000101111000011110010011
11111100111101000010111000100011
11111110000001000010011100000011
11111101110001000010011110000011
00000000111101110000011110110011
00000000000001111100011100000011
00000101110100000000011110010011
00000000111101110001101001100011
11111101100001000010011110000011
11111111111101111000011110010011
11111100111101000010110000100011
00000010100000000000000001101111
11111110000001000010011100000011
11111101110001000010011110000011
00000000111101110000011110110011
00000000000001111100011100000011
00000101101100000000011110010011
00000000111101110001100001100011
11111101100001000010011110000011
00000000000101111000011110010011
11111100111101000010110000100011
11111101100001000010011110000011
11111010000001111001001011100011
00001011010000000000000001101111
11111110100001000010011110000011
00000000001001111001011110010011
11111110110001000010011100000011
00000000111101110000011110110011
00000000000001111010011110000011
00001010000001111000001001100011
11111101100001000010011110000011
00000000000101111000011110010011
11111100111101000010110000100011
00000101110000000000000001101111
11111101110001000010011110000011
11111111111101111000011110010011
11111100111101000010111000100011
11111110000001000010011100000011
11111101110001000010011110000011
00000000111101110000011110110011
00000000000001111100011100000011
00000101101100000000011110010011
00000000111101110001101001100011
11111101100001000010011110000011
11111111111101111000011110010011
11111100111101000010110000100011
00000010100000000000000001101111
11111110000001000010011100000011
11111101110001000010011110000011
00000000111101110000011110110011
00000000000001111100011100000011
00000101110100000000011110010011
00000000111101110001100001100011
11111101100001000010011110000011
00000000000101111000011110010011
11111100111101000010110000100011
11111101100001000010011110000011
11111010000001111001001011100011
00000011000000000000000001101111
11111101011101000100011110000011
00000000111100000000010110110011
00010000000000010000011110110111
00001111110001111000010100010011
00000000000000000000000000010011
00000000000100000000011110010011
00000011110000000000000001101111
00000000000000000000000000010011
00000001000000000000000001101111
00000000000000000000000000010011
00000000100000000000000001101111
00000000000000000000000000010011
11111101110001000010011110000011
00000000000101111000011110010011
11111100111101000010111000100011
11111110000001000010011100000011
11111101110001000010011110000011
00000000111101110000011110110011
00000000000001111100011110000011
11010000000001111001111011100011
00000000000000000000011110010011
00000000111100000000010100110011
00000011110000010010000010000011
00000011100000010010010000000011
00000011010000010010010010000011
00000100000000010000000100010011
00000000000000001000000001100111
