11111001000000010000000100010011
00000110100000010010011000100011
00000111000000010000010000010011
11111110000001000010011000100011
00000011100000000000000001101111
11111110110001000010011110000011
00001111111101111111011100010011
11111110110001000010011110000011
11111111000001000000011010010011
00000000111101101000011110110011
11111100111001111000010000100011
11111110110001000010011110000011
11111111000001000000011100010011
00000000111101110000011110110011
11111010000001111000000000100011
11111110110001000010011110000011
00000000000101111000011110010011
11111110111101000010011000100011
11111110110001000010011100000011
00000010011000000000011110010011
11111100111001111101001011100011
11111011100001000000011110010011
11111110111101000010010000100011
11111001000001000000011110010011
11111110111101000010001000100011
00000010011100000000011110010011
11111110111101000010000000100011
11111110000001000010011110000011
00000000011101111000011110010011
01000001111101111101011100010011
00000000011101110111011100010011
00000000111101110000011110110011
01000000001101111101011110010011
11111110111101000010011000100011
11111110000001000010011100000011
01000001111101110101011110010011
00000001110101111101011110010011
00000000111101110000011100110011
00000000011101110111011100010011
01000000111101110000011110110011
00000000011100000000011100010011
00010010111101110110101001100011
00000000001001111001011100010011
00010000000000010000011110110111
00000000000001111000011110010011
00000000111101110000011110110011
00000000000001111010011110000011
00000000000001111000000001100111
00000000000000000000000000010011
11111110100001000010011100000011
00000000000101110000011110010011
11111110111101000010010000100011
11111110010001000010011110000011
00000000000101111000011010010011
11111110110101000010001000100011
00000000000001110100011100000011
00000000111001111000000000100011
11111110100001000010011100000011
00000000000101110000011110010011
11111110111101000010010000100011
11111110010001000010011110000011
00000000000101111000011010010011
11111110110101000010001000100011
00000000000001110100011100000011
00000000111001111000000000100011
11111110100001000010011100000011
00000000000101110000011110010011
11111110111101000010010000100011
11111110010001000010011110000011
00000000000101111000011010010011
11111110110101000010001000100011
00000000000001110100011100000011
00000000111001111000000000100011
11111110100001000010011100000011
00000000000101110000011110010011
11111110111101000010010000100011
11111110010001000010011110000011
00000000000101111000011010010011
11111110110101000010001000100011
00000000000001110100011100000011
00000000111001111000000000100011
11111110100001000010011100000011
00000000000101110000011110010011
11111110111101000010010000100011
11111110010001000010011110000011
00000000000101111000011010010011
11111110110101000010001000100011
00000000000001110100011100000011
00000000111001111000000000100011
11111110100001000010011100000011
00000000000101110000011110010011
11111110111101000010010000100011
11111110010001000010011110000011
00000000000101111000011010010011
11111110110101000010001000100011
00000000000001110100011100000011
00000000111001111000000000100011
11111110100001000010011100000011
00000000000101110000011110010011
11111110111101000010010000100011
11111110010001000010011110000011
00000000000101111000011010010011
11111110110101000010001000100011
00000000000001110100011100000011
00000000111001111000000000100011
11111110100001000010011100000011
00000000000101110000011110010011
11111110111101000010010000100011
11111110010001000010011110000011
00000000000101111000011010010011
11111110110101000010001000100011
00000000000001110100011100000011
00000000111001111000000000100011
11111110110001000010011110000011
11111111111101111000011110010011
11111110111101000010011000100011
11111110110001000010011110000011
11101110111100000100011011100011
11111110000001000010011000100011
00000011110000000000000001101111
11111110110001000010011110000011
11111111000001000000011100010011
00000000111101110000011110110011
11111100100001111100011100000011
11111110110001000010011110000011
11111111000001000000011010010011
00000000111101101000011110110011
11111010000001111100011110000011
00000000111101110000011001100011
00000000000100000000011110010011
00000010000000000000000001101111
11111110110001000010011110000011
00000000000101111000011110010011
11111110111101000010011000100011
11111110110001000010011100000011
00000010011000000000011110010011
11111100111001111101000011100011
00000000000000000000011110010011
00000000111100000000010100110011
00000110110000010010010000000011
00000111000000010000000100010011
00000000000000001000000001100111
