11111110000000010000000100010011
00000000100000010010111000100011
00000010000000010000010000010011
00010000000000010000011110110111
00000000000001111000011110010011
11111110111101000010011000100011
11111110110001000010011110000011
00000000000001111100011100000011
00000110000100000000011110010011
00000000111101110000011001100011
00000000000100000000011110010011
00001010110000000000000001101111
11111110110001000010011110000011
00000000000101111000011110010011
00000000000001111100011100000011
00000110001000000000011110010011
00000000111101110000011001100011
00000000001000000000011110010011
00001001000000000000000001101111
11111110110001000010011110000011
00000000001001111000011110010011
00000000000001111100011100000011
00000110001100000000011110010011
00000000111101110000011001100011
00000000001100000000011110010011
00000111010000000000000001101111
11111110110001000010011110000011
00000000001101111000011110010011
00000000000001111100011100000011
00000110010000000000011110010011
00000000111101110000011001100011
00000000010000000000011110010011
00000101100000000000000001101111
11111110110001000010011110000011
00000000010001111000011110010011
00000000000001111100011100000011
00000110010100000000011110010011
00000000111101110000011001100011
00000000010100000000011110010011
00000011110000000000000001101111
11111110110001000010011110000011
00000000010101111000011110010011
00000000000001111100011100000011
00000110011000000000011110010011
00000000111101110000011001100011
00000000011000000000011110010011
00000010000000000000000001101111
11111110110001000010011110000011
00000000011001111000011110010011
00000000000001111100011110000011
00000000000001111000011001100011
00000000011100000000011110010011
00000000100000000000000001101111
00000000000000000000011110010011
00000000111100000000010100110011
00000001110000010010010000000011
00000010000000010000000100010011
00000000000000001000000001100111
