11111111000000010000000100010011
00000000100000010010011000100011
00000001000000010000010000010011
00000000010000000000011110110111
00000000000001111000011110010011
00000000000100000000011100010011
00000000111001111010000000100011
00000000010000000000011110110111
00000000000001111000011110010011
00000000001000000000011100010011
00000000111001111010001000100011
00000000010000000000011110110111
00000000000001111000011110010011
00000000000001111010011110000011
00000000001100000000011100010011
01000000111101110000011100110011
00000000010000000000011110110111
00000000000001111000011110010011
00000000010001111010011110000011
01000000111101110000011110110011
00000000111100000000010100110011
00000000110000010010010000000011
00000001000000010000000100010011
00000000000000001000000001100111
