11111111000000010000000100010011
00000000100000010010011000100011
00000001000000010000010000010011
00000110010000000000011110010011
00000000111100000000010100110011
00000000110000010010010000000011
00000001000000010000000100010011
00000000000000001000000001100111
11111111000000010000000100010011
00000000000100010010011000100011
00000000100000010010010000100011
00000001000000010000010000010011
00000000000000000000000000010011
00000000101000000000011100110011
00111110100000000000011110010011
00000000111001111101011001100011
00000000000100000000011110010011
00001000000000000000000001101111
00000000000000000000000000010011
00000000101000000000011100110011
00111110011100000000011110010011
00000000111001111101011001100011
00000000000100000000011110010011
00000110100000000000000001101111
00000000000000000000000000010011
00000000101000000000011100110011
00111110100000000000011110010011
00000000111001111101011001100011
00000000000100000000011110010011
00000101000000000000000001101111
00000000000000000000000000010011
00000000101000000000011100110011
00111110011100000000011110010011
00000000111001111101011001100011
00000000000100000000011110010011
00000011100000000000000001101111
00000000000000000000000000010011
00000000101000000000011100110011
00111110100000000000011110010011
00000000111101110001011001100011
00000000000100000000011110010011
00000010000000000000000001101111
00000000000000000000000000010011
00000000101000000000011100110011
00000110010000000000011110010011
00000000111101110000011001100011
00000000000100000000011110010011
00000000100000000000000001101111
00000000000000000000011110010011
00000000111100000000010100110011
00000000110000010010000010000011
00000000100000010010010000000011
00000001000000010000000100010011
00000000000000001000000001100111
