11111110000000010000000100010011
00000000100000010010111000100011
00000010000000010000010000010011
11111110000001000010011000100011
00000000000000000000000000010011
11111110110001000010011100000011
00000000010100000000011110010011
00000000111101110001010001100011
00000001010000000000000001101111
11111110110001000010011110000011
00000000000101111000011110010011
11111110111101000010011000100011
11111110010111111111000001101111
11111110110001000010011100000011
00000000101000000000011110010011
00000000111101110001010001100011
00000001010000000000000001101111
11111110110001000010011110000011
00000000000101111000011110010011
11111110111101000010011000100011
11111110010111111111000001101111
11111110110001000010011100000011
00000000111100000000011110010011
00000000111101110000101001100011
11111110110001000010011110000011
00000000000101111000011110010011
11111110111101000010011000100011
11111110100111111111000001101111
00000000000000000000000000010011
11111110110001000010011110000011
11111111000101111000011110010011
00000000111100000000010100110011
00000001110000010010010000000011
00000010000000010000000100010011
00000000000000001000000001100111
