11111101000000010000000100010011
00000010000100010010011000100011
00000010100000010010010000100011
00000010100100010010001000100011
00000011000000010000010000010011
11111100101001000010111000100011
11111100101101000010110000100011
00010000000000010000011110110111
00000000000001111000010110010011
11111101100001000010010100000011
00000000000000000000000000010011
11111110101001000010010000100011
11111110100001000010011110000011
00001000000001111000100001100011
11111110000001000010001000100011
11111110000001000010000000100011
11111110000001000010011000100011
00000100010000000000000001101111
11111110010001000010010010000011
11111110010001000010011100000011
00010000000000010000011110110111
00000000010001111000010110010011
00000000111000000000010100110011
00000000000000000000000000010011
00000000101000000000011110110011
00000000111101001000011110110011
00000000000001111000000000100011
11111110010001000010011110000011
00000000111100000000010110110011
11111101110001000010010100000011
00000000000000000000000000010011
11111110110001000010011110000011
00000000000101111000011110010011
11111110111101000010011000100011
11111110000001000000011100010011
11111110010001000000011110010011
11111110100001000010011000000011
00000000111000000000010110110011
00000000111100000000010100110011
00000000000000000000000000010011
00000000101000000000011100110011
11111111111100000000011110010011
11111010111101110001000011100011
11111110010001000010011110000011
00000000111100000000010100110011
00000000000000000000000000010011
11111110000001000010001000100011
11111110100001000010010100000011
00000000000000000000000000010011
11111101110001000010011110000011
00000000000001111010011110000011
00000000000001111001100001100011
00000000000000000000010110010011
11111101110001000010010100000011
00000000000000000000000000010011
00000000000000000000000000010011
00000010110000010010000010000011
00000010100000010010010000000011
00000010010000010010010010000011
00000011000000010000000100010011
00000000000000001000000001100111
11111101000000010000000100010011
00000010000100010010011000100011
00000010100000010010010000100011
00000011000000010000010000010011
11111100101001000010111000100011
00000000101100000000011110110011
11111100111101000000110110100011
00000000110000000000010100010011
00000000000000000000000000010011
00000000101000000000011110110011
11111110111101000010001000100011
11111110000001000010011000100011
11111110000001000010010000100011
11111110010001000010011110000011
11111101101101000100011100000011
00000000111001111000000000100011
11111110010001000010011110000011
00000000000001111010001000100011
11111110010001000010011110000011
00000000000001111010010000100011
11111101110001000010011110000011
00000000110001111010011110000011
00000100000001111001011001100011
11111101110001000010011110000011
11111110010001000010011100000011
00000000111001111010001000100011
11111101110001000010011110000011
11111110010001000010011100000011
00000000111001111010010000100011
11111101110001000010011110000011
11111110010001000010011100000011
00000000111001111010000000100011
11111101110001000010011110000011
00000000110001111010011110000011
00000000000101111000011100010011
11111101110001000010011110000011
00000000111001111010011000100011
11111101110001000010011110000011
00000000000100000000011100010011
00000000111001111000100000100011
00001011100000000000000001101111
11111101110001000010011110000011
00000000000001111010011100000011
11111101110001000010011110000011
00000000100001111010011110000011
00000010111101110001011001100011
11111101110001000010011110000011
00000000000001111010011110000011
11111110111101000010010000100011
11111110100001000010011110000011
11111110010001000010011100000011
00000000111001111010010000100011
11111101110001000010011110000011
11111110010001000010011100000011
00000000111001111010010000100011
00000011100000000000000001101111
11111101110001000010011110000011
00000000000001111010011110000011
11111110111101000010010000100011
11111101110001000010011110000011
00000000000001111010011110000011
00000000100001111010011110000011
11111110111101000010011000100011
11111110100001000010011110000011
11111110010001000010011100000011
00000000111001111010010000100011
11111110110001000010011110000011
11111110010001000010011100000011
00000000111001111010001000100011
11111110010001000010011110000011
11111110110001000010011100000011
00000000111001111010010000100011
11111110010001000010011110000011
11111110100001000010011100000011
00000000111001111010001000100011
11111101110001000010011110000011
00000000000100000000011100010011
00000000111001111000100000100011
11111101110001000010011110000011
00000000110001111010011110000011
00000000000101111000011100010011
11111101110001000010011110000011
00000000111001111010011000100011
11111101110001000010011110000011
11111110010001000010011100000011
00000000111001111010000000100011
00000010110000010010000010000011
00000010100000010010010000000011
00000011000000010000000100010011
00000000000000001000000001100111
11111101000000010000000100010011
00000010000100010010011000100011
00000010100000010010010000100011
00000011000000010000010000010011
11111100101001000010111000100011
00000001110000000000010100010011
00000000000000000000000000010011
00000000101000000000011110110011
11111110111101000010010000100011
11111110100001000010011110000011
00000000000001111010110000100011
11111110100001000010011110000011
00000000000001111010101000100011
11111110100001000010011110000011
00000000000001111010011000100011
11111110100001000010011110000011
00000000000100000000011100010011
00000000111001111000100000100011
11111110100001000010011110000011
00000000000001111010001000100011
11111110100001000010011110000011
00000000000001111010010000100011
11111110100001000010011110000011
00000000000001111010000000100011
11111101110001000010011110000011
00000000000001111001011001100011
11111110100001000010011110000011
00000101110000000000000001101111
11111110000001000010011000100011
00000010110000000000000001101111
11111101110001000010011100000011
11111110110001000010011110000011
00000000111101110000011110110011
00000000000001111100011110000011
00000000111100000000010110110011
11111110100001000010010100000011
00000000000000000000000000010011
11111110110001000010011110000011
00000000000101111000011110010011
11111110111101000010011000100011
11111101110001000010010100000011
00000000000000000000000000010011
00000000101000000000011100110011
11111110110001000010011110000011
11111100111001111110010011100011
11111110100001000010011110000011
00000000010001111010011100000011
11111110100001000010011110000011
00000000111001111010000000100011
11111110100001000010011110000011
00000000111100000000010100110011
00000010110000010010000010000011
00000010100000010010010000000011
00000011000000010000000100010011
00000000000000001000000001100111
11111101000000010000000100010011
00000010000100010010011000100011
00000010100000010010010000100011
00000011000000010000010000010011
11111100101001000010111000100011
11111101110001000010011110000011
00000000010001111010011110000011
11111110111101000010011000100011
00000010000000000000000001101111
11111110110001000010011110000011
11111110111101000010010000100011
11111110110001000010011110000011
00000000100001111010011110000011
11111110111101000010011000100011
11111110100001000010010100000011
00000000000000000000000000010011
11111110110001000010011110000011
11111110000001111001000011100011
11111101110001000010010100000011
00000000000000000000000000010011
00000000000000000000000000010011
00000010110000010010000010000011
00000010100000010010010000000011
00000011000000010000000100010011
00000000000000001000000001100111
11111101000000010000000100010011
00000010000100010010011000100011
00000010100000010010010000100011
00000011000000010000010000010011
11111100101001000010111000100011
00000010010000000000010100010011
00000000000000000000000000010011
00000000101000000000011110110011
11111110111101000010011000100011
11111110110001000010011110000011
00000000000001111010011000100011
11111110110001000010011110000011
00000000000001111010001000100011
11111110110001000010011110000011
00000000000001111010010000100011
11111110110001000010011110000011
00000000000001111010000000100011
11111110110001000010011110000011
00000000000001111000110000100011
11111110110001000010011110000011
11111101110001000010011100000011
00000000111001111010111000100011
11111110110001000010011110000011
00000010000001111010000000100011
11111101110001000010010110000011
11111110110001000010010100000011
00000000000000000000000000010011
11111110110001000010011110000011
00000000010001111010011100000011
11111110110001000010011110000011
00000000111001111010000000100011
11111110110001000010011110000011
00000000000001111010011100000011
11111110110001000010011110000011
00000000000001111010011110000011
00000000010001110010011100000011
00000000111001111010000000100011
11111110110001000010011110000011
00000000000001111010100000100011
11111110110001000010011110000011
00000000000001111010101000100011
11111110110001000010011110000011
00000000000001111010011110000011
00000000110001111010011100000011
00000000000100000000011110010011
00000110111001111111001001100011
00000011010000000000000001101111
11111110110001000010011110000011
00000000000001111010011110000011
00000000000001111010011100000011
11111110110001000010011110000011
00000000000001111010011110000011
00000000100001110010011100000011
00000000111001111010000000100011
11111110110001000010011110000011
00000001000001111010011110000011
00000000000101111000011100010011
11111110110001000010011110000011
00000000111001111010100000100011
11111110110001000010011110000011
00000000000001111010011110000011
00000000000001111010011110000011
00000000000001111100011100000011
00000010000000000000011110010011
00000000111101110001110001100011
11111110110001000010011110000011
00000000000001111010011110000011
00000000000001111010011110000011
00000000100001111010011110000011
11111010000001111001010011100011
11111110110001000010011110000011
00000000111100000000010100110011
00000010110000010010000010000011
00000010100000010010010000000011
00000011000000010000000100010011
00000000000000001000000001100111
11111110000000010000000100010011
00000000000100010010111000100011
00000000100000010010110000100011
00000010000000010000010000010011
11111110101001000010011000100011
00000000101100000000011110110011
11111110111101000000010110100011
11111110110001000010011110000011
00000000000001111010011110000011
00000000110001111010011110000011
00000000000001111000110001100011
11111110110001000010011110000011
00000001000001111010011110000011
00000000000101111000011100010011
11111110110001000010011110000011
00000000111001111010100000100011
11111110110001000010011110000011
00000000000001111010011110000011
11111110101101000100011100000011
00000000111000000000010110110011
00000000111100000000010100110011
00000000000000000000000000010011
00000000000000000000000000010011
00000001110000010010000010000011
00000001100000010010010000000011
00000010000000010000000100010011
00000000000000001000000001100111
11111101000000010000000100010011
00000010000100010010011000100011
00000010100000010010010000100011
00000011000000010000010000010011
11111100101001000010111000100011
00000000101100000000011110110011
11111100111101000000110110100011
11111101110001000010011110000011
00000000000001111010011110000011
11111110111101000010011000100011
11111110110001000010011110000011
00000000110001111010011110000011
00000010000001111001001001100011
00010000000000010000011110110111
00001010000001111000011010010011
00001100001000000000011000010011
00010000000000010000011110110111
00000000100001111000010110010011
00010000000000010000011110110111
00001000110001111000010100010011
00000000000000000000000000010011
11111110110001000010011110000011
00000000010001111010011110000011
00001010000001111000100001100011
11111110110001000010011110000011
00000000000001111010011100000011
11111110110001000010011110000011
00000000010001111010011110000011
00001000111101110001111001100011
00000000110000000000010100010011
00000000000000000000000000010011
00000000101000000000011110110011
11111110111101000010010000100011
11111110100001000010011110000011
11111101101101000100011100000011
00000000111001111000000000100011
11111110100001000010011110000011
00000000000001111010001000100011
11111110110001000010011110000011
00000000010001111010011100000011
11111110100001000010011110000011
00000000111001111010010000100011
11111110110001000010011110000011
00000000010001111010011110000011
11111110100001000010011100000011
00000000111001111010001000100011
11111110110001000010011110000011
11111110100001000010011100000011
00000000111001111010001000100011
11111110100001000010011110000011
00000000100001111010011100000011
11111110110001000010011110000011
00000000111001111010000000100011
11111101110001000010011110000011
00000001000001111010011110000011
00000000000101111000011100010011
11111101110001000010011110000011
00000000111001111010100000100011
11111110110001000010011110000011
00000000000100000000011100010011
00000000111001111000100000100011
11111110110001000010011110000011
00000000110001111010011110000011
00000000000101111000011100010011
11111110110001000010011110000011
00000000111001111010011000100011
00000011110000000000000001101111
11111110110001000010011110000011
00000000000001111010011110000011
00000000010001111010011100000011
11111110110001000010011110000011
00000000111001111010000000100011
11111101101101000100011110000011
00000000111100000000010110110011
11111101110001000010010100000011
00000000000000000000000000010011
11111110110001000010011110000011
00000000000001111010011110000011
00000000100001111010011100000011
11111110110001000010011110000011
00000000111001111010000000100011
00000010110000010010000010000011
00000010100000010010010000000011
00000011000000010000000100010011
00000000000000001000000001100111
11111101000000010000000100010011
00000010000100010010011000100011
00000010100000010010010000100011
00000011000000010000010000010011
11111100101001000010111000100011
11111101110001000010011110000011
00000000110001111010011110000011
00010100000001111000101001100011
11111101110001000010011110000011
00000000000001111010011110000011
11111110111101000010011000100011
11111101110001000010011110000011
00000000110001111010011100000011
00000000000100000000011110010011
00000100111101110001101001100011
11111101110001000010011110000011
00000000000001111010011110000011
11111110111101000010011000100011
11111101110001000010011110000011
00000000000001111010000000100011
11111101110001000010011110000011
00000000000001111010001000100011
11111101110001000010011110000011
00000000000001111010010000100011
11111101110001000010011110000011
00000000110001111010011110000011
11111111111101111000011100010011
11111101110001000010011110000011
00000000111001111010011000100011
11111101110001000010011110000011
00000000000100000000011100010011
00000000111001111000100000100011
11111110110001000010010100000011
00000000000000000000000000010011
00001110110000000000000001101111
11111101110001000010011110000011
00000000010001111010011110000011
11111110110001000010011100000011
00000010111101110001101001100011
11111110110001000010011110000011
00000000100001111010011100000011
11111101110001000010011110000011
00000000111001111010000000100011
11111101110001000010011110000011
00000000000001111010011100000011
11111101110001000010011110000011
00000000111001111010001000100011
11111101110001000010011110000011
00000000010001111010011110000011
00000000000001111010001000100011
00000111110000000000000001101111
11111101110001000010011110000011
00000000100001111010011110000011
11111110110001000010011100000011
00000010111101110001101001100011
11111110110001000010011110000011
00000000010001111010011100000011
11111101110001000010011110000011
00000000111001111010000000100011
11111101110001000010011110000011
00000000000001111010011100000011
11111101110001000010011110000011
00000000111001111010010000100011
11111101110001000010011110000011
00000000100001111010011110000011
00000000000001111010010000100011
00000011110000000000000001101111
11111110110001000010011110000011
00000000100001111010011100000011
11111101110001000010011110000011
00000000111001111010000000100011
11111101110001000010011110000011
00000000000001111010011110000011
11111110110001000010011100000011
00000000010001110010011100000011
00000000111001111010001000100011
11111110110001000010011110000011
00000000010001111010011110000011
11111101110001000010011100000011
00000000000001110010011100000011
00000000111001111010010000100011
11111101110001000010011110000011
00000000110001111010011110000011
11111111111101111000011100010011
11111101110001000010011110000011
00000000111001111010011000100011
11111101110001000010011110000011
00000000000100000000011100010011
00000000111001111000100000100011
11111110110001000010010100000011
00000000000000000000000000010011
00000000100000000000000001101111
00000000000000000000000000010011
00000010110000010010000010000011
00000010100000010010010000000011
00000011000000010000000100010011
00000000000000001000000001100111
11111101000000010000000100010011
00000010000100010010011000100011
00000010100000010010010000100011
00000011000000010000010000010011
11111100101001000010111000100011
11111101110001000010011110000011
00000000000001111010011110000011
11111110111101000010011000100011
11111110110001000010011110000011
00000000110001111010011100000011
00000000000100000000011110010011
00000010111001111111110001100011
11111110110001000010011110000011
00000000000001111010011110000011
00000010000001111000011001100011
11111110110001000010011110000011
00000000000001111010011100000011
11111110110001000010011110000011
00000000100001111010011110000011
00000000111101110001110001100011
11111101110001000010011110000011
00000001000001111010011110000011
11111111111101111000011100010011
11111101110001000010011110000011
00000000111001111010100000100011
11111101110001000010011110000011
00000000000001111010011110000011
00000000111100000000010100110011
00000000000000000000000000010011
00000000000000000000000000010011
00000010110000010010000010000011
00000010100000010010010000000011
00000011000000010000000100010011
00000000000000001000000001100111
11111101000000010000000100010011
00000010000100010010011000100011
00000010100000010010010000100011
00000011000000010000010000010011
11111100101001000010111000100011
11111100101101000010110000100011
11111101100001000010010100000011
00000000000000000000000000010011
11111110101001000010001000100011
11111110000001000010011000100011
11111110000001000010010000100011
11111101110001000010011110000011
00000000110001111010011110000011
00000010000001111001000001100011
11111101110001000010011110000011
11111110010001000010011100000011
00000000111001111010001000100011
11111101110001000010011110000011
11111110010001000010011100000011
00000000111001111010010000100011
00000111010000000000000001101111
11111101110001000010011110000011
00000000000001111010011100000011
11111101110001000010011110000011
00000000100001111010011110000011
00000010111101110001011001100011
11111101110001000010011110000011
00000000000001111010011110000011
11111110111101000010011000100011
11111110110001000010011110000011
11111110010001000010011100000011
00000000111001111010110000100011
11111101110001000010011110000011
11111110010001000010011100000011
00000000111001111010010000100011
00000011100000000000000001101111
11111101110001000010011110000011
00000000000001111010011110000011
11111110111101000010011000100011
11111101110001000010011110000011
00000000000001111010011110000011
00000001100001111010011110000011
11111110111101000010010000100011
11111110110001000010011110000011
11111110010001000010011100000011
00000000111001111010110000100011
11111110100001000010011110000011
11111110010001000010011100000011
00000000111001111010101000100011
11111110010001000010011110000011
11111110100001000010011100000011
00000000111001111010110000100011
11111110010001000010011110000011
11111110110001000010011100000011
00000000111001111010101000100011
11111101110001000010011110000011
00000000000001111010100000100011
11111101110001000010011110000011
00000001010001111010011110000011
00000000000101111000011100010011
11111101110001000010011110000011
00000000111001111010101000100011
11111101110001000010011110000011
00000000110001111010011110000011
00000000000101111000011100010011
11111101110001000010011110000011
00000000111001111010011000100011
11111101110001000010011110000011
11111110010001000010011100000011
00000000111001111010000000100011
00000000000000000000000000010011
00000010110000010010000010000011
00000010100000010010010000000011
00000011000000010000000100010011
00000000000000001000000001100111
11111101000000010000000100010011
00000010000100010010011000100011
00000010100000010010010000100011
00000011000000010000010000010011
11111100101001000010111000100011
11111100101101000010110000100011
11111101110001000010011110000011
00000000010001111010011110000011
00001000000001111000011001100011
11111101110001000010011110000011
00000000000001111010011100000011
11111101110001000010011110000011
00000000010001111010011110000011
00000110111101110001110001100011
11111101100001000010010100000011
00000000000000000000000000010011
11111110101001000010011000100011
11111110110001000010011110000011
00000000000001111010101000100011
11111101110001000010011110000011
00000000010001111010011100000011
11111110110001000010011110000011
00000000111001111010110000100011
11111101110001000010011110000011
00000000010001111010011110000011
11111110110001000010011100000011
00000000111001111010101000100011
11111101110001000010011110000011
11111110110001000010011100000011
00000000111001111010001000100011
11111101110001000010011110000011
11111110110001000010011100000011
00000000111001111010000000100011
11111101110001000010011110000011
00000000000001111010100000100011
11111101110001000010011110000011
00000000000001111010101000100011
11111101110001000010011110000011
00000000110001111010011110000011
00000000000101111000011100010011
11111101110001000010011110000011
00000000111001111010011000100011
00000001110000000000000001101111
00000000000000000000010110010011
11111101110001000010010100000011
00000000000000000000000000010011
11111101100001000010010110000011
11111101110001000010010100000011
00000000000000000000000000010011
00000010110000010010000010000011
00000010100000010010010000000011
00000011000000010000000100010011
00000000000000001000000001100111
11111101000000010000000100010011
00000010100000010010011000100011
00000011000000010000010000010011
11111100101001000010111000100011
11111101110001000010011110000011
00000000000001111010011110000011
11111110111101000010001000100011
11111110010001000010011110000011
00000000010001111010011110000011
11111110111101000010011000100011
11111110110001000010011110000011
00000000000001111001100001100011
11111101110001000010011110000011
00000000000001111010100000100011
00000101110000000000000001101111
11111110000001000010010000100011
00000011100000000000000001101111
11111110110001000010011110000011
00000000100001111010011110000011
00000000000001111001101001100011
11111101110001000010011110000011
11111110100001000010011100000011
00000000111001111010100000100011
00000010110000000000000001101111
11111110110001000010011110000011
00000000100001111010011110000011
11111110111101000010011000100011
11111110100001000010011110000011
00000000000101111000011110010011
11111110111101000010010000100011
11111101110001000010011110000011
00000001000001111010011110000011
11111110100001000010011100000011
11111100111101110110000011100011
11111110010001000010011110000011
11111110110001000010011100000011
00000000111001111010000000100011
00000010110000010010010000000011
00000011000000010000000100010011
00000000000000001000000001100111
11111110000000010000000100010011
00000000000100010010111000100011
00000000100000010010110000100011
00000010000000010000010000010011
11111110101001000010011000100011
11111110110001000010011110000011
00000000000001111010011110000011
00000001010001111010011110000011
00000010000001111000101001100011
11111110110001000010011110000011
00000000000001111010011110000011
00000001010001111010011100000011
11111110110001000010011110000011
00000000111001111010000000100011
11111110110001000010011110000011
00000001010001111010011110000011
11111111111101111000011100010011
11111110110001000010011110000011
00000000111001111010101000100011
11111110110001000010010100000011
00000000000000000000000000010011
00000000000000000000000000010011
00000001110000010010000010000011
00000001100000010010010000000011
00000010000000010000000100010011
00000000000000001000000001100111
11111110000000010000000100010011
00000000000100010010111000100011
00000000100000010010110000100011
00000010000000010000010000010011
11111110101001000010011000100011
11111110110001000010011110000011
00000000000001111010011110000011
00000001100001111010011110000011
00000010000001111000101001100011
11111110110001000010011110000011
00000000000001111010011110000011
00000001100001111010011100000011
11111110110001000010011110000011
00000000111001111010000000100011
11111110110001000010011110000011
00000001010001111010011110000011
00000000000101111000011100010011
11111110110001000010011110000011
00000000111001111010101000100011
11111110110001000010010100000011
00000000000000000000000000010011
00000000000000000000000000010011
00000001110000010010000010000011
00000001100000010010010000000011
00000010000000010000000100010011
00000000000000001000000001100111
11111101000000010000000100010011
00000010100000010010011000100011
00000011000000010000010000010011
11111100101001000010111000100011
11111101110001000010011110000011
00000000000001111010011110000011
11111110111101000010011000100011
11111110110001000010011110000011
00000000000001111010011110000011
00000010000001111000111001100011
11111110110001000010011110000011
00000000000001111010011110000011
00000000010001111010011110000011
00000010000001111000011001100011
11111110110001000010011110000011
00000000000001111010011110000011
00000000010001111010011100000011
11111110110001000010011110000011
00000000111001111010000000100011
11111101110001000010011110000011
00000001000001111010011110000011
11111111111101111000011100010011
11111101110001000010011110000011
00000000111001111010100000100011
00000000000000000000000000010011
00000010110000010010010000000011
00000011000000010000000100010011
00000000000000001000000001100111
11111101000000010000000100010011
00000010100000010010011000100011
00000011000000010000010000010011
11111100101001000010111000100011
11111101110001000010011110000011
00000000000001111010011110000011
11111110111101000010011000100011
11111110110001000010011110000011
00000000000001111010011110000011
00000010000001111000111001100011
11111110110001000010011110000011
00000000000001111010011110000011
00000000100001111010011110000011
00000010000001111000011001100011
11111110110001000010011110000011
00000000000001111010011110000011
00000000100001111010011100000011
11111110110001000010011110000011
00000000111001111010000000100011
11111101110001000010011110000011
00000001000001111010011110000011
00000000000101111000011100010011
11111101110001000010011110000011
00000000111001111010100000100011
00000000000000000000000000010011
00000010110000010010010000000011
00000011000000010000000100010011
00000000000000001000000001100111
11111110000000010000000100010011
00000000000100010010111000100011
00000000100000010010110000100011
00000010000000010000010000010011
11111110101001000010011000100011
11111110101101000010010000100011
11111110100001000010011100000011
00000000001100000000011110010011
00000100111101110000110001100011
11111110100001000010011100000011
00000000001100000000011110010011
00000110111001111110001001100011
11111110100001000010011100000011
00000000001000000000011110010011
00000100111101110000011001100011
11111110100001000010011100000011
00000000001000000000011110010011
00000100111001111110011001100011
11111110100001000010011110000011
00000000000001111000101001100011
11111110100001000010011100000011
00000000000100000000011110010011
00000000111101110000101001100011
00000011010000000000000001101111
11111110110001000010010100000011
00000000000000000000000000010011
00000010110000000000000001101111
11111110110001000010010100000011
00000000000000000000000000010011
00000010000000000000000001101111
11111110110001000010010100000011
00000000000000000000000000010011
00000001010000000000000001101111
11111110110001000010010100000011
00000000000000000000000000010011
00000000100000000000000001101111
00000000000000000000000000010011
00000000000000000000000000010011
00000001110000010010000010000011
00000001100000010010010000000011
00000010000000010000000100010011
00000000000000001000000001100111
11111101000000010000000100010011
00000010000100010010011000100011
00000010100000010010010000100011
00000011000000010000010000010011
11111100101001000010111000100011
11111101110001000010011110000011
00000001000001111010011110000011
11111110111101000010011000100011
00000001110000000000000001101111
00000000001000000000010110010011
11111101110001000010010100000011
00000000000000000000000000010011
11111110110001000010011110000011
00000000000101111000011110010011
11111110111101000010011000100011
11111101110001000010011110000011
00000000000001111010011110000011
00000000110001111010011110000011
11111110110001000010011100000011
11111100111101110110110011100011
00000000000000000000000000010011
00000000000000000000000000010011
00000010110000010010000010000011
00000010100000010010010000000011
00000011000000010000000100010011
00000000000000001000000001100111
11111101000000010000000100010011
00000010000100010010011000100011
00000010100000010010010000100011
00000011000000010000010000010011
11111100101001000010111000100011
11111101110001000010011110000011
00000001000001111010011110000011
11111110111101000010010000100011
11111110000001000010011000100011
00000001110000000000000001101111
00000000001100000000010110010011
11111101110001000010010100000011
00000000000000000000000000010011
11111110110001000010011110000011
00000000000101111000011110010011
11111110111101000010011000100011
11111110110001000010011100000011
11111110100001000010011110000011
11111110111101110110000011100011
00000000000000000000000000010011
00000000000000000000000000010011
00000010110000010010000010000011
00000010100000010010010000000011
00000011000000010000000100010011
00000000000000001000000001100111
11111101000000010000000100010011
00000010000100010010011000100011
00000010100000010010010000100011
00000011000000010000010000010011
11111100101001000010111000100011
11111101110001000010011110000011
00000001010001111010011110000011
11111110111101000010010000100011
11111110000001000010011000100011
00000001110000000000000001101111
00000000000000000000010110010011
11111101110001000010010100000011
00000000000000000000000000010011
11111110110001000010011110000011
00000000000101111000011110010011
11111110111101000010011000100011
11111110110001000010011100000011
11111110100001000010011110000011
11111110111101110110000011100011
00000000000000000000000000010011
00000000000000000000000000010011
00000010110000010010000010000011
00000010100000010010010000000011
00000011000000010000000100010011
00000000000000001000000001100111
11111101000000010000000100010011
00000010000100010010011000100011
00000010100000010010010000100011
00000011000000010000010000010011
11111100101001000010111000100011
11111101110001000010011110000011
00000001010001111010011110000011
11111110111101000010011000100011
00000001110000000000000001101111
00000000000100000000010110010011
11111101110001000010010100000011
00000000000000000000000000010011
11111110110001000010011110000011
00000000000101111000011110010011
11111110111101000010011000100011
11111101110001000010011110000011
00000000110001111010011110000011
11111110110001000010011100000011
11111100111101110110111011100011
00000000000000000000000000010011
00000000000000000000000000010011
00000010110000010010000010000011
00000010100000010010010000000011
00000011000000010000000100010011
00000000000000001000000001100111
11111101000000010000000100010011
00000010000100010010011000100011
00000010100000010010010000100011
00000011000000010000010000010011
11111100101001000010111000100011
11111101110001000010011110000011
00000000000001111010011110000011
00000001010001111010011110000011
00010010000001111000110001100011
11111101110001000010011110000011
00000000000001111010011110000011
11111110111101000010011000100011
11111110110001000010011110000011
00000001010001111010011110000011
11111110111101000010010000100011
11111110100001000010011110000011
00000000110001111010011110000011
00000000000001111001111001100011
00000000000000000000010110010011
11111101110001000010010100000011
00000000000000000000000000010011
11111101110001000010010100000011
00000000000000000000000000010011
00010000000000000000000001101111
11111110110001000010011110000011
00000000110001111010011110000011
00000100000001111001101001100011
11111101110001000010010100000011
00000000000000000000000000010011
11111101110001000010011110000011
11111110100001000010011100000011
00000000111001111010000000100011
11111110100001000010011110000011
00000000100001111010011100000011
11111110100001000010011110000011
00000000111001111010000000100011
11111101110001000010011110000011
00000001010001111010011110000011
11111111111101111000011100010011
11111101110001000010011110000011
00000000111001111010101000100011
11111110100001000010011110000011
00000000110001111010011110000011
11111111111101111000011100010011
11111101110001000010011110000011
00000000111001111010100000100011
00001010010000000000000001101111
11111110100001000010011110000011
00000000110001111010011100000011
11111101110001000010011110000011
00000000111001111010100000100011
11111110100001000010011110000011
00000000110001111010011100000011
11111110110001000010011110000011
00000000110001111010011110000011
00000000111101110000011100110011
11111110100001000010011110000011
00000000111001111010011000100011
11111110100001000010011110000011
00000000100001111010011110000011
11111110110001000010011100000011
00000000010001110010011100000011
00000000111001111010010000100011
11111110110001000010011110000011
00000000010001111010011110000011
11111110100001000010011100000011
00000000100001110010011100000011
00000000111001111010001000100011
11111110110001000010011110000011
00000000010001111010011100000011
11111110100001000010011110000011
00000000111001111010000000100011
11111110110001000010011110000011
00000000100001111010011100000011
11111110100001000010011110000011
00000000111001111010010000100011
11111110110001000010011110000011
00000000000001111010001000100011
11111110110001000010011110000011
00000000000001111010010000100011
11111101110001000010010100000011
00000000000000000000000000010011
00000000000000000000010110010011
11111101110001000010010100000011
00000000000000000000000000010011
00000000100000000000000001101111
00000000000000000000000000010011
00000010110000010010000010000011
00000010100000010010010000000011
00000011000000010000000100010011
00000000000000001000000001100111
11111101000000010000000100010011
00000010000100010010011000100011
00000010100000010010010000100011
00000011000000010000010000010011
11111100101001000010111000100011
11111101110001000010011110000011
00000000000001111010011110000011
11111110111101000010011000100011
11111101110001000010011110000011
00000001000001111010011110000011
11111110111101000010010000100011
00000000000000000000010110010011
11111101110001000010010100000011
00000000000000000000000000010011
11111101110001000010011110000011
00000000000001111010011110000011
11111110111101000010001000100011
11111110110001000010011110000011
00000000110001111010011110000011
00001010000001111000101001100011
11111110110001000010011110000011
00000000110001111010011100000011
11111110100001000010011110000011
01000000111101110000011100110011
11111110010001000010011110000011
00000000111001111010011000100011
11111110110001000010011110000011
11111110100001000010011100000011
00000000111001111010011000100011
11111110110001000010011110000011
00000000000001111010011100000011
11111110010001000010011110000011
00000000111001111010001000100011
11111110110001000010011110000011
00000000100001111010011100000011
11111110010001000010011110000011
00000000111001111010010000100011
11111110110001000010011110000011
00000000000001111010011110000011
00000000010001111010011100000011
11111110110001000010011110000011
00000000111001111010010000100011
11111110010001000010011110000011
00000000010001111010011110000011
00000000000001111000100001100011
11111110010001000010011110000011
00000000010001111010011110000011
00000000000001111010001000100011
11111110110001000010011110000011
00000000100001111010011110000011
00000000000001111000101001100011
11111110110001000010011110000011
00000000100001111010011110000011
00000000000001111010010000100011
00000000110000000000000001101111
11111110110001000010011110000011
00000000000001111010001000100011
11111110010001000010011110000011
00000000010001111010011100000011
11111110010001000010011110000011
00000000111001111010000000100011
11111101110001000010011110000011
00000000000001111010100000100011
00000000100000000000000001101111
00000000000000000000000000010011
00000010110000010010000010000011
00000010100000010010010000000011
00000011000000010000000100010011
00000000000000001000000001100111
11111101000000010000000100010011
00000010000100010010011000100011
00000010100000010010010000100011
00000011000000010000010000010011
11111100101001000010111000100011
11111101110001000010011110000011
00000000010001111010011110000011
11111110111101000010011000100011
00000010000000000000000001101111
11111110110001000010011110000011
11111110111101000010010000100011
11111110110001000010011110000011
00000000100001111010011110000011
11111110111101000010011000100011
11111110100001000010010100000011
00000000000000000000000000010011
11111110110001000010011110000011
11111110000001111001000011100011
11111101110001000010011110000011
00000000010001111010011100000011
11111101110001000010011110000011
00000000111001111010010000100011
11111101110001000010011110000011
00000000010001111010011100000011
11111101110001000010011110000011
00000000111001111010000000100011
11111101110001000010011110000011
00000000000001111010001000100011
11111101110001000010011110000011
00000000000001111010011000100011
00000000000000000000000000010011
00000010110000010010000010000011
00000010100000010010010000000011
00000011000000010000000100010011
00000000000000001000000001100111
11111101000000010000000100010011
00000010000100010010011000100011
00000010100000010010010000100011
00000011000000010000010000010011
11111100101001000010111000100011
11111101110001000010011110000011
00000000000001111010011110000011
11111110111101000010011000100011
11111101110001000010011110000011
00000000110001111010011100000011
00000000000100000000011110010011
00000000111101110001110001100011
11111101110001000010011110000011
00000000000001111010011110000011
00000000111100000000010100110011
00000000000000000000000000010011
00001110110000000000000001101111
11111101110001000010011110000011
00000000010001111010011110000011
11111110110001000010011100000011
00000010111101110001101001100011
11111110110001000010011110000011
00000001100001111010011100000011
11111101110001000010011110000011
00000000111001111010000000100011
11111101110001000010011110000011
00000000000001111010011110000011
00000000000001111010101000100011
11111101110001000010011110000011
00000000000001111010011100000011
11111101110001000010011110000011
00000000111001111010001000100011
00001001000000000000000001101111
11111101110001000010011110000011
00000000100001111010011110000011
11111110110001000010011100000011
00000100111101110001010001100011
11111110110001000010011110000011
00000001010001111010011100000011
11111101110001000010011110000011
00000000111001111010000000100011
11111101110001000010011110000011
00000000000001111010011110000011
00000000000001111010110000100011
11111101110001000010011110000011
00000000000001111010011100000011
11111101110001000010011110000011
00000000111001111010010000100011
11111101110001000010011110000011
00000001010001111010011110000011
11111111111101111000011100010011
11111101110001000010011110000011
00000000111001111010101000100011
00000011110000000000000001101111
11111110110001000010011110000011
00000001010001111010011110000011
11111110110001000010011100000011
00000001100001110010011100000011
00000000111001111010110000100011
11111110110001000010011110000011
00000001100001111010011110000011
11111110110001000010011100000011
00000001010001110010011100000011
00000000111001111010101000100011
11111110110001000010011110000011
00000001100001111010011100000011
11111101110001000010011110000011
00000000111001111010000000100011
11111101110001000010011110000011
00000000110001111010011110000011
11111111111101111000011100010011
11111101110001000010011110000011
00000000111001111010011000100011
11111110110001000010010100000011
00000000000000000000000000010011
00000010110000010010000010000011
00000010100000010010010000000011
00000011000000010000000100010011
00000000000000001000000001100111
11111101000000010000000100010011
00000010000100010010011000100011
00000010100000010010010000100011
00000011000000010000010000010011
11111100101001000010111000100011
11111101110001000010011110000011
00000000010001111010011110000011
11111110111101000010011000100011
00000010000000000000000001101111
11111110110001000010011110000011
11111110111101000010010000100011
11111110110001000010011110000011
00000001100001111010011110000011
11111110111101000010011000100011
11111110100001000010010100000011
00000000000000000000000000010011
11111110110001000010011110000011
11111110000001111001000011100011
11111101110001000010010100000011
00000000000000000000000000010011
00000000000000000000000000010011
00000010110000010010000010000011
00000010100000010010010000000011
00000011000000010000000100010011
00000000000000001000000001100111
