11111101000000010000000100010011
00000010000100010010011000100011
00000010100000010010010000100011
00000011000000010000010000010011
11111100101001000010111000100011
00000000000000000000000000010011
00000000101000000000011110110011
00000000000001111010000000100011
11111101110001000010011110000011
00000000111100000100111001100011
00000000000000000000000000010011
00000000101000000000011100110011
00000001011000000000011110010011
00000000111101110010000000100011
00000000000000000000011110010011
00010100100000000000000001101111
00000010000000000000010110010011
00000000000100000000010100010011
00000000000000000000000000010011
00000000101000000000011110110011
11111110111101000010011000100011
11111110110001000010011110000011
00000000000001111001011001100011
00000000000000000000011110010011
00010010010000000000000001101111
11111101110001000010011110000011
00001000000001111000011100010011
11111110110001000010011110000011
00000000111001111010011000100011
11111110110001000010011110000011
00000000110001111010011110000011
00000000100000000000010110010011
00000000111100000000010100110011
00000000000000000000000000010011
00000000101000000000011110110011
00000000111100000000011100110011
11111110110001000010011110000011
00000000111001111010000000100011
11111110110001000010011110000011
00000000000001111010011110000011
00001000000001111000110001100011
11111110000001000010010000100011
00000010110000000000000001101111
11111110110001000010011110000011
00000000000001111010011100000011
11111110100001000010011110000011
00000000001101111001011110010011
00000000111101110000011110110011
11111111111100000000011100010011
00000000111001111010000000100011
11111110100001000010011110000011
00000000000101111000011110010011
11111110111101000010010000100011
11111110110001000010011110000011
00000000110001111010011110000011
11111110100001000010011100000011
11111100111101110100011011100011
11111110110001000010011110000011
00000000110001111010011110000011
00000000010000000000010110010011
00000000111100000000010100110011
00000000000000000000000000010011
00000000101000000000011110110011
00000000111100000000011100110011
11111110110001000010011110000011
00000000111001111010001000100011
11111110110001000010011110000011
00000000010001111010011110000011
00000010000001111000100001100011
11111110110001000010011110000011
00000000000001111010011100000011
11111110110001000010011110000011
00000000111001111010010000100011
00000000000000000000000000010011
00000000101000000000011100110011
11111110110001000010011110000011
00000000111001111010111000100011
00000001000000000000000001101111
00000000000000000000000000010011
00000000100000000000000001101111
00000000000000000000000000010011
00000000000000000000000000010011
00000000101000000000011110110011
00000000000001111010011110000011
00000010000001111000100001100011
00000000000000000000000000010011
00000000101000000000011110110011
00000000000001111010011110000011
11111110111101000010001000100011
11111110110001000010010100000011
00000000000000000000000000010011
00000000000000000000000000010011
00000000101000000000011100110011
11111110010001000010011110000011
00000000111101110010000000100011
11111110000001000010011000100011
11111110110001000010011110000011
00000000111100000000010100110011
00000010110000010010000010000011
00000010100000010010010000000011
00000011000000010000000100010011
00000000000000001000000001100111
11111110000000010000000100010011
00000000000100010010111000100011
00000000100000010010110000100011
00000010000000010000010000010011
11111110101001000010011000100011
11111110110001000010011110000011
00000010000001111000101001100011
11111110110001000010011110000011
00000001110001111010011110000011
00000000111100000000010100110011
00000000000000000000000000010011
11111110110001000010011110000011
00000000000001111010011110000011
00000000111100000000010100110011
00000000000000000000000000010011
11111110110001000010011110000011
00000000010001111010011110000011
00000000111100000000010100110011
00000000000000000000000000010011
00000000000000000000000000010011
00000001110000010010000010000011
00000001100000010010010000000011
00000010000000010000000100010011
00000000000000001000000001100111
11111100000000010000000100010011
00000010000100010010111000100011
00000010100000010010110000100011
00000100000000010000010000010011
11111100101001000010111000100011
11111100101101000010110000100011
11111100110001000010101000100011
11111100110101000010100000100011
11111100111001000010011000100011
11111110000001000010011000100011
11111101000001000010011110000011
00000000000001111101010001100011
00000000000000000000000000010011
11111101110001000010011110000011
00000000110001111010011110000011
11111101000001000010011100000011
00000000111101110100111001100011
00000000000000000000000000010011
00000000101000000000011100110011
00000001011000000000011110010011
00000000111101110010000000100011
11111111111100000000011110010011
00010001100000000000000001101111
11111101110001000010011110000011
00000000000001111010011100000011
11111101000001000010011110000011
00000000001101111001011110010011
00000000111101110000011110110011
11111110111101000010010000100011
11111101100001000010011100000011
00000000001000000000011110010011
00000000111101110000011001100011
11111101000001000010011110000011
00000000100000000000000001101111
11111111111100000000011110010011
11111110100001000010011100000011
00000000111101110010000000100011
11111101010001000010011110000011
00000000010101111111011110010011
11111100111101000010101000100011
11111101100001000010011100000011
00000000000100000000011110010011
00000000111101110000100001100011
11111101100001000010011100000011
00000000010000000000011110010011
00000010111101110001100001100011
11111110100001000010011110000011
00000000010001111001011100000011
11111101010001000010011110000011
00000001000001111001011110010011
01000001000001111101011110010011
00000000111101110110011110110011
00000001000001111001011100010011
01000001000001110101011100010011
11111110100001000010011110000011
00000000111001111001001000100011
00000101000000000000000001101111
11111101100001000010011100000011
00000000001000000000011110010011
00000000111101110000100001100011
11111101100001000010011100000011
00000000100000000000011110010011
00000010111101110001110001100011
11111110100001000010011110000011
00000000010001111001011100000011
11111101010001000010011110000011
00000001000001111001011110010011
01000001000001111101011110010011
11111111111101111100011110010011
00000001000001111001011110010011
01000001000001111101011110010011
00000000111101110111011110110011
00000001000001111001011100010011
01000001000001110101011100010011
11111110100001000010011110000011
00000000111001111001001000100011
11111101110001000010011110000011
00000001000001111010011110000011
11111101000001000010011100000011
00000000111101110100101001100011
11111101000001000010011110000011
00000000000101111000011100010011
11111101110001000010011110000011
00000000111001111010100000100011
11111101110001000010011110000011
00000000010001111010011100000011
11111101000001000010011110000011
00000000001001111001011110010011
00000000111101110000011110110011
11111100110001000010011100000011
00000000111001111010000000100011
11111110110001000010011110000011
00000000111100000000010100110011
00000011110000010010000010000011
00000011100000010010010000000011
00000100000000010000000100010011
00000000000000001000000001100111
11111110000000010000000100010011
00000000000100010010111000100011
00000000100000010010110000100011
00000010000000010000010000010011
11111110101001000010011000100011
11111110101101000010010000100011
11111110110001000010011110000011
00000000000001111010110000100011
11111110110001000010011110000011
00000000100001111010011100000011
11111110110001000010011110000011
00000001000001111010011110000011
11111110100001000010011000000011
00000000111100000000010110110011
00000000111000000000010100110011
00000000000000000000000000010011
00000000101000000000011100110011
11111110110001000010011110000011
00000000111001111010101000100011
11111110110001000010011110000011
00000001010001111010011110000011
00000000111100000000010100110011
00000001110000010010000010000011
00000001100000010010010000000011
00000010000000010000000100010011
00000000000000001000000001100111
11111101000000010000000100010011
00000010100000010010011000100011
00000011000000010000010000010011
11111100101001000010111000100011
11111100101101000010110000100011
11111101100001000010011110000011
00000000000001111010000000100011
11111101110001000010011110000011
00000001010001111010011110000011
00000000111100000100011001100011
00000000000000000000011110010011
00001011000000000000000001101111
11111101110001000010011110000011
00000000100001111010011110000011
11111110111101000010011000100011
00001000100000000000000001101111
11111110110001000010011110000011
00000000011001111001011110000011
00000100000001111000111001100011
11111101110001000010011110000011
00000000010001111010011100000011
11111101110001000010011110000011
00000001100001111010011110000011
00000000001001111001011110010011
00000000111101110000011110110011
00000000000001111010011100000011
11111101100001000010011110000011
00000000111001111010000000100011
11111101110001000010011110000011
00000001010001111010011110000011
11111111111101111000011100010011
11111101110001000010011110000011
00000000111001111010101000100011
11111101110001000010011110000011
00000001100001111010011110000011
00000000000101111000011100010011
11111101110001000010011110000011
00000000111001111010110000100011
11111110110001000010011110000011
00000000011001111001011110000011
00000011110000000000000001101111
11111101110001000010011110000011
00000001100001111010011110000011
00000000000101111000011100010011
11111101110001000010011110000011
00000000111001111010110000100011
11111110110001000010011110000011
00000000100001111000011110010011
11111110111101000010011000100011
11111101110001000010011110000011
00000001100001111010011100000011
11111101110001000010011110000011
00000001000001111010011110000011
11110110111101110100011011100011
00000000000000000000011110010011
00000000111100000000010100110011
00000010110000010010010000000011
00000011000000010000000100010011
00000000000000001000000001100111
