11111101000000010000000100010011
00000010100000010010011000100011
00000011000000010000010000010011
11111100101001000010111000100011
11111100101101000010110000100011
11111100110001000010101000100011
11111100110101000010100000100011
11111101000001000010011110000011
11111110111101000010011000100011
00000100000000000000000001101111
11111101010001000010011110000011
00000000100001111101011100010011
11111101010001000010011110000011
00001111111101111111011010010011
11111101110001000010011110000011
00000000000101111000011000010011
11111100110001000010111000100011
00000000000001111100011110000011
00000000111101101100011110110011
11111110110001000010011010000011
00000000001001111001011110010011
00000000111101101000011110110011
00000000000001111010011110000011
00000000111101110100011110110011
11111100111101000010101000100011
11111101100001000010011110000011
11111111111101111000011100010011
11111100111001000010110000100011
11111010111100000100110011100011
11111101010001000010011110000011
00000000111100000000010100110011
00000010110000010010010000000011
00000011000000010000000100010011
00000000000000001000000001100111
11111101000000010000000100010011
00000010000100010010011000100011
00000010100000010010010000100011
00000011000000010000010000010011
11111100101001000010111000100011
11111100101101000010110000100011
11111100110001000010101000100011
11111100110101000010100000100011
11111101110001000010011110000011
00000000000001111010011110000011
00000000001101111111011110010011
11111110111101000010011000100011
11111110110001000010011110000011
01000000111100000000011110110011
00000000001101111111011110010011
11111110111101000010010000100011
11111101100001000010011110000011
00000000000001111010011110000011
00000000111100000000011100110011
11111110100001000010011110000011
01000000111101110000011110110011
11111110111101000010001000100011
11111110100001000010011110000011
00000110000001111000000001100011
11111110010001000010011110000011
00000100000001111000110001100011
11111101110001000010011110000011
00000000000001111010011110000011
11111110100001000010011100000011
11111101000001000010011010000011
11111101010001000010011000000011
00000000111000000000010110110011
00000000111100000000010100110011
00000000000000000000000000010011
11111100101001000010101000100011
11111101110001000010011110000011
00000000000001111010011100000011
11111110100001000010011110000011
00000000111101110000011100110011
11111101110001000010011110000011
00000000111001111010000000100011
11111101100001000010011110000011
00000000000001111010011100000011
11111110100001000010011110000011
01000000111101110000011100110011
11111101100001000010011110000011
00000000111001111010000000100011
11111101010001000010011110000011
00000000111100000000010100110011
00000010110000010010000010000011
00000010100000010010010000000011
00000011000000010000000100010011
00000000000000001000000001100111
11111101000000010000000100010011
00000010000100010010011000100011
00000010100000010010010000100011
00000011000000010000010000010011
11111100101001000010111000100011
11111100101101000010110000100011
11111100110001000010101000100011
11111100110101000010100000100011
11111101110001000010011110000011
11111110111101000010011000100011
11111101100001000010011110000011
11111110111101000010010000100011
11111101000001000010011110000011
11111110111101000010001000100011
00001011000000000000000001101111
11111110110001000010011110000011
00000000010001111000011100010011
11111110111001000010011000100011
00000000000001111010011110000011
11111101010001000010011100000011
00000000111101110100011110110011
11111100111101000010101000100011
11111101010001000010011110000011
00001111111101111111011110010011
11111110010001000010011100000011
00110000000001111000011110010011
00000000001001111001011110010011
00000000111101110000011110110011
00000000000001111010011100000011
11111101010001000010011110000011
00000000100001111101011110010011
00001111111101111111011110010011
11111110010001000010011010000011
00100000000001111000011110010011
00000000001001111001011110010011
00000000111101101000011110110011
00000000000001111010011110000011
00000000111101110100011100110011
11111101010001000010011110000011
00000001000001111101011110010011
00001111111101111111011110010011
11111110010001000010011010000011
00010000000001111000011110010011
00000000001001111001011110010011
00000000111101101000011110110011
00000000000001111010011110000011
00000000111101110100011100110011
11111101010001000010011110000011
00000001100001111101011110010011
11111110010001000010011010000011
00000000001001111001011110010011
00000000111101101000011110110011
00000000000001111010011110000011
00000000111101110100011110110011
11111100111101000010101000100011
11111110100001000010011110000011
11111111110001111000011110010011
11111110111101000010010000100011
11111110100001000010011100000011
00000000001100000000011110010011
11110100111001111100011011100011
11111101100001000010011100000011
11111110100001000010011110000011
01000000111101110000011110110011
00000000111100000000011100110011
11111101110001000010011110000011
00000000111001111000011110110011
11111101000001000010011010000011
11111101010001000010011000000011
11111110100001000010010110000011
00000000111100000000010100110011
00000000000000000000000000010011
00000000101000000000011110110011
00000000111100000000010100110011
00000010110000010010000010000011
00000010100000010010010000000011
00000011000000010000000100010011
00000000000000001000000001100111
11111100000000010000000100010011
00000010000100010010111000100011
00000010100000010010110000100011
00000100000000010000010000010011
11111100101001000010011000100011
11111100101101000010010000100011
11111100110001000010001000100011
11111100110101000010000000100011
11111100110001000010011110000011
11111110111101000010011000100011
11111100100001000010011110000011
11111110111101000010010000100011
11111100000001000010011110000011
11111110111101000010001000100011
00010101110000000000000001101111
11111110110001000010011110000011
00000000010001111000011100010011
11111110111001000010011000100011
00000000000001111010011110000011
11111100010001000010011100000011
00000000111101110100011110110011
11111110111101000010000000100011
11111110110001000010011110000011
00000000010001111000011100010011
11111110111001000010011000100011
00000000000001111010011110000011
11111100111101000010111000100011
11111110000001000010011110000011
00001111111101111111011110010011
11111110010001000010011100000011
01110000000001111000011110010011
00000000001001111001011110010011
00000000111101110000011110110011
00000000000001111010011100000011
11111110000001000010011110000011
00000000100001111101011110010011
00001111111101111111011110010011
11111110010001000010011010000011
01100000000001111000011110010011
00000000001001111001011110010011
00000000111101101000011110110011
00000000000001111010011110000011
00000000111101110100011100110011
11111110000001000010011110000011
00000001000001111101011110010011
00001111111101111111011110010011
11111110010001000010011010000011
01010000000001111000011110010011
00000000001001111001011110010011
00000000111101101000011110110011
00000000000001111010011110000011
00000000111101110100011100110011
11111110000001000010011110000011
00000001100001111101011110010011
11111110010001000010011010000011
01000000000001111000011110010011
00000000001001111001011110010011
00000000111101101000011110110011
00000000000001111010011110000011
00000000111101110100011110110011
11111100111101000010110000100011
11111101110001000010011110000011
00001111111101111111011110010011
11111110010001000010011100000011
00110000000001111000011110010011
00000000001001111001011110010011
00000000111101110000011110110011
00000000000001111010011100000011
11111101110001000010011110000011
00000000100001111101011110010011
00001111111101111111011110010011
11111110010001000010011010000011
00100000000001111000011110010011
00000000001001111001011110010011
00000000111101101000011110110011
00000000000001111010011110000011
00000000111101110100011100110011
11111101110001000010011110000011
00000001000001111101011110010011
00001111111101111111011110010011
11111110010001000010011010000011
00010000000001111000011110010011
00000000001001111001011110010011
00000000111101101000011110110011
00000000000001111010011110000011
00000000111101110100011100110011
11111101110001000010011110000011
00000001100001111101011110010011
11111110010001000010011010000011
00000000001001111001011110010011
00000000111101101000011110110011
00000000000001111010011110000011
00000000111101110100011110110011
11111100111101000010101000100011
11111101100001000010011100000011
11111101010001000010011110000011
00000000111101110100011110110011
11111100111101000010001000100011
11111110100001000010011110000011
11111111100001111000011110010011
11111110111101000010010000100011
11111110100001000010011100000011
00000000011100000000011110010011
11101010111001111100000011100011
11111100100001000010011100000011
11111110100001000010011110000011
01000000111101110000011110110011
00000000111100000000011100110011
11111100110001000010011110000011
00000000111001111000011110110011
11111100000001000010011010000011
11111100010001000010011000000011
11111110100001000010010110000011
00000000111100000000010100110011
00000000000000000000000000010011
00000000101000000000011110110011
00000000111100000000010100110011
00000011110000010010000010000011
00000011100000010010010000000011
00000100000000010000000100010011
00000000000000001000000001100111
11111110000000010000000100010011
00000000000100010010111000100011
00000000100000010010110000100011
00000010000000010000010000010011
11111110101001000010011000100011
11111110101101000010010000100011
11111110110001000010001000100011
11111110010001000010011110000011
11111111111101111100011100010011
00010000000000010000011110110111
00000000000001111000011010010011
00000000111000000000011000110011
11111110100001000010010110000011
11111110110001000010010100000011
00000000000000000000000000010011
00000000101000000000011110110011
11111111111101111100011110010011
00000000111100000000010100110011
00000001110000010010000010000011
00000001100000010010010000000011
00000010000000010000000100010011
00000000000000001000000001100111
11111101000000010000000100010011
00000010000100010010011000100011
00000010100000010010010000100011
00000011000000010000010000010011
11111100101001000010111000100011
11111100101101000010110000100011
11111100110001000010101000100011
11111101010001000010011110000011
11111111111101111100011000010011
11111101100001000000010110010011
11111101110001000000011100010011
00010000000000010000011110110111
00000000000001111000011010010011
00000000111000000000010100110011
00000000000000000000000000010011
11111110101001000010011000100011
11111101110001000010011100000011
11111101100001000010010110000011
00010000000000010000011110110111
00000000000001111000011010010011
11111110110001000010011000000011
00000000111000000000010100110011
00000000000000000000000000010011
00000000101000000000011110110011
11111111111101111100011110010011
00000000111100000000010100110011
00000010110000010010000010000011
00000010100000010010010000000011
00000011000000010000000100010011
00000000000000001000000001100111
11111110000000010000000100010011
00000000000100010010111000100011
00000000100000010010110000100011
00000010000000010000010000010011
11111110101001000010011000100011
11111110101101000010010000100011
11111110110001000010001000100011
11111110110001000010011110000011
00000000000001111001011001100011
00000000000000000000011110010011
00000011110000000000000001101111
00000000000000000000000000010011
00000000101000000000011110110011
00000000000001111000111001100011
11111110010001000010011000000011
11111110100001000010010110000011
11111110110001000010010100000011
00000000000000000000000000010011
00000000101000000000011110110011
00000001100000000000000001101111
11111110010001000010011000000011
11111110100001000010010110000011
11111110110001000010010100000011
00000000000000000000000000010011
00000000101000000000011110110011
00000000111100000000010100110011
00000001110000010010000010000011
00000001100000010010010000000011
00000010000000010000000100010011
00000000000000001000000001100111
