11111101000000010000000100010011
00000010100000010010011000100011
00000011000000010000010000010011
11111100101001000010111000100011
11111101110001000010011110000011
00000000000001111100011100000011
11111110111001000000011000100011
00000000000101111100011110000011
11111110111101000000011010100011
11111110110001000100011110000011
11111110111101000000011110100011
11111110110101000100011110000011
11111110111101000000011000100011
11111110111101000100011110000011
11111110111101000000011010100011
11111101110001000010011110000011
11111110110001000100011100000011
00000000111001111000000000100011
11111110110101000100011100000011
00000000111001111000000010100011
00000000000000000000000000010011
00000010110000010010010000000011
00000011000000010000000100010011
00000000000000001000000001100111
11111101000000010000000100010011
00000010100000010010011000100011
00000011000000010000010000010011
11111100101001000010111000100011
11111101110001000010011110000011
00000000000001111100011000000011
00000000000101111100011010000011
00000000001001111100011100000011
00000000001101111100011110000011
11111110110001000000010000100011
11111110110101000000010010100011
11111110111001000000010100100011
11111110111101000000010110100011
11111110100001000100011110000011
11111110111101000000011110100011
11111110101101000100011110000011
11111110111101000000010000100011
11111110111101000100011110000011
11111110111101000000010110100011
11111110100101000100011110000011
11111110111101000000011110100011
11111110101001000100011110000011
11111110111101000000010010100011
11111110111101000100011110000011
11111110111101000000010100100011
11111101110001000010011110000011
11111110100001000100010110000011
11111110100101000100011000000011
11111110101001000100011010000011
11111110101101000100011100000011
00000000101101111000000000100011
00000000110001111000000010100011
00000000110101111000000100100011
00000000111001111000000110100011
00000000000000000000000000010011
00000010110000010010010000000011
00000011000000010000000100010011
00000000000000001000000001100111
11111101000000010000000100010011
00000010100000010010011000100011
00000011000000010000010000010011
11111100101001000010111000100011
11111101110001000010011110000011
00000000000001111100100010000011
00000000000101111100100000000011
00000000001001111100010100000011
00000000001101111100010110000011
00000000010001111100011000000011
00000000010101111100011010000011
00000000011001111100011100000011
00000000011101111100011110000011
11111111000101000000001000100011
11111111000001000000001010100011
11111110101001000000001100100011
11111110101101000000001110100011
11111110110001000000010000100011
11111110110101000000010010100011
11111110111001000000010100100011
11111110111101000000010110100011
11111110010001000100011110000011
11111110111101000000011110100011
11111110101101000100011110000011
11111110111101000000001000100011
11111110111101000100011110000011
11111110111101000000010110100011
11111110010101000100011110000011
11111110111101000000011110100011
11111110101001000100011110000011
11111110111101000000001010100011
11111110111101000100011110000011
11111110111101000000010100100011
11111110011001000100011110000011
11111110111101000000011110100011
11111110100101000100011110000011
11111110111101000000001100100011
11111110111101000100011110000011
11111110111101000000010010100011
11111110011101000100011110000011
11111110111101000000011110100011
11111110100001000100011110000011
11111110111101000000001110100011
11111110111101000100011110000011
11111110111101000000010000100011
11111101110001000010011110000011
11111110010001000100001100000011
11111110010101000100100010000011
11111110011001000100100000000011
11111110011101000100010100000011
11111110100001000100010110000011
11111110100101000100011000000011
11111110101001000100011010000011
11111110101101000100011100000011
00000000011001111000000000100011
00000001000101111000000010100011
00000001000001111000000100100011
00000000101001111000000110100011
00000000101101111000001000100011
00000000110001111000001010100011
00000000110101111000001100100011
00000000111001111000001110100011
00000000000000000000000000010011
00000010110000010010010000000011
00000011000000010000000100010011
00000000000000001000000001100111
11111101000000010000000100010011
00000010100000010010011000100011
00000011000000010000010000010011
11111100101001000010111000100011
11111101110001000010011110000011
11111110111101000010011000100011
11111110110001000010011110000011
00000000000001111101011110000011
00000000100001111101011110010011
00000001000001111001011110010011
00000001000001111101011110010011
00000001000001111001011100010011
01000001000001110101011100010011
11111110110001000010011110000011
00000000000001111101011110000011
00000000100001111001011110010011
00000001000001111001011110010011
01000001000001111101011110010011
00000000111101110110011110110011
00000001000001111001011110010011
01000001000001111101011110010011
00000001000001111001011100010011
00000001000001110101011100010011
11111110110001000010011110000011
00000000111001111001000000100011
00000000000000000000000000010011
00000010110000010010010000000011
00000011000000010000000100010011
00000000000000001000000001100111
11111101000000010000000100010011
00000010100000010010011000100011
00000011000000010000010000010011
11111100101001000010111000100011
11111101110001000010011110000011
11111110111101000010011000100011
11111110110001000010011110000011
00000000000001111010011110000011
00000001100001111101011100010011
11111110110001000010011110000011
00000000000001111010011110000011
00000001100001111001011110010011
00000000111101110110011100110011
11111110110001000010011110000011
00000000000001111010011110000011
00000000100001111101011010010011
00000000000000010000011110110111
00000000000001111000011110010011
11110000000001111000011110010011
00000000111101101111011110110011
00000000111101110110011100110011
11111110110001000010011110000011
00000000000001111010011110000011
00000000100001111001011010010011
00000000111111110000011110110111
00000000000001111000011110010011
00000000111101101111011110110011
00000000111101110110011100110011
11111110110001000010011110000011
00000000111001111010000000100011
00000000000000000000000000010011
00000010110000010010010000000011
00000011000000010000000100010011
00000000000000001000000001100111
11111101000000010000000100010011
00000010100000010010011000100011
00000011000000010000010000010011
11111100101001000010111000100011
11111101110001000010011110000011
11111110111101000010011000100011
11111110110001000010011110000011
00000000000001111010011110000011
11111110111101000010010000100011
11111110100001000010011110000011
00000001100001111101011100010011
11111110100001000010011110000011
00000001100001111001011110010011
00000000111101110110011100110011
11111110100001000010011110000011
00000000100001111101011010010011
00000000000000010000011110110111
00000000000001111000011110010011
11110000000001111000011110010011
00000000111101101111011110110011
00000000111101110110011100110011
11111110100001000010011110000011
00000000100001111001011010010011
00000000111111110000011110110111
00000000000001111000011110010011
00000000111101101111011110110011
00000000111101110110011110110011
11111110111101000010010000100011
11111110110001000010011110000011
00000000010001111010011110000011
11111110111101000010001000100011
11111110010001000010011110000011
00000001100001111101011100010011
11111110010001000010011110000011
00000001100001111001011110010011
00000000111101110110011100110011
11111110010001000010011110000011
00000000100001111101011010010011
00000000000000010000011110110111
00000000000001111000011110010011
11110000000001111000011110010011
00000000111101101111011110110011
00000000111101110110011100110011
11111110010001000010011110000011
00000000100001111001011010010011
00000000111111110000011110110111
00000000000001111000011110010011
00000000111101101111011110110011
00000000111101110110011110110011
11111110111101000010001000100011
11111110110001000010011110000011
11111110010001000010011100000011
00000000111001111010000000100011
11111110110001000010011110000011
00000000010001111000011110010011
11111110100001000010011100000011
00000000111001111010000000100011
00000000000000000000000000010011
00000010110000010010010000000011
00000011000000010000000100010011
00000000000000001000000001100111
