11111110000000010000000100010011
00000000000100010010111000100011
00000000100000010010110000100011
00000001001000010010101000100011
00000001001100010010100000100011
00000010000000010000010000010011
11111110101001000010011000100011
11111110110001000010010100000011
00000000000000000000000000010011
00000000101000000000011110110011
00000000111100000000100100110011
01000001111101111101011110010011
00000000111100000000100110110011
00000001001000000000011100110011
00000001001100000000011110110011
00000000111000000000010100110011
00000000111100000000010110110011
00000001110000010010000010000011
00000001100000010010010000000011
00000001010000010010100100000011
00000001000000010010100110000011
00000010000000010000000100010011
00000000000000001000000001100111
11111110000000010000000100010011
00000000000100010010111000100011
00000000100000010010110000100011
00000010000000010000010000010011
11111110101001000010011000100011
11111110101101000010000000100011
11111110110001000010001000100011
11111110110101000010010000100011
11111110000001000010011110000011
11111110100001000010011000000011
00000000111100000000010110110011
11111110110001000010010100000011
00000000000000000000000000010011
00000000101000000000011110110011
00000000111100000000010100110011
00000001110000010010000010000011
00000001100000010010010000000011
00000010000000010000000100010011
00000000000000001000000001100111
