11111110000000010000000100010011
00000000100000010010111000100011
00000010000000010000010000010011
00000000101000000000011110110011
11111110111101000000011110100011
11111110111101000100011110000011
00000110100100000000011100010011
00000010111001111000110001100011
00000110100100000000011100010011
00000100111101110100000001100011
00000110011000000000011100010011
00000010111001111000010001100011
00000110011000000000011100010011
00000010111101110100100001100011
00000110000100000000011100010011
00000000111001111000100001100011
00000110010000000000011100010011
00000000111001111000110001100011
00000001110000000000000001101111
00000000000100000000011110010011
00000001100000000000000001101111
00000000010000000000011110010011
00000001000000000000000001101111
00000000100000000000011110010011
00000000100000000000000001101111
00000000000000000000011110010011
00000000111100000000010100110011
00000001110000010010010000000011
00000010000000010000000100010011
00000000000000001000000001100111
11111110000000010000000100010011
00000000100000010010111000100011
00000010000000010000010000010011
00000000101000000000011110110011
11111110111101000000011110100011
11111110111101000100011110000011
00000010000100000000011100010011
00010000111101110110011001100011
00000000001001111001011100010011
00010000000000010000011110110111
00011110010001111000011110010011
00000000111101110000011110110011
00000000000001111010011110000011
00000000000001111000000001100111
00010000000000010000011110110111
00000000000001111000011110010011
00001111000000000000000001101111
00010000000000010000011110110111
00000000110001111000011110010011
00001110010000000000000001101111
00010000000000010000011110110111
00000001110001111000011110010011
00001101100000000000000001101111
00010000000000010000011110110111
00000010110001111000011110010011
00001100110000000000000001101111
00010000000000010000011110110111
00000011110001111000011110010011
00001100000000000000000001101111
00010000000000010000011110110111
00000101000001111000011110010011
00001011010000000000000001101111
00010000000000010000011110110111
00000110110001111000011110010011
00001010100000000000000001101111
00010000000000010000011110110111
00001000000001111000011110010011
00001001110000000000000001101111
00010000000000010000011110110111
00001001010001111000011110010011
00001001000000000000000001101111
00010000000000010000011110110111
00001011000001111000011110010011
00001000010000000000000001101111
00010000000000010000011110110111
00001101010001111000011110010011
00000111100000000000000001101111
00010000000000010000011110110111
00001111100001111000011110010011
00000110110000000000000001101111
00010000000000010000011110110111
00010001100001111000011110010011
00000110000000000000000001101111
00010000000000010000011110110111
00010011000001111000011110010011
00000101010000000000000001101111
00010000000000010000011110110111
00010101000001111000011110010011
00000100100000000000000001101111
00010000000000010000011110110111
00010111000001111000011110010011
00000011110000000000000001101111
00010000000000010000011110110111
00011000010001111000011110010011
00000011000000000000000001101111
00010000000000010000011110110111
00011001110001111000011110010011
00000010010000000000000001101111
00010000000000010000011110110111
00011010100001111000011110010011
00000001100000000000000001101111
00010000000000010000011110110111
00011011100001111000011110010011
00000000110000000000000001101111
00010000000000010000011110110111
00011101000001111000011110010011
00000000111100000000010100110011
00000001110000010010010000000011
00000010000000010000000100010011
00000000000000001000000001100111
11111110000000010000000100010011
00000000100000010010111000100011
00000010000000010000010000010011
11111110101001000010011000100011
11111110110001000010011110000011
00000000011101111000011110010011
00000000100000000000011100010011
00001000111101110110010001100011
00000000001001111001011100010011
00010000000000010000011110110111
00110110110001111000011110010011
00000000111101110000011110110011
00000000000001111010011110000011
00000000000001111000000001100111
00010000000000010000011110110111
00100110110001111000011110010011
00000110100000000000000001101111
00010000000000010000011110110111
00101000000001111000011110010011
00000101110000000000000001101111
00010000000000010000011110110111
00101000110001111000011110010011
00000101000000000000000001101111
00010000000000010000011110110111
00101001110001111000011110010011
00000100010000000000000001101111
00010000000000010000011110110111
00101011100001111000011110010011
00000011100000000000000001101111
00010000000000010000011110110111
00101110110001111000011110010011
00000010110000000000000001101111
00010000000000010000011110110111
00110000110001111000011110010011
00000010000000000000000001101111
00010000000000010000011110110111
00110010110001111000011110010011
00000001010000000000000001101111
00010000000000010000011110110111
00110101010001111000011110010011
00000000100000000000000001101111
00000000000000000000011110010011
00000000111100000000010100110011
00000001110000010010010000000011
00000010000000010000000100010011
00000000000000001000000001100111
