11111101000000010000000100010011
00000010100000010010011000100011
00000011000000010000010000010011
11111100101001000010111000100011
11111100101101000010110000100011
11111100110001000010101000100011
11111101100001000010011110000011
11111110111101000010010000100011
11111110000001000010011000100011
00001011000000000000000001101111
11111101110001000010011110000011
00000000000001111010011110000011
00000000010001111101011100010011
11111101110001000010011110000011
00000000000001111010011110000011
11111110100001000010011000000011
11111110110001000010011010000011
00000000110101100000011010110011
00000000000001101100011010000011
00000000110101111100011110110011
00000000111101111111011110010011
00010000000000010000011010110111
00000000000001101000011010010011
00000000001001111001011110010011
00000000111101101000011110110011
00000000000001111010011110000011
00000000111101110100011100110011
11111101110001000010011110000011
00000000111001111010000000100011
11111101110001000010011110000011
00000000000001111010011110000011
00000000010001111101011100010011
11111101110001000010011110000011
00000000000001111010011110000011
11111110100001000010011000000011
11111110110001000010011010000011
00000000110101100000011010110011
00000000000001101100011010000011
00000000010001101101011010010011
00001111111101101111011010010011
00000000110101111100011110110011
00000000111101111111011110010011
00010000000000010000011010110111
00000000000001101000011010010011
00000000001001111001011110010011
00000000111101101000011110110011
00000000000001111010011110000011
00000000111101110100011100110011
11111101110001000010011110000011
00000000111001111010000000100011
11111110110001000010011110000011
00000000000101111000011110010011
11111110111101000010011000100011
11111110110001000010011100000011
11111101010001000010011110000011
11110100111101110110011011100011
00000000000000000000000000010011
00000000000000000000000000010011
00000010110000010010010000000011
00000011000000010000000100010011
00000000000000001000000001100111
