11111110000000010000000100010011
00000000100000010010111000100011
00000010000000010000010000010011
11111110101001000010011000100011
11111110110001000010011110000011
00000000100001111010011110000011
00000000010101111011011110010011
00001111111101111111011110010011
00000000111100000000010100110011
00000001110000010010010000000011
00000010000000010000000100010011
00000000000000001000000001100111
11111101000000010000000100010011
00000010100000010010011000100011
00000011000000010000010000010011
11111100101001000010111000100011
11111101110001000010011110000011
11111110111101000010011000100011
11111110110001000010011110000011
00000001110001111010011110000011
00000000111100000000010100110011
00000010110000010010010000000011
00000011000000010000000100010011
00000000000000001000000001100111
11111101000000010000000100010011
00000010000100010010011000100011
00000010100000010010010000100011
00000011000000010000010000010011
11111100101001000010111000100011
11111101110001000010010100000011
00000000000000000000000000010011
11111110101001000010011000100011
11111110110001000010011110000011
11111110111101000010010000100011
11111101110001000010010100000011
00000000000000000000000000010011
11111110101001000010001000100011
11111110010001000010011110000011
11111110100001000010010110000011
00000000111100000000010100110011
00000000000000000000000000010011
00000000000000000000000000010011
00000010110000010010000010000011
00000010100000010010010000000011
00000011000000010000000100010011
00000000000000001000000001100111
11111101000000010000000100010011
00000010000100010010011000100011
00000010100000010010010000100011
00000011000000010000010000010011
11111100101001000010111000100011
11111100101101000010110000100011
11111101110001000010011110000011
00000010100001111000011110010011
11111110111101000010011000100011
11111110110001000010011110000011
00000001110001111010011110000011
11111110111101000010010000100011
11111110100001000010010110000011
11111110110001000010010100000011
00000000000000000000000000010011
11111110101001000010001000100011
11111110010001000010011110000011
00000000100001111010011100000011
00000000001000000000011110010011
00000010111101110001101001100011
11111101110001000010011110000011
00000110010001111010011110000011
11111101100001000010011000000011
11111110010001000010010110000011
00000000111100000000010100110011
00000000000000000000000000010011
00000000101000000000011110110011
00000000000101111011011110010011
00001111111101111111011110010011
00000110000001111000001001100011
00000000001100000000011110010011
00010110010000000000000001101111
11111110010001000010011110000011
00000000100001111010011100000011
00000000010100000000011110010011
00000000111101110001111001100011
11111110010001000010011110000011
00000000000001111100011100000011
00000111110100000000011110010011
00000000111101110001011001100011
00000000001000000000011110010011
00010011110000000000000001101111
11111110010001000010011110000011
00000000100001111010011100000011
00000000011000000000011110010011
00000000111101110000111001100011
11111110110001000010010100000011
00000000000000000000000000010011
00010000000000010000011110110111
00000000000001111000010110010011
11111101110001000010010100000011
00000000000000000000000000010011
00000000001100000000011110010011
00010000110000000000000001101111
11111110100001000010010110000011
11111110110001000010010100000011
00000000000000000000000000010011
11111110101001000010001000100011
11111110010001000010011110000011
00000000100001111010011100000011
00000000010100000000011110010011
00000000111101110001101001100011
11111110010001000010011110000011
00000000000001111100011100000011
00000011101000000000011110010011
00000000111101110000111001100011
00010000000000010000011110110111
00000001100001111000010110010011
11111101110001000010010100000011
00000000000000000000000000010011
00000000001100000000011110010011
00001100010000000000000001101111
11111110100001000010010110000011
11111110110001000010010100000011
00000000000000000000000000010011
11111110101001000010001000100011
11111110010001000010010100000011
00000000000000000000000000010011
00000000101000000000011110110011
00000010000001111000111001100011
11111101110001000010011110000011
00000110010001111010011110000011
11111101100001000010011000000011
11111110010001000010010110000011
00000000111100000000010100110011
00000000000000000000000000010011
00000000101000000000011110110011
00000000000101111011011110010011
00001111111101111111011110010011
00000000000001111000011001100011
00000000001100000000011110010011
00000111010000000000000001101111
00000000000000000000011110010011
00000110110000000000000001101111
11111110010001000010011110000011
00000000100001111010011100000011
00000000010100000000011110010011
00000100111101110001010001100011
11111110010001000010011110000011
00000000000001111100011110000011
11111110111101000000000110100011
11111110001101000100011100000011
00000111101100000000011110010011
00000000111101110001101001100011
11111101110001000010010100000011
00000000000000000000000000010011
00000000000100000000011110010011
00000011010000000000000001101111
11111110001101000100011100000011
00000101101100000000011110010011
00000000111101110001101001100011
11111101110001000010010100000011
00000000000000000000000000010011
00000000000100000000011110010011
00000001100000000000000001101111
00010000000000010000011110110111
00000010010001111000010110010011
11111101110001000010010100000011
00000000000000000000000000010011
00000000001100000000011110010011
00000000111100000000010100110011
00000010110000010010000010000011
00000010100000010010010000000011
00000011000000010000000100010011
00000000000000001000000001100111
11111100000000010000000100010011
00000010000100010010111000100011
00000010100000010010110000100011
00000100000000010000010000010011
11111100101001000010011000100011
11111100110001000010011110000011
00000010100001111000011110010011
11111110111101000010011000100011
11111110110001000010011110000011
00000001110001111010011110000011
11111110111101000010010000100011
11111100110001000010010100000011
00000000000000000000000000010011
11111110101001000010001000100011
11111110010001000010011110000011
00000001100001111010011110000011
11111110111101000010000000100011
11111110000001000010011110000011
00000110000001111001110001100011
11111110010001000010011110000011
00000000000100000000011100010011
00000000111001111010110000100011
11111110010001000010011110000011
00000000111100000000010110110011
11111100110001000010010100000011
00000000000000000000000000010011
11111100101001000010111000100011
11111101110001000010011100000011
00000000001000000000011110010011
00000010111101110000111001100011
11111101110001000010011100000011
00000000001000000000011110010011
00001100111001111110011001100011
11111101110001000010011110000011
00000000000001111000101001100011
11111101110001000010011100000011
00000000000100000000011110010011
00000000111101110000101001100011
00001011010000000000000001101111
00000000000100000000011110010011
11111110111101000010000000100011
00000010000000000000000001101111
00000000000100000000011110010011
00001100100000000000000001101111
11111100110001000010010100000011
00000000000000000000000000010011
00000000000100000000011110010011
00001011100000000000000001101111
00000000000000000000000000010011
11111110100001000010010110000011
11111110110001000010010100000011
00000000000000000000000000010011
11111100101001000010110000100011
11111101100001000010011110000011
00000000100001111010011100000011
00000000010100000000011110010011
00000110111101110001101001100011
11111101100001000010011110000011
00000000000001111100011110000011
11111100111101000000101110100011
11111101011101000100011100000011
00000010110000000000011110010011
00000010111101110001110001100011
11111110010001000010011110000011
00000000111100000000010110110011
11111100110001000010010100000011
00000000000000000000000000010011
11111100101001000010100000100011
11111101000001000010011110000011
00000000000001111001010001100011
11111010110111111111000001101111
11111101000001000010011100000011
00000000000100000000011110010011
00000010111101110001110001100011
00000000000100000000011110010011
00000100100000000000000001101111
11111101011101000100011100000011
00000111110100000000011110010011
00000000111101110001111001100011
11111100110001000010010100000011
00000000000000000000000000010011
00000000000100000000011110010011
00000010110000000000000001101111
00000000000000000000000000010011
00000001000000000000000001101111
00000000000000000000000000010011
00000000100000000000000001101111
00000000000000000000000000010011
00010000000000010000011110110111
00000100000001111000010110010011
11111100110001000010010100000011
00000000000000000000000000010011
00000000000000000000011110010011
00000000111100000000010100110011
00000011110000010010000010000011
00000011100000010010010000000011
00000100000000010000000100010011
00000000000000001000000001100111
11111110000000010000000100010011
00000000000100010010111000100011
00000000100000010010110000100011
00000010000000010000010000010011
11111110101001000010011000100011
00000000000000000000011000010011
00000000010100000000010110010011
11111110110001000010010100000011
00000000000000000000000000010011
00000000101000000000011110110011
00000000000001111001011001100011
00000000000000000000011110010011
00000001000000000000000001101111
11111110110001000010010100000011
00000000000000000000000000010011
00000000101000000000011110110011
00000000111100000000010100110011
00000001110000010010000010000011
00000001100000010010010000000011
00000010000000010000000100010011
00000000000000001000000001100111
