11111011000000010000000100010011
00000100000100010010011000100011
00000100100000010010010000100011
00000101000000010000010000010011
11111010101001000010111000100011
11111010101101000010110000100011
11111010110001000010101000100011
11111011110001000010011110000011
00000000000001111010011110000011
11111100111101000010111000100011
11111011110001000010011110000011
00000000000001111010011110000011
11111110111101000010011000100011
11111110110001000010011110000011
00000000000001111100011110000011
11111101001101111000011110010011
00000000000101111011011110010011
00001111111101111111011110010011
11111100111101000010110000100011
11111101100001000010011110000011
11111110110001000010011100000011
00000000111101110000011110110011
11111110111101000010011000100011
00000000000000000000011100010011
00000000000000000000011110010011
11111110111001000010000000100011
11111110111101000010001000100011
00011100000000000000000001101111
11111110110001000010011110000011
00000000000001111100011110000011
11111100111101000000101110100011
11111101011101000100011100000011
00000010111100000000011110010011
00001010111001111111111001100011
11111101011101000100011100000011
00000011100100000000011110010011
00001010111001111110100001100011
11111110000001000010010100000011
11111110010001000010010110000011
00000000101000000000011100110011
00000000101100000000011110110011
00000001111001110101011010010011
00000000001001111001100010010011
00000001000101101110100010110011
00000000001001110001100000010011
00000001000000000000011100110011
00000001000100000000011110110011
00000000101001110000011000110011
00000000110000000000111100110011
00000000111011110011111100110011
00000000101101111000011010110011
00000000110111110000011110110011
00000000111100000000011010110011
00000000110000000000011100110011
00000000110100000000011110110011
00000001111101110101011010010011
00000000000101111001001110010011
00000000011101101110001110110011
00000000000101110001001100010011
00000000011000000000011100110011
00000000011100000000011110110011
00000000111000000000011000110011
00000000111100000000011010110011
11111101011101000100011110000011
11111101000001111000011110010011
00000000111100000000111000110011
01000001111101111101011110010011
00000000111100000000111010110011
00000001110001100000011100110011
00000000111000000000010110110011
00000000110001011011010110110011
00000001110101101000011110110011
00000000111101011000011010110011
00000000110100000000011110110011
11111110111001000010000000100011
11111110111101000010001000100011
11111110110001000010011110000011
00000000000101111000011110010011
11111110111101000010011000100011
00001111000000000000000001101111
11111101011101000100011100000011
00000010111000000000011110010011
00001000111101110000111001100011
11111101011101000100011110000011
00000010000001111110011110010011
00001111111101111111011100010011
00000110010100000000011110010011
00001000111101110000010001100011
11111110110001000010011100000011
11111101110001000010011110000011
01000000111101110000011100110011
00000001001100000000011110010011
00000110111001111100101001100011
11111101100001000010011110000011
00000000000001111001111001100011
11111011010001000010011010000011
11111110000001000010011100000011
11111110010001000010011110000011
00000000111001101010000000100011
00000000111101101010001000100011
00000100000000000000000001101111
00000000000000000000011100010011
00000000000000000000011110010011
11111110000001000010010100000011
11111110010001000010010110000011
01000000101001110000011000110011
00000000110000000000100000110011
00000001000001110011100000110011
01000000101101111000011010110011
01000001000001101000011110110011
00000000111100000000011010110011
00000000110000000000011100110011
00000000110100000000011110110011
11111011010001000010011010000011
00000000111001101010000000100011
00000000111101101010001000100011
11111011110001000010011110000011
11111110110001000010011100000011
00000000111001111010000000100011
00000000000100000000011110010011
00000101110000000000000001101111
11111011110001000010010110000011
11111101110001000010010100000011
00000000000000000000000000010011
11111100101001000010010000100011
11111100101101000010011000100011
11111011110001000010011110000011
00000000000001111010011110000011
11111101110001000010011100000011
00000010111101110000000001100011
11111011010001000010011010000011
11111100100001000010011100000011
11111100110001000010011110000011
00000000111001101010000000100011
00000000111101101010001000100011
00000000001000000000011110010011
00000001110000000000000001101111
00000000000000000000011110010011
00000001010000000000000001101111
11111110110001000010011100000011
11111011100001000010011110000011
11100010111101110110111011100011
00000000000000000000011110010011
00000000111100000000010100110011
00000100110000010010000010000011
00000100100000010010010000000011
00000101000000010000000100010011
00000000000000001000000001100111
