11111101000000010000000100010011
00000010000100010010011000100011
00000010100000010010010000100011
00000011000000010000010000010011
11111100101001000010111000100011
11111100101101000010110000100011
11111110000001000010011000100011
00000111000000000000000001101111
11111110110001000010011110000011
00000000001001111001011110010011
11111101100001000010011100000011
00000000111101110000011110110011
00000000000001111010011100000011
00010000000000010000011110110111
00000000000001111000010110010011
00000000111000000000010100110011
00000000000000000000000000010011
00000000101000000000011110110011
00000010000001111000100001100011
11111110110001000010011110000011
00000000001001111001011110010011
11111101100001000010011100000011
00000000111101110000011110110011
00000000000001111010011100000011
00010000000000010000011110110111
00000000010001111000010110010011
00000000111000000000010100110011
00000000000000000000000000010011
00000000101000000000011110110011
00000000000001111001011001100011
00000000000100000000011110010011
00000010000000000000000001101111
11111110110001000010011110000011
00000000000101111000011110010011
11111110111101000010011000100011
11111101110001000010011110000011
11111110110001000010011100000011
11111000111101110110011011100011
00000000000000000000011110010011
00000000111100000000010100110011
00000010110000010010000010000011
00000010100000010010010000000011
00000011000000010000000100010011
00000000000000001000000001100111
11111101000000010000000100010011
00000010000100010010011000100011
00000010100000010010010000100011
00000011000000010000010000010011
11111100101001000010111000100011
11111100101101000010110000100011
11111110000001000010011000100011
00001100010000000000000001101111
11111110110001000010011110000011
00000000001001111001011110010011
11111101100001000010011100000011
00000000111101110000011110110011
00000000000001111010011100000011
00010000000000010000011110110111
00000000110001111000010110010011
00000000111000000000010100110011
00000000000000000000000000010011
00000000101000000000011110110011
00000010000001111000100001100011
11111110110001000010011110000011
00000000001001111001011110010011
11111101100001000010011100000011
00000000111101110000011110110011
00000000000001111010011100000011
00010000000000010000011110110111
00000001000001111000010110010011
00000000111000000000010100110011
00000000000000000000000000010011
00000000101000000000011110110011
00000110000001111001000001100011
11111110110001000010011110000011
00000000000101111000011110010011
00000000001001111001011110010011
11111101100001000010011100000011
00000000111101110000011110110011
00000000000001111010011110000011
11111110111101000010010000100011
00000000101000000000011000010011
00000000000000000000010110010011
11111110100001000010010100000011
00000000000000000000000000010011
00000000101000000000011110110011
11111110111101000010001000100011
11111110010001000010011110000011
00000000000001111000101001100011
11111110010001000010011100000011
00000000000000010000011110110111
00000000000001111000011110010011
00000000111101110110011001100011
00000000000000000000011110010011
00000010100000000000000001101111
11111110010001000010011110000011
00000010000000000000000001101111
11111110110001000010011110000011
00000000000101111000011110010011
11111110111101000010011000100011
11111101110001000010011110000011
11111110110001000010011100000011
11110010111101110110110011100011
00000000000000000000011110010011
00000000111100000000010100110011
00000010110000010010000010000011
00000010100000010010010000000011
00000011000000010000000100010011
00000000000000001000000001100111
11111101000000010000000100010011
00000010000100010010011000100011
00000010100000010010010000100011
00000011000000010000010000010011
11111100101001000010111000100011
11111100101101000010110000100011
11111110000001000010011000100011
00000110000000000000000001101111
11111110110001000010011110000011
00000000001001111001011110010011
11111101100001000010011100000011
00000000111101110000011110110011
00000000000001111010011100000011
00010000000000010000011110110111
00000001100001111000010110010011
00000000111000000000010100110011
00000000000000000000000000010011
00000000101000000000011110110011
00000010000001111001010001100011
11111110110001000010011110000011
00000000000101111000011110010011
00000000001001111001011110010011
11111101100001000010011100000011
00000000111101110000011110110011
00000000000001111010011110000011
11111110111101000010010000100011
11111110100001000010011110000011
00000010010000000000000001101111
11111110110001000010011110000011
00000000000101111000011110010011
11111110111101000010011000100011
11111101110001000010011110000011
11111110110001000010011100000011
11111000111101110110111011100011
00010000000000010000011110110111
00000010000001111000011110010011
00000000111100000000010100110011
00000010110000010010000010000011
00000010100000010010010000000011
00000011000000010000000100010011
00000000000000001000000001100111
11111101000000010000000100010011
00000010000100010010011000100011
00000010100000010010010000100011
00000011000000010000010000010011
11111100101001000010111000100011
11111100101101000010110000100011
11111110000001000010011000100011
11111110000001000010010000100011
11111110000001000010000000100011
00001001000000000000000001101111
11111110000001000010011110000011
00000000001001111001011110010011
11111101100001000010011100000011
00000000111101110000011110110011
00000000000001111010011100000011
00010000000000010000011110110111
00000010110001111000010110010011
00000000111000000000010100110011
00000000000000000000000000010011
00000000101000000000011110110011
00000010000001111000100001100011
11111110000001000010011110000011
00000000001001111001011110010011
11111101100001000010011100000011
00000000111101110000011110110011
00000000000001111010011100000011
00010000000000010000011110110111
00000011000001111000010110010011
00000000111000000000010100110011
00000000000000000000000000010011
00000000101000000000011110110011
00000010000001111001011001100011
11111110000001000010011110000011
00000000000101111000011110010011
00000000001001111001011110010011
11111101100001000010011100000011
00000000111101110000011110110011
00000000000001111010011110000011
11111110111101000010010000100011
11111110000001000010011110000011
00000000000101111000011110010011
11111110111101000010000000100011
11111110000001000010011110000011
00000000000101111000011110010011
11111110111101000010000000100011
11111101110001000010011110000011
11111110000001000010011100000011
11110110111101110110011011100011
11111110100001000010011110000011
00000000000001111001011001100011
00000000000000000000011110010011
00001011110000000000000001101111
11111110000001000010000000100011
00010000000000010000011110110111
00000011110001111000010110010011
11111110100001000010010100000011
00000000000000000000000000010011
11111110101001000010001000100011
00000110010000000000000001101111
11111110000001000010011110000011
00000000000101111000011110010011
11111110111101000010000000100011
11111110000001000010011110000011
00000000001001111001011110010011
00000000111100000000010110110011
11111110110001000010010100000011
00000000000000000000000000010011
11111110101001000010011000100011
11111110000001000010011100000011
01000000000000000000011110110111
00000000000001111000011110010011
11111111111101111000011110010011
00000000111101110000011110110011
00000000001001111001011110010011
11111110110001000010011100000011
00000000111101110000011110110011
11111110010001000010011100000011
00000000111001111010000000100011
00010000000000010000011110110111
00000011110001111000010110010011
00000000000000000000010100010011
00000000000000000000000000010011
11111110101001000010001000100011
11111110010001000010011110000011
11111000000001111001111011100011
11111110000001000010011110000011
00000000000101111000011110010011
00000000001001111001011110010011
00000000111100000000010110110011
11111110110001000010010100000011
00000000000000000000000000010011
11111110101001000010011000100011
11111110000001000010011110000011
00000000001001111001011110010011
11111110110001000010011100000011
00000000111101110000011110110011
00000000000001111010000000100011
11111110110001000010011110000011
00000000111100000000010100110011
00000010110000010010000010000011
00000010100000010010010000000011
00000011000000010000000100010011
00000000000000001000000001100111
11111101000000010000000100010011
00000010000100010010011000100011
00000010100000010010010000100011
00000011000000010000010000010011
11111100101001000010111000100011
11111100101101000010110000100011
00000000000000000001010100110111
00000000000001010000010100010011
00000000000000000000000000010011
00000000101000000000011110110011
11111110111101000010010000100011
11111110000001000010011000100011
00000110010000000000000001101111
11111110110001000010011110000011
00000000001001111001011110010011
11111101110001000010011100000011
00000000111101110000011110110011
00000000000001111010011110000011
00000000111100000000010100110011
00000000000000000000000000010011
00000000101000000000011110110011
11111110111101000010000000100011
11111110000001000000011100010011
00010000000000010000011110110111
00000100000001111000010110010011
00000000111000000000010100110011
00000000000000000000000000010011
11111110101001000010001000100011
11111110110001000010011110000011
00000000001001111001011110010011
11111110100001000010011100000011
00000000111101110000011110110011
11111110010001000010011100000011
00000000111001111010000000100011
11111110110001000010011110000011
00000000000101111000011110010011
11111110111101000010011000100011
11111101100001000010011110000011
11111110110001000010011100000011
11111000111101110110110011100011
11111110100001000010011110000011
00000000111100000000010100110011
00000010110000010010000010000011
00000010100000010010010000000011
00000011000000010000000100010011
00000000000000001000000001100111
11111100000000010000000100010011
00000010000100010010111000100011
00000010100000010010110000100011
00000100000000010000010000010011
11111100101001000010011000100011
11111100101101000010010000100011
00000000000000000001010100110111
00000000000001010000010100010011
00000000000000000000000000010011
00000000101000000000011110110011
11111110111101000010000000100011
11111110000001000010010000100011
00001101100000000000000001101111
11111110100001000010011110000011
00000000001001111001011110010011
11111100110001000010011100000011
00000000111101110000011110110011
00000000000001111010011110000011
00000000111100000000010100110011
00000000000000000000000000010011
00000000101000000000011110110011
11111100111101000010110000100011
11111101100001000000011100010011
00010000000000010000011110110111
00000100000001111000010110010011
00000000111000000000010100110011
00000000000000000000000000010011
11111101100001000000011100010011
00010000000000010000011110110111
00000100000001111000010110010011
00000000111000000000010100110011
00000000000000000000000000010011
11111100101001000010111000100011
11111110000001000010011000100011
11111110000001000010001000100011
00000100010000000000000001101111
11111110110001000010011100000011
00000000111000000000011110110011
00000000001001111001011110010011
00000000111001111000011110110011
00000000000101111001011110010011
00000000111100000000011010110011
11111101110001000010011100000011
11111110010001000010011110000011
00000000111101110000011110110011
00000000000001111100011110000011
11111101000001111000011110010011
00000000111101101000011110110011
11111110111101000010011000100011
11111110010001000010011110000011
00000000000101111000011110010011
11111110111101000010001000100011
11111101110001000010010100000011
00000000000000000000000000010011
00000000101000000000011100110011
11111110010001000010011110000011
11111010111001111110100011100011
11111110100001000010011110000011
00000000001001111001011110010011
11111110000001000010011100000011
00000000111101110000011110110011
11111110110001000010011100000011
00000000111001111010000000100011
11111110100001000010011110000011
00000000000101111000011110010011
11111110111101000010010000100011
11111100100001000010011110000011
11111110100001000010011100000011
11110010111101110110001011100011
11111110000001000010011110000011
00000000111100000000010100110011
00000011110000010010000010000011
00000011100000010010010000000011
00000100000000010000000100010011
00000000000000001000000001100111
