11111101000000010000000100010011
00000010100000010010011000100011
00000011000000010000010000010011
11111100101001000010111000100011
11111110000001000010011000100011
11111110110001000010011110000011
00000000001001111001011110010011
11111101110001000010011100000011
00000000111101110000011110110011
00000000000001111010011110000011
00000000000001111001011001100011
11111110110001000010011110000011
00000001010000000000000001101111
11111110110001000010011110000011
00000000000101111000011110010011
11111110111101000010011000100011
11111101010111111111000001101111
00000000111100000000010100110011
00000010110000010010010000000011
00000011000000010000000100010011
00000000000000001000000001100111
11111110000000010000000100010011
00000000000100010010111000100011
00000000100000010010110000100011
00000000100100010010101000100011
00000010000000010000010000010011
11111111111111110000001100110111
00000000000000110000001100010011
00000000011000010000000100110011
11111111111111110000011110110111
00000000000001111000011110010011
11111111000001000000011100010011
00000000111101110000011110110011
11111110101001111010111000100011
11111111111111110000011110110111
00000000000001111000011110010011
11111111000001000000011100010011
00000000111101110000011110110011
11111110101101111010110000100011
11111111111111110000011110110111
00000000000001111000011110010011
11111111000001000000011100010011
00000000111101110000011110110011
11111111110001111010010100000011
00000000000000000000000000010011
11111110101001000010010000100011
11111110100001000010011100000011
11111111111111110000011110110111
00000000000001111000011110010011
11111111000001000000011010010011
00000000111101101000011110110011
00000000111000000000010110110011
11111111110001111010010100000011
00000000000000000000000000010011
11111110101001000010001000100011
11111110100001000010011100000011
11111111111111110000011110110111
00000000000001111000011110010011
11111111000001000000011010010011
00000000111101101000011110110011
00000000111000000000010110110011
11111111110001111010010100000011
00000000000000000000000000010011
11111110101001000010000000100011
11111110000001000010011000100011
00000110100000000000000001101111
11111110110001000010011110000011
00000000001001111001011110010011
11111110010001000010011100000011
00000000111101110000011110110011
00000000000001111010011110000011
00000000111100000000010100110011
00000000000000000000000000010011
00000000101000000000011110110011
00000010000001111001110001100011
11111110110001000010011110000011
00000000001001111001011110010011
11111110010001000010011100000011
00000000111101110000011110110011
00000000000001111010011010000011
11111110110001000010011110000011
00000000001001111001011110010011
11111110010001000010011100000011
00000000111101110000010010110011
00000000110100000000010100110011
00000000000000000000000000010011
00000000101000000000011110110011
00000000111101001010000000100011
11111110110001000010011110000011
00000000000101111000011110010011
11111110111101000010011000100011
11111110110001000010011100000011
11111110100001000010011110000011
11111000111101110110101011100011
11111110000001000010011000100011
00001100010000000000000001101111
11111111111111110000011110110111
00000000000001111000011110010011
11111111000001000000011100010011
00000000111101110000011110110011
11111111111111110000011100110111
00000000000001110000011100010011
00000000100001110000011100010011
11111111000001000000011010010011
00000000111001101000011010110011
11111111111111110000011100110111
00000000000001110000011100010011
00000000110001110000011100010011
11111111000001000000011000010011
00000000111001100000011100110011
11111111100001111010011000000011
00000000110100000000010110110011
00000000111000000000010100110011
00000000000000000000000000010011
11111110110001000010011110000011
00000000001001111001011110010011
11111110010001000010011100000011
00000000111101110000011110110011
00000000000001111010010100000011
11111110110001000010011110000011
00000000001001111001011110010011
11111110000001000010011100000011
00000000111101110000011110110011
00000000000001111010010110000011
11111111111111110000011110110111
00000000000001111000011110010011
11111111000001000000011100010011
00000000111101110000011110110011
00000000100001111010011110000011
00000000111100000000011010110011
11111111111111110000011110110111
00000000000001111000011110010011
11111111000001000000011100010011
00000000111101110000011110110011
11111111111111110000011100110111
00000000000001110000011100010011
00000000110001110000011100010011
11111111000001000000011000010011
00000000111001100000011000110011
11111111100001111010011100000011
00000000000000000000000000010011
11111110110001000010011110000011
00000000000101111000011110010011
11111110111101000010011000100011
11111110110001000010011100000011
11111110100001000010011110000011
11110010111101110110110011100011
11110010110111111111000001101111
11111111000000010000000100010011
00000000000100010010011000100011
00000000100000010010010000100011
00000001000000010000010000010011
00010000000000010000011110110111
00000000000001111000010100010011
00000000000000000000000000010011
00000000000000000000000000010011
00000000110000010010000010000011
00000000100000010010010000000011
00000001000000010000000100010011
00000000000000001000000001100111
11111100000000010000000100010011
00000010000100010010111000100011
00000010100000010010110000100011
00000100000000010000010000010011
11111100101001000010011000100011
11111100101101000010010000100011
11111100100001000010010110000011
11111100110001000010010100000011
00000000000000000000000000010011
00000000101000000000011110110011
00000000000001111000100001100011
00000000000000000000000000010011
00000000000000000000010100010011
00000000000000000000000000010011
11111100100001000010010110000011
11111100110001000010010100000011
00000000000000000000000000010011
11111110101001000010001000100011
11111100100001000010010110000011
11111100110001000010010100000011
00000000000000000000000000010011
11111110101001000010000000100011
11111110010001000010011110000011
00000000000001111000011001100011
11111110000001000010011110000011
00000000000001111001100001100011
00000000000000000000000000010011
00000000001000000000010100010011
00000000000000000000000000010011
11111110000001000010010100000011
00000000000000000000000000010011
11111100101001000010111000100011
11111100100001000010010110000011
11111100110001000010010100000011
00000000000000000000000000010011
11111110101001000010011000100011
11111110010001000010011000000011
11111110110001000010010110000011
00010000000000010000011110110111
00100011110001111000010100010011
00000000000000000000000000010011
11111110110001000010010100000011
00000000000000000000000000010011
00000000101000000000011110110011
00000010000001111001001001100011
11111110110001000010010100000011
00000000000000000000000000010011
11111110101001000010011000100011
11111110010001000010011000000011
11111110110001000010010110000011
00010000000000010000011110110111
00100101000001111000010100010011
00000000000000000000000000010011
00010000000000010000011110110111
00100101110001111000010100010011
00000000000000000000000000010011
11111101110001000010011110000011
00000000111100000000010110110011
11111110000001000010010100000011
00000000000000000000000000010011
11111100101001000010110000100011
11111101110001000010011110000011
00000000111100000000010110110011
11111110000001000010010100000011
00000000000000000000000000010011
11111100101001000010101000100011
11111110000001000010010000100011
00001010100000000000000001101111
11111110100001000010011110000011
00000000001001111001011110010011
11111110000001000010011100000011
00000000111101110000011110110011
00000000000001111010011110000011
00000000111100000000010110110011
00010000000000010000011110110111
00100111010001111000010100010011
00000000000000000000000000010011
11111110100001000010011110000011
00000000001001111001011110010011
11111101100001000010011100000011
00000000111101110000011110110011
00000000000001111010011110000011
00000000111100000000010100110011
00000000000000000000000000010011
00000000101000000000011110110011
00000100000001111001011001100011
11111110100001000010011110000011
00000000001001111001011110010011
11111101100001000010011100000011
00000000111101110000011110110011
00000000000001111010011110000011
00000000111100000000010100110011
00000000000000000000000000010011
00000000101000000000011010110011
11111110100001000010011110000011
00000000001001111001011110010011
11111101010001000010011100000011
00000000111101110000011110110011
00000000000001111010011110000011
00000000111100000000011000110011
00000000110100000000010110110011
00010000000000010000011110110111
00100101000001111000010100010011
00000000000000000000000000010011
00000000101000000000010100010011
00000000000000000000000000010011
11111110100001000010011110000011
00000000000101111000011110010011
11111110111101000010010000100011
11111110100001000010011100000011
11111101110001000010011110000011
11110100111101110110101011100011
11111110010001000010010110000011
11111110110001000010010100000011
00000000000000000000000000010011
11111100101001000010100000100011
11111101000001000010010110000011
11111110000001000010010100000011
00000000000000000000000000010011
00000000000000000000011110010011
00000000111100000000010100110011
00000011110000010010000010000011
00000011100000010010010000000011
00000100000000010000000100010011
00000000000000001000000001100111
