11111101000000010000000100010011
00000010000100010010011000100011
00000010100000010010010000100011
00000011000000010000010000010011
11111100101001000010111000100011
11111100101101000010110000100011
11111100110001000010101000100011
11111101100001000010010100000011
00000000000000000000000000010011
11111110101001000010010000100011
11111110100001000010011000000011
11111101100001000010010110000011
11111101110001000010010100000011
00000000000000000000000000010011
00000000101000000000011110110011
00000110000001111001110001100011
11111101110001000010011100000011
11111110100001000010011110000011
00000000111101110000011110110011
11111110111101000010011000100011
11111110110001000010011110000011
00000000000001111100011100000011
00000010000000000000011110010011
00000000111001111111011001100011
00000000000000000000011110010011
00000101010000000000000001101111
11111101010001000010011110000011
00000000000001111001110001100011
11111101110001000010011110000011
00000100010000000000000001101111
11111110110001000010011110000011
00000000000101111000011110010011
11111110111101000010011000100011
11111110110001000010011110000011
00000000000001111100011100000011
00000010000000000000011110010011
00000000111001111110100001100011
11111110110001000010011110000011
00000000000001111100011110000011
11111100000001111001111011100011
11111101010001000010011110000011
11111110110001000010011100000011
00000000111001111010000000100011
11111101110001000010011110000011
00000000100000000000000001101111
00000000000000000000011110010011
00000000111100000000010100110011
00000010110000010010000010000011
00000010100000010010010000000011
00000011000000010000000100010011
00000000000000001000000001100111
11111101000000010000000100010011
00000010100000010010011000100011
00000011000000010000010000010011
11111100101001000010111000100011
11111100101101000010110000100011
11111100110001000010101000100011
11111100110101000010100000100011
11111110000001000010011000100011
11111110000001000000010110100011
00001010100000000000000001101111
11111110000001000000010100100011
11111110101101000100011110000011
00001000000000000000011100010011
01000000111101110101011110110011
11111110111101000000010000100011
11111110000001000000010010100011
00000101100000000000000001101111
11111110100101000100011110000011
11111101110001000010011100000011
00000000111101110000011110110011
00000000000001111100011100000011
11111110100001000100011110000011
00000000111101110111011110110011
00001111111101111111011110010011
00000010000001111000011001100011
11111110100101000100011110000011
00000000000100000000011100010011
00000000111101110001011110110011
00000001100001111001011100010011
01000001100001110101011100010011
11111110101001000000011110000011
00000000111101110110011110110011
00000001100001111001011110010011
01000001100001111101011110010011
11111110111101000000010100100011
11111110100101000100011110000011
00000000000101111000011110010011
11111110111101000000010010100011
11111110100101000100011100000011
00000000011100000000011110010011
11111010111001111111001011100011
11111110110001000010011110000011
00000000000101111000011100010011
11111110111001000010011000100011
11111101000001000010011100000011
00000000111101110000011110110011
11111110101001000100011100000011
00000000111001111000000000100011
11111110101101000100011110000011
00000000000101111000011110010011
11111110111101000000010110100011
11111110101101000100011110000011
11111101100001000010011100000011
11110100111001111110101011100011
11111101110001000010011110000011
00000000100001111000011110010011
11111100111101000010111000100011
11111101010001000010011110000011
11111111100001111000011110010011
11111100111101000010101000100011
11111101010001000010011110000011
11110010111100000100011011100011
11111110110001000010011110000011
00000000111100000000010100110011
00000010110000010010010000000011
00000011000000010000000100010011
00000000000000001000000001100111
11110111000000010000000100010011
00001000000100010010011000100011
00001000100000010010010000100011
00001001000000010000010000010011
11111111111111111100001100110111
00000000000000110000001100010011
00000000011000010000000100110011
11111111111111111100011110110111
00000000000001111000011110010011
11111111000001000000100000010011
00000000111110000000011110110011
11111000101001111010111000100011
11111111111111111100011110110111
00000000000001111000011110010011
11111111000001000000010100010011
00000000111101010000011110110011
11111000101101111010110000100011
11111111111111111100011110110111
00000000000001111000011110010011
11111111000001000000010110010011
00000000111101011000011110110011
11111000110001111010101000100011
11111111111111111100011110110111
00000000000001111000011110010011
11111111000001000000011000010011
00000000111101100000011110110011
11111000110101111010100000100011
11111111111111111100011110110111
00000000000001111000011110010011
11111111000001000000011010010011
00000000111101101000011110110011
11111000111001111010011000100011
11111010000001000010100000100011
11111111111111111100011110110111
00000000000001111000011110010011
11111111000001000000011100010011
00000000111101110000011110110011
11111001110001111010011110000011
00000010000001111000100001100011
11111111111111111100011110110111
00000000000001111000011110010011
11111111000001000000011100010011
00000000111101110000011110110011
00010000000000010000011100110111
00000000000001110000010110010011
11111001110001111010010100000011
00000000000000000000000000010011
11111010101001000010011000100011
11111010110001000010011110000011
00000000000001111001011001100011
00000000000000000000011110010011
00011110100000000001000001101111
11111111111111111110011110110111
00000000000001111000011110010011
11111010000001111000011110010011
11111111000001000000011100010011
00000000111101110000011110110011
00000000000000000010011000110111
00000000000001100000011000010011
00000000000000000000010110010011
00000000111100000000010100110011
00000000000000000000000000010011
11111111111111111100011110110111
00000000000001111000011110010011
11111111000001000000011100010011
00000000111101110000011110110011
11111000110001111010011110000011
00000000010001111111011110010011
11111010111101000010010000100011
11111010100001000010011110000011
00010000000001111001001001100011
11111111111111111100011110110111
00000000000001111000011110010011
11111111000001000000011100010011
00000000111101110000011110110011
11111000110001111010011110000011
00000000100001111111011110010011
00001110000001111000010001100011
00010000000000010000011110110111
00000000010001111000010100010011
00000000000000000000000000010011
11111111111111111100011110110111
00000000000001111000011110010011
11111111000001000000011100010011
00000000111101110000011110110011
11111000110001111010011110000011
00000000000101111111011110010011
00000000000001111000100001100011
00010000000000010000011110110111
00000010000001111000010100010011
00000000000000000000000000010011
11111111111111111100011110110111
00000000000001111000011110010011
11111111000001000000011100010011
00000000111101110000011110110011
11111000110001111010011110000011
00000000001001111111011110010011
00000000000001111000100001100011
00010000000000010000011110110111
00000010010001111000010100010011
00000000000000000000000000010011
11111111111111111100011110110111
00000000000001111000011110010011
11111111000001000000011100010011
00000000111101110000011110110011
11111001000001111010011110000011
00000010000001111000001001100011
11111111111111111100011110110111
00000000000001111000011110010011
11111111000001000000011100010011
00000000111101110000011110110011
11111001000001111010010110000011
00010000000000010000011110110111
00000010100001111000010100010011
00000000000000000000000000010011
11111111111111111100011110110111
00000000000001111000011110010011
11111111000001000000011100010011
00000000111101110000011110110011
11111001110001111010010100000011
00000000000000000000000000010011
00000000101000000000011010110011
11111111111111111100011110110111
00000000000001111000011110010011
11111111000001000000011100010011
00000000111101110000011100110011
11111111111111111100011110110111
00000000000001111000011110010011
11111111000001000000011000010011
00000000111101100000011110110011
11111001010001110010011000000011
11111001100001111010010110000011
00010000000000010000011110110111
00000011000001111000010100010011
00000000000000000000000000010011
11111110000001000010011000100011
11111110000001000010010000100011
11111110000001000010001000100011
11111110000001000010000000100011
00111101110000000000000001101111
11111111111111111110011110110111
00000000000001111000011110010011
11111010000001111000011110010011
11111111000001000000011100010011
00000000111101110000011110110011
00000000111100000000010100110011
00000000000000000000000000010011
00000000101000000000011110110011
00000000111100000000011100110011
11111111111111111110011110110111
00000000000001111000011110010011
11111010000001111000011110010011
11111111000001000000011010010011
00000000111101101000011110110011
00000000111001111000011110110011
11111000111101000010100000100011
00000001010000000000000001101111
11111001000001000010011110000011
11111111111101111000011100010011
11111000111001000010100000100011
00000000000001111000000000100011
11111001000001000010011110000011
00000000000001111100011100000011
00000001111100000000011110010011
00000010111001111110000001100011
11111001000001000010011100000011
11111111111111111110011110110111
00000000000001111000011110010011
11111010000001111000011110010011
11111111000001000000011010010011
00000000111101101000011110110011
11111100111101110001010011100011
11111010100001000010011110000011
00011000000001111001000001100011
11111111111111111100011110110111
00000000000001111000011110010011
11111111000001000000011100010011
00000000111101110000011110110011
11111000110001111010011110000011
00000000100001111111011110010011
00010110000001111000001001100011
11111001000001000000011010010011
11111111111111111110011110110111
00000000000001111000011110010011
11111010000001111000011110010011
11111111000001000000011100010011
00000000111101110000011100110011
00000000110100000000011000110011
00010000000000010000011110110111
00000100000001111000010110010011
00000000111000000000010100110011
00000000000000000000000000010011
00000000101000000000011110110011
00000010000001111000010001100011
11111111111111111110011110110111
00000000000001111000011110010011
11111010000001111000011110010011
11111111000001000000011100010011
00000000111101110000011110110011
00000000111100000000010110110011
00010000000000010000011110110111
00000100100001111000010100010011
00000000000000000000000000010011
11111001000001000000011010010011
11111111111111111110011110110111
00000000000001111000011110010011
11111010000001111000011110010011
11111111000001000000011100010011
00000000111101110000011100110011
00000000110100000000011000110011
00010000000000010000011110110111
00000101000001111000010110010011
00000000111000000000010100110011
00000000000000000000000000010011
00000000101000000000011110110011
00000010000001111000010001100011
11111111111111111110011110110111
00000000000001111000011110010011
11111010000001111000011110010011
11111111000001000000011100010011
00000000111101110000011110110011
00000000111100000000010110110011
00010000000000010000011110110111
00000100100001111000010100010011
00000000000000000000000000010011
11111001000001000000011010010011
11111111111111111110011110110111
00000000000001111000011110010011
11111010000001111000011110010011
11111111000001000000011100010011
00000000111101110000011100110011
00000000110100000000011000110011
00010000000000010000011110110111
00000101100001111000010110010011
00000000111000000000010100110011
00000000000000000000000000010011
00000000101000000000011110110011
00000010000001111000010001100011
11111111111111111110011110110111
00000000000001111000011110010011
11111010000001111000011110010011
11111111000001000000011100010011
00000000111101110000011110110011
00000000111100000000010110110011
00010000000000010000011110110111
00000100100001111000010100010011
00000000000000000000000000010011
11111001000001000000011010010011
11111111111111111110011110110111
00000000000001111000011110010011
11111010000001111000011110010011
11111111000001000000011100010011
00000000111101110000011100110011
00000000110100000000011000110011
00010000000000010000011110110111
00000110010001111000010110010011
00000000111000000000010100110011
00000000000000000000000000010011
00000000101000000000011110110011
00000010000001111000010001100011
11111111111111111110011110110111
00000000000001111000011110010011
11111010000001111000011110010011
11111111000001000000011100010011
00000000111101110000011110110011
00000000111100000000010110110011
00010000000000010000011110110111
00000100100001111000010100010011
00000000000000000000000000010011
11111001000001000000011010010011
11111111111111111110011110110111
00000000000001111000011110010011
11111010000001111000011110010011
11111111000001000000011100010011
00000000111101110000011100110011
00000000110100000000011000110011
00010000000000010000011110110111
00000111000001111000010110010011
00000000111000000000010100110011
00000000000000000000000000010011
00000000101000000000011110110011
00001100000001111000000001100011
11111010100001000010011110000011
00000100000001111001001001100011
11111111111111111100011110110111
00000000000001111000011110010011
11111111000001000000011100010011
00000000111101110000011110110011
11111000110001111010011110000011
00000000100001111111011110010011
00000010000001111000010001100011
11111111111111111110011110110111
00000000000001111000011110010011
11111010000001111000011110010011
11111111000001000000011100010011
00000000111101110000011110110011
00000000111100000000010110110011
00010000000000010000011110110111
00000100100001111000010100010011
00000000000000000000000000010011
11111001000001000010011110000011
11111001000001000000011100010011
00000000101000000000011000010011
00000000111000000000010110110011
00000000111100000000010100110011
00000000000000000000000000010011
11111110101001000010010000100011
11111001000001000010011110000011
11111001000001000000011100010011
00000000101000000000011000010011
00000000111000000000010110110011
00000000111100000000010100110011
00000000000000000000000000010011
11111110101001000010001000100011
11111001000001000010011110000011
11111001000001000000011100010011
00000000101000000000011000010011
00000000111000000000010110110011
00000000111100000000010100110011
00000000000000000000000000010011
11111001000001000010011110000011
11111001000001000000011100010011
00000000101000000000011000010011
00000000111000000000010110110011
00000000111100000000010100110011
00000000000000000000000000010011
00000000101000000000011110110011
01000000111100000000011110110011
11111110111101000010000000100011
11111001000001000000011010010011
11111111111111111110011110110111
00000000000001111000011110010011
11111010000001111000011110010011
11111111000001000000011100010011
00000000111101110000011100110011
00000000110100000000011000110011
00010000000000010000011110110111
00001000000001111000010110010011
00000000111000000000010100110011
00000000000000000000000000010011
00000000101000000000011110110011
00000110000001111000010001100011
11111010100001000010011110000011
00000100000001111001001001100011
11111111111111111100011110110111
00000000000001111000011110010011
11111111000001000000011100010011
00000000111101110000011110110011
11111000110001111010011110000011
00000000100001111111011110010011
00000010000001111000010001100011
11111111111111111110011110110111
00000000000001111000011110010011
11111010000001111000011110010011
11111111000001000000011100010011
00000000111101110000011110110011
00000000111100000000010110110011
00010000000000010000011110110111
00000100100001111000010100010011
00000000000000000000000000010011
11111001000001000010011110000011
11111001000001000000011100010011
00000000101000000000011000010011
00000000111000000000010110110011
00000000111100000000010100110011
00000000000000000000000000010011
11111110101001000010000000100011
11111001000001000000011010010011
11111111111111111110011110110111
00000000000001111000011110010011
11111010000001111000011110010011
11111111000001000000011100010011
00000000111101110000011100110011
00000000110100000000011000110011
00010000000000010000011110110111
00001001000001111000010110010011
00000000111000000000010100110011
00000000000000000000000000010011
00000000101000000000011110110011
00000000000001111000111001100011
11111001000001000010011110000011
00000000111100000000010100110011
00000000000000000000000000010011
00000000101000000000011110110011
11111110111101000010011000100011
00000011100000000000000001101111
11111111111111111110011110110111
00000000000001111000011110010011
11111010000001111000011110010011
11111111000001000000011100010011
00000000111101110000011100110011
11111010110001000010011000000011
00000000000000000010011110110111
00000000000001111000011110010011
11111111111001111000010110010011
00000000111000000000010100110011
00000000000000000000000000010011
00000000101000000000011110110011
10111110000001111001110011100011
11111110010001000010011110000011
00000000000001111001101001100011
11111010110001000010010100000011
00000000000000000000000000010011
00000000000000000000011110010011
01000110010100000000000001101111
11111110000001000010010000100011
00010101010000000000000001101111
11111001000001000000011010010011
11111111111111111110011110110111
00000000000001111000011110010011
11111010000001111000011110010011
11111111000001000000011100010011
00000000111101110000011100110011
00000000110100000000011000110011
00010000000000010000011110110111
00001001100001111000010110010011
00000000111000000000010100110011
00000000000000000000000000010011
00000000101000000000011110110011
00010010000001111000000001100011
11111000000001000010110000100011
00001110010000000000000001101111
11111001000001000000011010010011
11111111111111111110011110110111
00000000000001111000011110010011
11111010000001111000011110010011
11111111000001000000011100010011
00000000111101110000011100110011
00000000110100000000011000110011
00010000000000010000011110110111
00001010010001111000010110010011
00000000111000000000010100110011
00000000000000000000000000010011
00000000101000000000011110110011
00000100000001111000100001100011
11111001000001000010011110000011
00000000111100000000010100110011
00000000000000000000000000010011
00000000101000000000011110110011
11111000111101000010110000100011
11111111111111111100011110110111
00000000000001111000011110010011
11111111000001000000011100010011
00000000111101110000011110110011
11111001100001000010011100000011
11111001100001111010011110000011
00001010111101110110101001100011
11111111111111111100011110110111
00000000000001111000011110010011
11111111000001000000011100010011
00000000111101110000011110110011
11111001100001000010011100000011
11111001010001111010011110000011
00001000111001111110110001100011
11111001000001000000011010010011
11111111111111111110011110110111
00000000000001111000011110010011
11111010000001111000011110010011
11111111000001000000011100010011
00000000111101110000011100110011
00000000110100000000011000110011
00010000000000010000011110110111
00001011000001111000010110010011
00000000111000000000010100110011
00000000000000000000000000010011
00000000101000000000011110110011
00000010000001111000100001100011
11111001000001000010011110000011
00000000111100000000010100110011
00000000000000000000000000010011
00000000101000000000011110110011
11111000111101000010101000100011
11111001010001000010011100000011
11111110100001000010011110000011
00000100111001111111001001100011
11111001010001000010011110000011
11111110111101000010010000100011
00000011100000000000000001101111
11111111111111111110011110110111
00000000000001111000011110010011
11111010000001111000011110010011
11111111000001000000011100010011
00000000111101110000011100110011
11111010110001000010011000000011
00000000000000000010011110110111
00000000000001111000011110010011
11111111111001111000010110010011
00000000111000000000010100110011
00000000000000000000000000010011
00000000101000000000011110110011
11101110000001111001100011100011
11111111111111111110011110110111
00000000000001111000011110010011
11111010000001111000011110010011
11111111000001000000011100010011
00000000111101110000011100110011
11111010110001000010011000000011
00000000000000000010011110110111
00000000000001111000011110010011
11111111111001111000010110010011
00000000111000000000010100110011
00000000000000000000000000010011
00000000101000000000011110110011
11101000000001111001000011100011
11111110010001000010011100000011
00000001000000000000011110010011
00000000111001111111011001100011
00000001000000000000011110010011
11111110111101000010001000100011
11111110010001000010011110000011
11111100111101000010111000100011
11111110100001000010011110000011
11111100111101000010110000100011
11111111111111111100011110110111
00000000000001111000011110010011
11111111000001000000011100010011
00000000111101110000011110110011
11111000110001111010011110000011
00000000001001111111011110010011
00000010000001111001000001100011
11111111111111111100011110110111
00000000000001111000011110010011
11111111000001000000011100010011
00000000111101110000011110110011
11111000110001111010011110000011
00000000000101111111011110010011
00000010000001111001101001100011
11111110010001000010011110000011
00000000011101111000011110010011
11111111100001111111011110010011
11111110111101000010001000100011
11111110010001000010011100000011
11111101110001000010011110000011
01000000111101110000011110110011
11111110000001000010011100000011
00000000111101110000011110110011
11111110111101000010000000100011
11111110010001000010011110000011
11111100111101000010111000100011
11111010100001000010011110000011
00000010000001111001101001100011
11111111111111111100011110110111
00000000000001111000011110010011
11111111000001000000011100010011
00000000111101110000011110110011
11111000110001111010011110000011
00000000100001111111011110010011
00000000000001111000110001100011
11111110010001000010011000000011
11111110100001000010010110000011
00010000000000010000011110110111
00001011100001111000010100010011
00000000000000000000000000010011
11111110010001000010011110000011
00000000000101111101011110010011
11111111111111111100011100110111
00000000000001110000011100010011
11111111000001000000011010010011
00000000111001101000011100110011
11111001000001110010011100000011
00000010111001111111000001100011
11111111111111111100011110110111
00000000000001111000011110010011
11111111000001000000011100010011
00000000111101110000011110110011
11111110010001000010011100000011
00000000000101110101011100010011
11111000111001111010100000100011
00000000000000000000011000010011
00000000000000000000010110010011
11111010110001000010010100000011
00000000000000000000000000010011
11111110100001000010011110000011
00000000011101111000011110010011
00000000001101111101011110010011
11111110010001000010011100000011
00000010111101110000011110110011
11111010111101000010001000100011
11111010010001000010011100000011
11111110110001000010011110000011
00000010111101110000011110110011
00000000110001111000011110010011
00000000111100000000010100110011
00000000000000000000000000010011
00000000101000000000011110110011
11111010111101000010100000100011
11111011000001000010011110000011
00000000000001111010010000100011
11111011000001000010011110000011
00000000110001111000011110010011
11111100111101000010101000100011
11111010010001000010011110000011
00000000000101111001011110010011
00000000111100000000010100110011
00000000000000000000000000010011
00000000101000000000011110110011
11111010111101000010000000100011
11111010010001000010011110000011
00000000000101111001011110010011
00000000111100000000011000110011
00000000000000000000010110010011
11111010000001000010010100000011
00000000000000000000000000010011
00001110100100000000000001101111
11111001000001000000011010010011
11111111111111111110011110110111
00000000000001111000011110010011
11111010000001111000011110010011
11111111000001000000011100010011
00000000111101110000011100110011
00000000110100000000011000110011
00010000000000010000011110110111
00001001100001111000010110010011
00000000111000000000010100110011
00000000000000000000000000010011
00000000101000000000011110110011
00001010000001111000101011100011
11111100000001000010100000100011
11111100000001000010011000100011
11111100000001000010010000100011
11111100000001000010001000100011
11111100000001000010000000100011
11111010000001000010111000100011
11111010000001000010110000100011
11111010000001000010011100000011
11111010010001000010011110000011
00000000111101110000011110110011
11111000111101000010111000100011
11111010010001000010011000000011
00000000000000000000010110010011
11111001110001000010010100000011
00000000000000000000000000010011
11111111111111111110011110110111
00000000000001111000011110010011
11111010000001111000011110010011
11111111000001000000011100010011
00000000111101110000011110110011
00000000111100000000010100110011
00000000000000000000000000010011
00000000101000000000011110110011
00000000111100000000011100110011
11111111111111111110011110110111
00000000000001111000011110010011
11111010000001111000011110010011
11111111000001000000011010010011
00000000111101101000011110110011
00000000111001111000011110110011
11111000111101000010100000100011
00000001010000000000000001101111
11111001000001000010011110000011
11111111111101111000011100010011
11111000111001000010100000100011
00000000000001111000000000100011
11111001000001000010011110000011
00000000000001111100011100000011
00000001111100000000011110010011
00000010111001111110000001100011
11111001000001000010011100000011
11111111111111111110011110110111
00000000000001111000011110010011
11111010000001111000011110010011
11111111000001000000011010010011
00000000111101101000011110110011
11111100111101110001010011100011
11111111111111111110011110110111
00000000000001111000011110010011
11111010000001111000011110010011
11111111000001000000011100010011
00000000111101110000011100110011
11111111111111111100011110110111
00000000000001111000011110010011
11111010000001111000011110010011
11111111000001000000011010010011
00000000111101101000011110110011
00000000111000000000010110110011
00000000111100000000010100110011
00000000000000000000000000010011
01111000110000000000000001101111
11111111111111111110011110110111
00000000000001111000011110010011
11111010000001111000011110010011
11111111000001000000011100010011
00000000111101110000011110110011
00000000111100000000010100110011
00000000000000000000000000010011
00000000101000000000011110110011
00000000111100000000011100110011
11111111111111111110011110110111
00000000000001111000011110010011
11111010000001111000011110010011
11111111000001000000011010010011
00000000111101101000011110110011
00000000111001111000011110110011
11111000111101000010100000100011
00000001010000000000000001101111
11111001000001000010011110000011
11111111111101111000011100010011
11111000111001000010100000100011
00000000000001111000000000100011
11111001000001000010011110000011
00000000000001111100011100000011
00000001111100000000011110010011
00000010111001111110000001100011
11111001000001000010011100000011
11111111111111111110011110110111
00000000000001111000011110010011
11111010000001111000011110010011
11111111000001000000011010010011
00000000111101101000011110110011
11111100111101110001010011100011
11111001000001000000011010010011
11111111111111111110011110110111
00000000000001111000011110010011
11111010000001111000011110010011
11111111000001000000011100010011
00000000111101110000011100110011
00000000110100000000011000110011
00010000000000010000011110110111
00001010010001111000010110010011
00000000111000000000010100110011
00000000000000000000000000010011
00000000101000000000011110110011
00001100000001111000110001100011
11111001000001000010011110000011
00000000111100000000010100110011
00000000000000000000000000010011
00000000101000000000011110110011
11111100111101000010001000100011
11111111111111111100011110110111
00000000000001111000011110010011
11111111000001000000011100010011
00000000111101110000011110110011
11111100010001000010011100000011
11111001100001111010011110000011
01101100111101110110111001100011
11111111111111111100011110110111
00000000000001111000011110010011
11111111000001000000011100010011
00000000111101110000011110110011
11111100010001000010011100000011
11111001010001111010011110000011
01101100111001111110000001100011
11111010100001000010011110000011
00001000000001111001001001100011
11111111111111111100011110110111
00000000000001111000011110010011
11111111000001000000011100010011
00000000111101110000011110110011
11111000110001111010011110000011
00000010000001111111011110010011
00000110000001111001010001100011
11111111111111111100011110110111
00000000000001111000011110010011
11111111000001000000011100010011
00000000111101110000011110110011
11111000110001111010011110000011
00000001000001111111011110010011
00000100000001111000011001100011
11111111111111111100011110110111
00000000000001111000011110010011
11111010000001111000011110010011
11111111000001000000011100010011
00000000111101110000011110110011
00000000111100000000010110110011
00010000000000010000011110110111
00000100100001111000010100010011
00000000000000000000000000010011
11111111111111111110011110110111
00000000000001111000011110010011
11111010000001111000011110010011
11111111000001000000011100010011
00000000111101110000011110110011
00000000111100000000010110110011
00010000000000010000011110110111
00000100100001111000010100010011
00000000000000000000000000010011
11111001000001000000011010010011
11111111111111111110011110110111
00000000000001111000011110010011
11111010000001111000011110010011
11111111000001000000011100010011
00000000111101110000011100110011
00000000110100000000011000110011
00010000000000010000011110110111
00001011000001111000010110010011
00000000111000000000010100110011
00000000000000000000000000010011
00000000101000000000011110110011
00000010000001111000010001100011
11111001000001000010011110000011
00000000111100000000010100110011
00000000000000000000000000010011
00000000101000000000011110110011
11111100111101000010110000100011
11111101100001000010011100000011
00000000100000000000011110010011
00000000111001111111010001100011
01011110000000000000000001101111
11111001000001000000011010010011
11111111111111111110011110110111
00000000000001111000011110010011
11111010000001111000011110010011
11111111000001000000011100010011
00000000111101110000011100110011
00000000110100000000011000110011
00010000000000010000011110110111
00001101100001111000010110010011
00000000111000000000010100110011
00000000000000000000000000010011
00000000101000000000011110110011
00001100000001111000110001100011
11111010100001000010011110000011
00000110000001111001000001100011
11111111111111111100011110110111
00000000000001111000011110010011
11111111000001000000011100010011
00000000111101110000011110110011
11111000110001111010011110000011
00000010000001111111011110010011
00000100000001111001001001100011
11111111111111111100011110110111
00000000000001111000011110010011
11111111000001000000011100010011
00000000111101110000011110110011
11111000110001111010011110000011
00000001000001111111011110010011
00000010000001111000010001100011
11111111111111111110011110110111
00000000000001111000011110010011
11111010000001111000011110010011
11111111000001000000011100010011
00000000111101110000011110110011
00000000111100000000010110110011
00010000000000010000011110110111
00000100100001111000010100010011
00000000000000000000000000010011
11111001000001000010011110000011
11111001000001000000011100010011
00000000101000000000011000010011
00000000111000000000010110110011
00000000111100000000010100110011
00000000000000000000000000010011
00000000101000000000011110110011
11111100111101000010000000100011
11111001000001000010011110000011
11111001000001000000011100010011
00000000101000000000011000010011
00000000111000000000010110110011
00000000111100000000010100110011
00000000000000000000000000010011
11111001000001000010011110000011
11111001000001000000011100010011
00000000101000000000011000010011
00000000111000000000010110110011
00000000111100000000010100110011
00000000000000000000000000010011
11111010101001000010111000100011
11111001000001000010011110000011
11111001000001000000011100010011
00000000101000000000011000010011
00000000111000000000010110110011
00000000111100000000010100110011
00000000000000000000000000010011
11111010101001000010110000100011
11111001000001000000011010010011
11111111111111111110011110110111
00000000000001111000011110010011
11111010000001111000011110010011
11111111000001000000011100010011
00000000111101110000011100110011
00000000110100000000011000110011
00010000000000010000011110110111
00001101110001111000010110010011
00000000111000000000010100110011
00000000000000000000000000010011
00000000101000000000011110110011
00111000000001111000001001100011
11111011000001000010011110000011
00000000100001111010011110000011
00000000000101111000011100010011
11111011000001000010011110000011
00000000111001111010010000100011
11111011100001000010011110000011
00000000111100000101101001100011
11111011100001000010011110000011
11111100100001000010011100000011
00000000111101110000011110110011
11111100111101000010010000100011
11111011100001000010011110000011
00000100000001111101010001100011
11111100100001000010011100000011
11111110010001000010011110000011
00000010111101110111111001100011
11111110010001000010011100000011
11111110000001000010011110000011
01000000111101110000011100110011
11111100100001000010011110000011
01000000111101110000011110110011
11111100111101000010100000100011
11111101000001000010011100000011
11111011100001000010011110000011
01000000111101110000011110110011
11111100111101000010100000100011
11111101000001000010011110000011
11111100100001000010011100000011
00000000111101110000011110110011
11111100111101000010010000100011
11111110010001000010011100000011
11111110000001000010011110000011
01000000111101110000011110110011
11111100100001000010011100000011
00000010111101110111001001100011
11111110010001000010011100000011
11111110000001000010011110000011
01000000111101110000011100110011
11111100100001000010011110000011
01000000111101110000011100110011
11111101000001000010011110000011
00000000111101110000011110110011
11111100111101000010100000100011
11111101000001000010011100000011
11111111111111111100011110110111
00000000000001111000011110010011
11111111000001000000011010010011
00000000111101101000011110110011
11111001000001111010011110000011
00000000111101110000011110110011
01000000111100000000011110110011
11111001110001000010011100000011
00000000111101110000011110110011
11111000111101000010111000100011
11111111111111111100011110110111
00000000000001111000011110010011
11111111000001000000011100010011
00000000111101110000011110110011
11111000110001111010011110000011
00000000001001111111011110010011
00000010000001111000011001100011
11111110010001000010011110000011
11111101010001000010011010000011
00000000111100000000011000110011
11111110100001000010010110000011
11111001110001000010010100000011
00000000000000000000000000010011
11111100101001000010111000100011
00000000100000000000011110010011
11111100111101000010110000100011
00000001010000000000000001101111
11111110010001000010011000000011
11111001110001000010010110000011
11111101010001000010010100000011
00000000000000000000000000010011
11111010100001000010011110000011
00100010000001111001111001100011
11111111111111111100011110110111
00000000000001111000011110010011
11111111000001000000011100010011
00000000111101110000011110110011
11111000110001111010011110000011
00000010000001111111011110010011
00001110000001111000000001100011
00000000100100000000010100010011
00000000000000000000000000010011
11111100000001000010010000100011
00000110100000000000000001101111
11111101110001000010011110000011
00000000000101111101011110010011
11111100100001000010011100000011
00000010111101110001011001100011
11111111111111111100011110110111
00000000000001111000011110010011
11111111000001000000011100010011
00000000111101110000011110110011
11111000110001111010011110000011
00000000001001111111011110010011
00000000000001111000100001100011
00010000000000010000011110110111
00001110010001111000010100010011
00000000000000000000000000010011
11111101010001000010011100000011
11111100100001000010011110000011
00000000111101110000011110110011
00000000000001111100011110000011
00000000111100000000010110110011
00010000000000010000011110110111
00001110100001111000010100010011
00000000000000000000000000010011
11111100100001000010011110000011
00000000000101111000011110010011
11111100111101000010010000100011
11111100100001000010011100000011
11111101110001000010011110000011
11111000111101110110101011100011
11111100010001000010010110000011
00010000000000010000011110110111
00001111000001111000010100010011
00000000000000000000000000010011
00000000000000000000000000010011
00000000101000000000011110110011
00000000000001111010011100000011
11111100010001000010011110000011
00000000000101111001011110010011
00000000111101110000011110110011
00000000000001111101011110000011
00000000111100000000011100110011
00000000000000000100011110110111
00000000000001111000011110010011
00000000111101110111011110110011
00000000000001111000101001100011
11111100010001000010010110000011
00010000000000010000011110110111
00001111100001111000010100010011
00000000000000000000000000010011
00000000101000000000010100010011
00000000000000000000000000010011
00010100010000000000000001101111
00000000000000000000000000010011
00000000101000000000011110110011
00000000000001111010011100000011
11111100010001000010011110000011
00000000000101111001011110010011
00000000111101110000011110110011
00000000000001111101011110000011
00000000111100000000011100110011
00000000000000000100011110110111
00000000000001111000011110010011
00000000111101110111011110110011
00000000000001111000011001100011
11111100010001000010011110000011
00000000100000000000000001101111
00000010000000000000011110010011
00000000111100000000011000110011
11111100010001000010010110000011
00010000000000010000011110110111
00010000000001111000010100010011
00000000000000000000000000010011
11111100000001000010010000100011
00000010000000000000000001101111
11111100100001000010010110000011
00010000000000010000011110110111
00010001000001111000010100010011
00000000000000000000000000010011
11111100100001000010011110000011
00000000000101111000011110010011
11111100111101000010010000100011
11111100100001000010011100000011
11111101100001000010011110000011
11111100111101110110111011100011
00010000000000010000011110110111
00010001010001111000010100010011
00000000000000000000000000010011
11111100000001000010010000100011
00001001110000000000000001101111
11111101010001000010011100000011
11111100100001000010011110000011
00000000111101110000011110110011
00000000000001111100011110000011
11111100100001000010011000000011
00000000111100000000010110110011
00010000000000010000011110110111
00010001100001111000010100010011
00000000000000000000000000010011
11111010000001000010101000100011
00000100110000000000000001101111
11111101010001000010011100000011
11111100100001000010011110000011
00000000111101110000011110110011
00000000000001111100011110000011
00000000111100000000011010110011
11111011010001000010011110000011
00001000000000000000011100010011
01000000111101110101011110110011
00000000111101101111011110110011
00000000000001111000100001100011
00000010001100000000010100010011
00000000000000000000000000010011
00000000110000000000000001101111
00000010000000000000010100010011
00000000000000000000000000010011
11111011010001000010011110000011
00000000000101111000011110010011
11111010111101000010101000100011
11111011010001000010011100000011
11111101100001000010011110000011
11111010111101110110100011100011
00010000000000010000011110110111
00010001010001111000010100010011
00000000000000000000000000010011
11111100100001000010011110000011
00000000000101111000011110010011
11111100111101000010010000100011
11111100100001000010011100000011
11111101110001000010011110000011
11110110111101110110000011100011
00000000101000000000010100010011
00000000000000000000000000010011
11111101010001000010011100000011
11111101110001000010011110000011
00000000111101110000011110110011
11111100111101000010101000100011
00010010010000000000000001101111
11111001000001000000011010010011
11111111111111111110011110110111
00000000000001111000011110010011
11111010000001111000011110010011
11111111000001000000011100010011
00000000111101110000011100110011
00000000110100000000011000110011
00010000000000010000011110110111
00010010110001111000010110010011
00000000111000000000010100110011
00000000000000000000000000010011
00000000101000000000011110110011
00000000000001111000100001100011
00000000000100000000011110010011
11111100111101000010011000100011
00001011000000000000000001101111
11111100110001000010011110000011
00001010000001111000010001100011
11111100100001000010011100000011
11111110010001000010011110000011
00001000111101110111111001100011
11111111111111111110011110110111
00000000000001111000011110010011
11111010000001111000011110010011
11111111000001000000011100010011
00000000111101110000011110110011
00000001000000000000011000010011
00000000000000000000010110010011
00000000111100000000010100110011
00000000000000000000000000010011
00000000101000000000011010110011
11111001110001000010011100000011
11111100100001000010011110000011
00000000111101110000011110110011
00001111111101101111011100010011
00000000111001111000000000100011
11111100000001000010011100000011
00000000011100000000011110010011
00000100111001111110010001100011
11111011110001000010011110000011
00000100111100000101000001100011
11111011110001000010011100000011
00000000011100000000011110010011
00000010111001111100101001100011
11111001110001000010011100000011
11111100100001000010011110000011
00000000111101110000011110110011
00000000000001111100011110000011
00000000111100000000011100110011
11111011110001000010011110000011
01000000111101110101011010110011
11111001110001000010011100000011
11111100100001000010011110000011
00000000111101110000011110110011
00001111111101101111011100010011
00000000111001111000000000100011
11111100100001000010011110000011
00000000000101111000011110010011
11111100111101000010010000100011
11111111111111111110011110110111
00000000000001111000011110010011
11111010000001111000011110010011
11111111000001000000011100010011
00000000111101110000011100110011
11111010110001000010011000000011
00000000000000000010011110110111
00000000000001111000011110010011
11111111111001111000010110010011
00000000111000000000010100110011
00000000000000000000000000010011
00000000101000000000011110110011
10000100000001111001010011100011
11111111111111111110011110110111
00000000000001111000011110010011
11111010000001111000011110010011
11111111000001000000011100010011
00000000111101110000011100110011
11111010110001000010011000000011
00000000000000000010011110110111
00000000000001111000011110010011
11111111111001111000010110010011
00000000111000000000010100110011
00000000000000000000000000010011
00000000101000000000011110110011
11101110000001111001011001100011
11111011000001000010011110000011
11111110100001000010011100000011
00000000111001111010000000100011
11111011000001000010011110000011
11111101110001000010011100000011
00000000111001111010001000100011
11111010000001000010010100000011
00000000000000000000000000010011
11111010110001000010010100000011
00000000000000000000000000010011
11111011000001000010011110000011
00000000111100000000010100110011
00000000000000000100001100110111
00000000000000110000001100010011
00000000011000010000000100110011
00001000110000010010000010000011
00001000100000010010010000000011
00001001000000010000000100010011
00000000000000001000000001100111
