11111101000000010000000100010011
00000010100000010010011000100011
00000011000000010000010000010011
11111100101001000010111000100011
11111101110001000010011110000011
11111110111101000010011000100011
00000001000000000000000001101111
11111110110001000010011110000011
00000000000101111000011110010011
11111110111101000010011000100011
11111110110001000010011110000011
00000000000001111100011110000011
11111110000001111001011011100011
00000100000000000000000001101111
11111110110001000010011110000011
00000000000001111100011100000011
00000010111100000000011110010011
00000000111101110000101001100011
11111110110001000010011110000011
00000000000001111100011100000011
00000101110000000000011110010011
00000000111101110001101001100011
11111110110001000010011110000011
00000000000101111000011110010011
11111110111101000010011000100011
00000001110000000000000001101111
11111110110001000010011110000011
11111111111101111000011110010011
11111110111101000010011000100011
11111110110001000010011100000011
11111101110001000010011110000011
11111010111101110001111011100011
11111110110001000010011110000011
00000000111100000000010100110011
00000010110000010010010000000011
00000011000000010000000100010011
00000000000000001000000001100111
