11111110000000010000000100010011
00000000000100010010111000100011
00000000100000010010110000100011
00000010000000010000010000010011
00000000110000000000010100010011
00000000000000000000000000010011
00000000101000000000011110110011
11111110111101000010011000100011
11111110110001000010011110000011
00000000000101111011011110010011
00001111111101111111011110010011
00000000000001111000011001100011
00000000000100000000010100010011
00000000000000000000000000010011
11111110110001000010011110000011
00000000000001111010000000100011
11111110110001000010011110000011
00000000000001111010010000100011
11111110110001000010011110000011
00000000100001111010011100000011
11111110110001000010011110000011
00000000111001111010001000100011
11111110110001000010011110000011
00000000111100000000010100110011
00000001110000010010000010000011
00000001100000010010010000000011
00000010000000010000000100010011
00000000000000001000000001100111
11111101000000010000000100010011
00000010000100010010011000100011
00000010100000010010010000100011
00000011000000010000010000010011
11111100101001000010111000100011
11111101110001000010011110000011
00000000010001111010011110000011
11111110111101000010011000100011
00000010000000000000000001101111
11111110110001000010011110000011
00000000010001111010011110000011
11111110111101000010010000100011
11111110110001000010010100000011
00000000000000000000000000010011
11111110100001000010011110000011
11111110111101000010011000100011
11111110110001000010011110000011
11111110000001111001000011100011
11111101110001000010010100000011
00000000000000000000000000010011
00000000000000000000000000010011
00000010110000010010000010000011
00000010100000010010010000000011
00000011000000010000000100010011
00000000000000001000000001100111
11111101000000010000000100010011
00000010000100010010011000100011
00000010100000010010010000100011
00000011000000010000010000010011
11111100101001000010111000100011
11111100101101000010110000100011
11111101110001000010011110000011
00000000000001111010011110000011
00000000000101111000011100010011
11111101110001000010011110000011
00000000111001111010000000100011
00000000110000000000010100010011
00000000000000000000000000010011
00000000101000000000011110110011
11111110111101000010011000100011
11111110110001000010011110000011
00000000000101111011011110010011
00001111111101111111011110010011
00000000000001111000011001100011
00000000000100000000010100010011
00000000000000000000000000010011
11111110110001000010011110000011
11111101100001000010011100000011
00000000111001111010000000100011
11111110110001000010011110000011
00000000000001111010001000100011
11111101110001000010011110000011
00000000100001111010011100000011
11111110110001000010011110000011
00000000111001111010010000100011
11111101110001000010011110000011
00000000100001111010011110000011
00000000000001111000101001100011
11111101110001000010011110000011
00000000100001111010011110000011
11111110110001000010011100000011
00000000111001111010001000100011
11111101110001000010011110000011
00000000010001111010011110000011
00000000000001111001100001100011
11111101110001000010011110000011
11111110110001000010011100000011
00000000111001111010001000100011
11111101110001000010011110000011
11111110110001000010011100000011
00000000111001111010010000100011
00000000000000000000000000010011
00000010110000010010000010000011
00000010100000010010010000000011
00000011000000010000000100010011
00000000000000001000000001100111
11111101000000010000000100010011
00000010000100010010011000100011
00000010100000010010010000100011
00000011000000010000010000010011
11111100101001000010111000100011
11111110000001000010011000100011
11111101110001000010011110000011
00000000100001111010011110000011
11111110111101000010010000100011
11111110100001000010011110000011
00000110000001111000101001100011
11111101110001000010011110000011
00000000000001111010011110000011
11111111111101111000011100010011
11111101110001000010011110000011
00000000111001111010000000100011
11111101110001000010011110000011
00000000100001111010011110000011
00000000100001111010011110000011
00000010000001111000001001100011
11111110100001000010011110000011
00000000100001111010011100000011
11111101110001000010011110000011
00000000111001111010010000100011
11111101110001000010011110000011
00000000100001111010011110000011
00000000000001111010001000100011
00000001110000000000000001101111
11111101110001000010011110000011
00000000000001111010010000100011
11111101110001000010011110000011
00000000100001111010011100000011
11111101110001000010011110000011
00000000111001111010001000100011
11111110100001000010011110000011
00000000000001111010011110000011
11111110111101000010011000100011
11111110100001000010010100000011
00000000000000000000000000010011
11111110110001000010011110000011
00000000111100000000010100110011
00000010110000010010000010000011
00000010100000010010010000000011
00000011000000010000000100010011
00000000000000001000000001100111
11111101000000010000000100010011
00000010000100010010011000100011
00000010100000010010010000100011
00000011000000010000010000010011
11111100101001000010111000100011
11111100101101000010110000100011
11111101110001000010011110000011
00000000000001111010011110000011
00000000000101111000011100010011
11111101110001000010011110000011
00000000111001111010000000100011
00000000110000000000010100010011
00000000000000000000000000010011
00000000101000000000011110110011
11111110111101000010011000100011
11111110110001000010011110000011
00000000000101111011011110010011
00001111111101111111011110010011
00000000000001111000011001100011
00000000000100000000010100010011
00000000000000000000000000010011
11111110110001000010011110000011
11111101100001000010011100000011
00000000111001111010000000100011
11111110110001000010011110000011
00000000000001111010010000100011
11111101110001000010011110000011
00000000010001111010011110000011
00000010000001111000001001100011
11111101110001000010011110000011
00000000010001111010011100000011
11111110110001000010011110000011
00000000111001111010001000100011
11111101110001000010011110000011
00000000010001111010011110000011
11111110110001000010011100000011
00000000111001111010010000100011
11111101110001000010011110000011
11111110110001000010011100000011
00000000111001111010001000100011
11111101110001000010011110000011
00000000100001111010011110000011
00000000000001111001100001100011
11111101110001000010011110000011
11111110110001000010011100000011
00000000111001111010010000100011
00000000000000000000000000010011
00000010110000010010000010000011
00000010100000010010010000000011
00000011000000010000000100010011
00000000000000001000000001100111
11111101000000010000000100010011
00000010000100010010011000100011
00000010100000010010010000100011
00000011000000010000010000010011
11111100101001000010111000100011
11111101110001000010011110000011
00000000010001111010011110000011
11111110111101000010010000100011
11111110000001000010011000100011
11111101110001000010011110000011
00000000010001111010011110000011
00000110000001111000100001100011
11111101110001000010011110000011
00000000000001111010011110000011
11111111111101111000011100010011
11111101110001000010011110000011
00000000111001111010000000100011
11111101110001000010011110000011
00000000010001111010011110000011
00000000010001111010011110000011
00000010000001111000010001100011
11111101110001000010011110000011
00000000010001111010011110000011
00000000010001111010011100000011
11111101110001000010011110000011
00000000111001111010001000100011
11111101110001000010011110000011
00000000010001111010011110000011
00000000000001111010010000100011
00000001010000000000000001101111
11111101110001000010011110000011
00000000000001111010001000100011
11111101110001000010011110000011
00000000000001111010010000100011
11111110100001000010011110000011
00000000000001111010011110000011
11111110111101000010011000100011
11111110100001000010010100000011
00000000000000000000000000010011
11111110110001000010011110000011
00000000111100000000010100110011
00000010110000010010000010000011
00000010100000010010010000000011
00000011000000010000000100010011
00000000000000001000000001100111
11111110000000010000000100010011
00000000100000010010111000100011
00000010000000010000010000010011
11111110101001000010011000100011
11111110110001000010011110000011
00000000100001111010011110000011
00000000111100000011011110110011
00001111111101111111011110010011
00000000000001111000101001100011
11111110110001000010011110000011
00000000100001111010011110000011
00000000000001111010011110000011
00000000100000000000000001101111
00000000000000000000011110010011
00000000111100000000010100110011
00000001110000010010010000000011
00000010000000010000000100010011
00000000000000001000000001100111
11111110000000010000000100010011
00000000100000010010111000100011
00000010000000010000010000010011
11111110101001000010011000100011
11111110110001000010011110000011
00000000010001111010011110000011
00000000111100000011011110110011
00001111111101111111011110010011
00000000000001111000101001100011
11111110110001000010011110000011
00000000010001111010011110000011
00000000000001111010011110000011
00000000100000000000000001101111
00000000000000000000011110010011
00000000111100000000010100110011
00000001110000010010010000000011
00000010000000010000000100010011
00000000000000001000000001100111
11111101000000010000000100010011
00000010000100010010011000100011
00000010100000010010010000100011
00000011000000010000010000010011
11111100101001000010111000100011
11111100101101000010110000100011
11111100110001000010101000100011
11111101110001000010011110000011
00000000010001111010011110000011
11111110111101000010011000100011
00000011000000000000000001101111
11111110110001000010011110000011
00000000000001111010011110000011
11111101100001000010011100000011
11111101010001000010010110000011
00000000111100000000010100110011
00000000000001110000000011100111
00000000101000000000011110110011
00000000000001111001111001100011
11111110110001000010011110000011
00000000010001111010011110000011
11111110111101000010011000100011
11111110110001000010011110000011
11111100000001111001100011100011
00000000100000000000000001101111
00000000000000000000000000010011
00000000000000000000000000010011
00000010110000010010000010000011
00000010100000010010010000000011
00000011000000010000000100010011
00000000000000001000000001100111
