11111110000000010000000100010011
00000000000100010010111000100011
00000000100000010010110000100011
00000010000000010000010000010011
11111110000001000010010000100011
11111110100001000000011110010011
00000000000000000100011000110111
00000000000001100000011000010011
00000000000000000100010110110111
00000000000001011000010110010011
00000000111100000000010100110011
00000000000000000000000000010011
00000000101000000000011110110011
00000000111100000011011110110011
00001111111101111111011110010011
00000000000001111000011001100011
00000000000100000000010100010011
00000000000000000000000000010011
11111110000001000010011000100011
00000010000000000000000001101111
11111110100001000010011100000011
11111110110001000010011110000011
00000000111101110000011110110011
00000000000001111000000000100011
11111110110001000010011110000011
00000000000101111000011110010011
11111110111101000010011000100011
11111110110001000010011100000011
00011110111100000000011110010011
11111100111001111101111011100011
11111110100001000010011110000011
00000000111100000000010100110011
00000001110000010010000010000011
00000001100000010010010000000011
00000010000000010000000100010011
00000000000000001000000001100111
11111101000000010000000100010011
00000010000100010010011000100011
00000010100000010010010000100011
00000011000000010000010000010011
11111100101001000010111000100011
11111110000001000010011000100011
00000100010000000000000001101111
11111101110001000010011100000011
11111110110001000010011110000011
00000000111101110000011110110011
00000000000001111100011110000011
00000001000001111111011110010011
00000010000001111000000001100011
11111101110001000010011110000011
00100000000001111000011100010011
11111110110001000010011110000011
00000000010101111001011110010011
00000000111101110000011110110011
00000000111100000000010100110011
00000000000000000000000000010011
11111110110001000010011110000011
00000000000101111000011110010011
11111110111101000010011000100011
11111110110001000010011100000011
00011110111100000000011110010011
11111010111001111101110011100011
11111101110001000010010100000011
00000000000000000000000000010011
00000000000000000000000000010011
00000010110000010010000010000011
00000010100000010010010000000011
00000011000000010000000100010011
00000000000000001000000001100111
