11111101000000010000000100010011
00000010100000010010011000100011
00000011000000010000010000010011
11111100101001000010111000100011
11111100101101000010110000100011
11111110000001000010011000100011
11111101110001000010011110000011
11111110111101000010010000100011
11111101110001000010011110000011
00000000000001111001101001100011
11111101100001000010011110000011
00000000000001111000011001100011
00000000000000000000011110010011
00010010000000000000000001101111
11111101100001000010011110000011
00000100000001111101100001100011
00000011110000000000000001101111
11111101110001000010011110000011
00000000000001111100011110000011
00000000111100000000011100110011
00010000000000010000011110110111
00000000000001111000011110010011
00000000111001111000011110110011
00000000000001111100011110000011
00000000111100000000011100110011
11111101110001000010011110000011
00000000111001111000011110110011
11111100111101000010111000100011
11111110110001000010011110000011
00000000000101111000011110010011
11111110111101000010011000100011
11111101110001000010011110000011
00000000000001111100011110000011
11111100000001111001000011100011
00001100100000000000000001101111
11111101100001000010011110000011
00000000000001111000100001100011
11111101110001000010011110000011
00000000000001111100011110000011
00000000000001111001011001100011
00000000000000000000011110010011
00001011000000000000000001101111
11111101110001000010011110000011
00000000000001111100011110000011
00000000111100000000011100110011
00010000000000010000011110110111
00000000000001111000011110010011
00000000111001111000011110110011
00000000000001111100011110000011
00000000111100000000011100110011
11111101110001000010011110000011
00000000111001111000011110110011
11111100111101000010111000100011
00000011110000000000000001101111
11111101110001000010011110000011
00000000000001111100011110000011
00000000111100000000011100110011
00010000000000010000011110110111
00000000000001111000011110010011
00000000111001111000011110110011
00000000000001111100011110000011
00000000111100000000011100110011
11111101110001000010011110000011
00000000111001111000011110110011
11111100111101000010111000100011
11111110110001000010011110000011
00000000000101111000011110010011
11111110111101000010011000100011
11111101110001000010011100000011
11111110100001000010011110000011
01000000111101110000011110110011
11111101100001000010011100000011
00000000111001111101100001100011
11111101110001000010011110000011
00000000000001111100011110000011
11111010000001111001011011100011
11111101110001000010011100000011
11111110100001000010011110000011
01000000111101110000011110110011
11111101100001000010011100000011
00000000111101110100100001100011
11111110110001000010011110000011
00000000000101111000011110010011
11111110111101000010011000100011
11111110110001000010011110000011
00000000111100000000010100110011
00000010110000010010010000000011
00000011000000010000000100010011
00000000000000001000000001100111
11111101000000010000000100010011
00000010000100010010011000100011
00000010100000010010010000100011
00000011000000010000010000010011
11111100101001000010111000100011
11111100101101000010110000100011
11111100110001000010101000100011
11111101100001000010011110000011
11111110111101000010011000100011
00000011110000000000000001101111
11111110110001000010011110000011
00000000000001111100011110000011
00000000111100000000011100110011
00010000000000010000011110110111
00000000000001111000011110010011
00000000111001111000011110110011
00000000000001111100011110000011
00000000111100000000011100110011
11111110110001000010011110000011
00000000111001111000011110110011
11111110111101000010011000100011
11111101010001000010011110000011
11111111111101111000011110010011
11111100111101000010101000100011
11111101010001000010011110000011
00000000000001111000100001100011
11111110110001000010011110000011
00000000000001111100011110000011
11111010000001111001110011100011
11111110110001000010011100000011
11111101100001000010011110000011
01000000111101110000011110110011
00000000111100000000011000110011
11111101100001000010010110000011
11111101110001000010010100000011
00000000000000000000000000010011
11111110110001000010011100000011
11111101100001000010011110000011
01000000111101110000011110110011
00000000111100000000011100110011
11111101110001000010011110000011
00000000111001111000011110110011
00000000000001111000000000100011
11111101110001000010011110000011
00000000111100000000010100110011
00000010110000010010000010000011
00000010100000010010010000000011
00000011000000010000000100010011
00000000000000001000000001100111
11111101000000010000000100010011
00000010000100010010011000100011
00000010100000010010010000100011
00000011000000010000010000010011
11111100101001000010111000100011
11111100101101000010110000100011
11111100110001000010101000100011
11111101100001000010011110000011
00000000000101111000011100010011
11111100111001000010110000100011
00000000000001111100011110000011
11111110111101000000011110100011
11111110111101000100011110000011
00001000000001111000010001100011
11111101100001000010010100000011
00000000000000000000000000010011
11111110101001000010010000100011
11111101010001000010011110000011
11111111111101111000011100010011
11111100111001000010101000100011
00000010000001111000000001100011
11111101110001000010011110000011
00000000000101111000011100010011
11111100111001000010111000100011
00000000000001111100011110000011
11111110111101000000001110100011
11111110011101000100011110000011
00000000000001111001011001100011
00000000000000000000011110010011
00000100110000000000000001101111
11111110011101000100011100000011
11111110111101000100011110000011
11111100111101110001001011100011
11111110100001000010011100000011
11111101010001000010011110000011
00000000111001111111011001100011
00000000000000000000011110010011
00000010110000000000000001101111
11111110100001000010011000000011
11111101100001000010010110000011
11111101110001000010010100000011
00000000000000000000000000010011
00000000101000000000011110110011
11111000000001111001110011100011
11111101110001000010011110000011
11111111111101111000011110010011
11111100111101000010111000100011
11111101110001000010011110000011
00000000111100000000010100110011
00000010110000010010000010000011
00000010100000010010010000000011
00000011000000010000000100010011
00000000000000001000000001100111
11111101000000010000000100010011
00000010000100010010011000100011
00000010100000010010010000100011
00000011000000010000010000010011
11111100101001000010111000100011
11111100101101000010110000100011
11111100110001000010101000100011
11111110100001000000011110010011
00000000111100000000010110110011
11111101010001000010010100000011
00000000000000000000000000010011
00000000101000000000011110110011
11111111000001000000011100010011
00000000111101110000011110110011
11111110000001111000110000100011
11111101100001000010011100000011
11111110100001000000011110010011
00000000111000000000011000110011
00000000111100000000010110110011
11111101110001000010010100000011
00000000000000000000000000010011
00000000101000000000011110110011
00000000111100000000010100110011
00000010110000010010000010000011
00000010100000010010010000000011
00000011000000010000000100010011
00000000000000001000000001100111
11111101000000010000000100010011
00000010100000010010011000100011
00000011000000010000010000010011
11111100101001000010111000100011
11111100101101000010110000100011
11111110000001000010011000100011
11111101110001000010011100000011
00000111111100000000011110010011
00000000111001111110101001100011
11111110000001000010010000100011
00000000000100000000011110010011
11111110111101000010011000100011
00001010000000000000000001101111
11111101110001000010011100000011
01111111111100000000011110010011
00000000111001111110110001100011
00001100000000000000011110010011
11111110111101000010010000100011
00000000001000000000011110010011
11111110111101000010011000100011
00001000000000000000000001101111
11111101110001000010011100000011
00000000000000010000011110110111
00000000000001111000011110010011
00000000111101110111110001100011
00001110000000000000011110010011
11111110111101000010010000100011
00000000001100000000011110010011
11111110111101000010011000100011
00000101110000000000000001101111
11111101110001000010011100000011
00000000001000000000011110110111
00000000000001111000011110010011
00000000111101110111110001100011
00001111000000000000011110010011
11111110111101000010010000100011
00000000010000000000011110010011
11111110111101000010011000100011
00000011100000000000000001101111
11111101110001000010011100000011
00000100000000000000011110110111
00000000000001111000011110010011
00000000111101110111110001100011
00001111100000000000011110010011
11111110111101000010010000100011
00000000010100000000011110010011
11111110111101000010011000100011
00000001010000000000000001101111
00001111110000000000011110010011
11111110111101000010010000100011
00000000011000000000011110010011
11111110111101000010011000100011
11111101100001000010011110000011
00000110000001111000111001100011
11111110110001000010011110000011
11111111111101111000011110010011
11111110111101000010001000100011
00000100010000000000000001101111
11111101110001000010011110000011
00001111111101111111011110010011
00000011111101111111011110010011
00001111111101111111011100010011
11111110010001000010011110000011
11111101100001000010011010000011
00000000111101101000011110110011
11111000000001110110011100010011
00001111111101110111011100010011
00000000111001111000000000100011
11111101110001000010011110000011
00000000011001111101011110010011
11111100111101000010111000100011
11111110010001000010011110000011
11111111111101111000011110010011
11111110111101000010001000100011
11111110010001000010011110000011
11111010111100000100111011100011
11111101110001000010011110000011
00001111111101111111011100010011
11111110100001000010011110000011
00001111111101111111011110010011
00000000111101110110011110110011
00001111111101111111011100010011
11111101100001000010011110000011
00000000111001111000000000100011
11111110110001000010011110000011
00000000111100000000010100110011
00000010110000010010010000000011
00000011000000010000000100010011
00000000000000001000000001100111
11111101000000010000000100010011
00000010000100010010011000100011
00000010100000010010010000100011
00000011000000010000010000010011
11111100101001000010111000100011
11111100101101000010110000100011
11111100110001000010101000100011
11111101100001000010010110000011
11111101110001000010010100000011
00000000000000000000000000010011
11111110101001000010011000100011
11111101010001000010010110000011
11111101110001000010010100000011
00000000000000000000000000010011
11111110101001000010010000100011
11111110100001000010011100000011
11111110110001000010011110000011
01000000111101110000011110110011
00000000000101111000011110010011
00000000111100000000010100110011
00000000000000000000000000010011
00000000101000000000011110110011
11111110111101000010001000100011
11111110010001000010011110000011
00000000000001111001011001100011
00000000000000000000011110010011
00000100000000000000000001101111
11111110100001000010011100000011
11111110110001000010011110000011
01000000111101110000011110110011
00000000111100000000011000110011
11111110110001000010010110000011
11111110010001000010010100000011
00000000000000000000000000010011
11111110100001000010011100000011
11111110110001000010011110000011
01000000111101110000011110110011
00000000111100000000011100110011
11111110010001000010011110000011
00000000111001111000011110110011
00000000000001111000000000100011
11111110010001000010011110000011
00000000111100000000010100110011
00000010110000010010000010000011
00000010100000010010010000000011
00000011000000010000000100010011
00000000000000001000000001100111
11111101000000010000000100010011
00000010000100010010011000100011
00000010100000010010010000100011
00000011000000010000010000010011
11111100101001000010111000100011
11111100101101000010110000100011
11111101110001000010011110000011
11111110111101000010011000100011
11111101100001000010011110000011
00001010111100000101000001100011
00000011000000000000000001101111
11111110110001000010011110000011
00000000000001111100011110000011
00000000111100000000011100110011
00010000000000010000011110110111
00000000000001111000011110010011
00000000111001111000011110110011
00000000000001111100011110000011
00000000111100000000011100110011
11111110110001000010011110000011
00000000111001111000011110110011
11111110111101000010011000100011
11111101100001000010011110000011
11111111111101111000011100010011
11111100111001000010110000100011
11111100000001111001010011100011
00000110010000000000000001101111
11111110110001000010011110000011
11111110111101000010010000100011
11111101100001000010011110000011
11111110110001000010011100000011
00000000111101110000011110110011
11111110111101000010011000100011
00000001000000000000000001101111
11111110100001000010011110000011
11111111111101111000011110010011
11111110111101000010010000100011
11111110110001000010011110000011
00000000000001111100011110000011
00001100000001111111011100010011
00001000000000000000011110010011
11111110111101110000001011100011
11111110100001000010010110000011
11111110110001000010010100000011
00000000000000000000000000010011
00000000101000000000011100110011
11111101100001000010011110000011
00000000111001111000011110110011
11111100111101000010110000100011
11111101100001000010011110000011
11111010000001111001001011100011
11111110110001000010011110000011
00000000111100000000010100110011
00000010110000010010000010000011
00000010100000010010010000000011
00000011000000010000000100010011
00000000000000001000000001100111
11111101000000010000000100010011
00000010000100010010011000100011
00000010100000010010010000100011
00000011000000010000010000010011
11111100101001000010111000100011
11111100101101000010110000100011
11111101110001000010011110000011
11111110111101000010011000100011
11111110000001000010010000100011
11111101100001000010011100000011
11111101110001000010011110000011
00000100111101110111110001100011
11111101110001000010010110000011
11111101100001000010010100000011
00000000000000000000000000010011
00000000101000000000011110110011
01000000111100000000011110110011
11111110111101000010010000100011
00000100100000000000000001101111
11111110110001000010011110000011
00000000000001111100011110000011
00000000111100000000011100110011
00010000000000010000011110110111
00000000000001111000011110010011
00000000111001111000011110110011
00000000000001111100011110000011
00000000111100000000011100110011
11111110110001000010011110000011
00000000111001111000011110110011
11111110111101000010011000100011
11111110100001000010011110000011
00000000000101111000011110010011
11111110111101000010010000100011
11111110110001000010011100000011
11111101100001000010011110000011
11111100111101110110000011100011
11111110100001000010011110000011
00000000111100000000010100110011
00000010110000010010000010000011
00000010100000010010010000000011
00000011000000010000000100010011
00000000000000001000000001100111
11111110000000010000000100010011
00000000100000010010111000100011
00000010000000010000010000010011
11111110101001000010011000100011
11111110101101000010010000100011
11111110110001000010011100000011
11111110100001000010011110000011
00000000111101110001011001100011
00000000000000000000011110010011
00001010000000000000000001101111
11111110110001000010011110000011
00000000000001111100011110000011
00000110000001111000111001100011
11111110100001000010011110000011
00000100000001111000001001100011
11111110110001000010011110000011
00000000000101111000011110010011
11111110111101000010011000100011
00000001000000000000000001101111
11111110110001000010011110000011
00000000000101111000011110010011
11111110111101000010011000100011
11111110110001000010011100000011
11111110100001000010011110000011
00000100111101110111011001100011
11111110110001000010011110000011
00000000000001111100011110000011
00001100000001111111011100010011
00001000000000000000011110010011
11111100111101110000110011100011
00000011010000000000000001101111
11111110110001000010011110000011
00000000000101111000011110010011
11111110111101000010011000100011
00000001000000000000000001101111
11111110110001000010011110000011
00000000000101111000011110010011
11111110111101000010011000100011
11111110110001000010011110000011
00000000000001111100011110000011
00001100000001111111011100010011
00001000000000000000011110010011
11111110111101110000001011100011
11111110110001000010011100000011
11111110100001000010011110000011
00000000111101110000011001100011
11111110110001000010011110000011
00000000100000000000000001101111
00000000000000000000011110010011
00000000111100000000010100110011
00000001110000010010010000000011
00000010000000010000000100010011
00000000000000001000000001100111
