11111110000000010000000100010011
00000000000100010010111000100011
00000000100000010010110000100011
00000010000000010000010000010011
11111110101001000010011000100011
11111110101101000010010000100011
11111110110001000010011110000011
00001111010001111000011110010011
00000000111100000000011000110011
00001000000000000000010110010011
11111110100001000010010100000011
00000000000000000000000000010011
11111110110001000010011110000011
00000000111100000000011000110011
00001000000000000000010110010011
11111110100001000010010100000011
00000000000000000000000000010011
00000000000000000000000000010011
00000001110000010010000010000011
00000001100000010010010000000011
00000010000000010000000100010011
00000000000000001000000001100111
11111110000000010000000100010011
00000000000100010010111000100011
00000000100000010010110000100011
00000010000000010000010000010011
11111110101001000010011000100011
11111110101101000010010000100011
00011110100000000000010110010011
11111110110001000010010100000011
00000000000000000000000000010011
00000000101000000000011110110011
00000000000101111100011110010011
00001111111101111111011110010011
00000000000001111000011001100011
00000000000000000000011110010011
00000001110000000000000001101111
11111110110001000010011110000011
00000000000001111010011110000011
11111110100001000010010110000011
00000000111100000000010100110011
00000000000000000000000000010011
00000000000100000000011110010011
00000000111100000000010100110011
00000001110000010010000010000011
00000001100000010010010000000011
00000010000000010000000100010011
00000000000000001000000001100111
11111101000000010000000100010011
00000010000100010010011000100011
00000010100000010010010000100011
00000011000000010000010000010011
11111100101001000010111000100011
11111100101101000010110000100011
11111100110001000010101000100011
11111110000001000010011000100011
00000100000000000000000001101111
11111110110001000010011110000011
11111101100001000010011100000011
00000000111101110000011010110011
11111110110001000010011110000011
11111101100001000010011100000011
00000000111101110000011100110011
11111101110001000010011110000011
00001111010001111000011110010011
00000000111100000000011000110011
00000000111000000000010110110011
00000000110100000000010100110011
00000000000000000000000000010011
11111110110001000010011110000011
00000001000001111000011110010011
11111110111101000010011000100011
11111110110001000010011100000011
11111101010001000010011110000011
11111010111101110100111011100011
00000000000000000000000000010011
00000000000000000000000000010011
00000010110000010010000010000011
00000010100000010010010000000011
00000011000000010000000100010011
00000000000000001000000001100111
11111101000000010000000100010011
00000010000100010010011000100011
00000010100000010010010000100011
00000011000000010000010000010011
11111100101001000010111000100011
11111100101101000010110000100011
11111100110001000010101000100011
11111110000001000010011000100011
00000011110000000000000001101111
11111110110001000010011110000011
11111101100001000010011100000011
00000000111101110000011010110011
11111110110001000010011110000011
11111101100001000010011100000011
00000000111101110000011110110011
11111101110001000010011100000011
00000000111000000000011000110011
00000000111100000000010110110011
00000000110100000000010100110011
00000000000000000000000000010011
11111110110001000010011110000011
00000001000001111000011110010011
11111110111101000010011000100011
11111110110001000010011100000011
11111101010001000010011110000011
11111100111101110100000011100011
00000000000000000000000000010011
00000000000000000000000000010011
00000010110000010010000010000011
00000010100000010010010000000011
00000011000000010000000100010011
00000000000000001000000001100111
11111110000000010000000100010011
00000000000100010010111000100011
00000000100000010010110000100011
00000010000000010000010000010011
11111110101001000010011000100011
11111110101101000010010000100011
11111110110001000010001000100011
11111110110101000010000000100011
11111110010001000010011000000011
11111110110001000010011010000011
00000000000100000000011110010011
11111110000001000010011100000011
11111110100001000010010110000011
11111110100001000010010100000011
00000000000000000000000000010011
00000000000000000000000000010011
00000001110000010010000010000011
00000001100000010010010000000011
00000010000000010000000100010011
00000000000000001000000001100111
11111110000000010000000100010011
00000000000100010010111000100011
00000000100000010010110000100011
00000010000000010000010000010011
11111110101001000010011000100011
11111110101101000010010000100011
11111110110001000010001000100011
11111110110101000010000000100011
11111110010001000010011000000011
11111110110001000010011110000011
00001111010001111000011010010011
00000000000000000000011110010011
11111110000001000010011100000011
11111110100001000010010110000011
11111110100001000010010100000011
00000000000000000000000000010011
00000000000000000000000000010011
00000001110000010010000010000011
00000001100000010010010000000011
00000010000000010000000100010011
00000000000000001000000001100111
11111100000000010000000100010011
00000010000100010010111000100011
00000010100000010010110000100011
00000100000000010000010000010011
11111100101001000010111000100011
00000000101100000000011110110011
11111100110001000010101000100011
11111100110101000010100000100011
11111100111001000010011000100011
11111100111101000001110100100011
11111110010001000000011110010011
00010001000000000000010110010011
00000000111100000000010100110011
00000000000000000000000000010011
00000000101000000000011110110011
00000000000101111100011110010011
00001111111101111111011110010011
00010000000001111001001001100011
11111110010001000010011110000011
00000000100001111000011110010011
00000001000000000000011000010011
11111100110001000010010110000011
00000000111100000000010100110011
00000000000000000000000000010011
11111110010001000010011110000011
11111101101001000101011100000011
00000000111001111001000100100011
11111110010001000010011110000011
11111101010001000010011100000011
00000000111001111010001000100011
11111110010001000010011110000011
11111101000001000010011100000011
00000001000001110001011100010011
00000001000001110101011100010011
00000000111001111001000000100011
00000000001000000000011000010011
00010000000000010000011110110111
00000000000001111000010110010011
11111100110001000010010100000011
00000000000000000000000000010011
00000000101000000000011110110011
00000010000001111000000001100011
11111110010001000010011110000011
00000001100001111000011110010011
00000000111100000000011000110011
00001000000000000000010110010011
11111100110001000010010100000011
00000000000000000000000000010011
00000001110000000000000001101111
11111110010001000010011110000011
00000001100001111000011110010011
00001111010000000000011000010011
00000000000000000000010110010011
00000000111100000000010100110011
00000000000000000000000000010011
11111110010001000010011110000011
00010000000001111010011000100011
11111101110001000010011110000011
00000000000001111010011110000011
00000000000001111001101001100011
11111110010001000010011100000011
11111101110001000010011110000011
00000000111001111010000000100011
00000101000000000000000001101111
11111101110001000010011110000011
00000000000001111010011110000011
11111110111101000010010000100011
11111110100001000010011110000011
00010000110001111010011110000011
11111110111101000010011000100011
00000001100000000000000001101111
11111110110001000010011110000011
11111110111101000010010000100011
11111110100001000010011110000011
00010000110001111010011110000011
11111110111101000010011000100011
11111110110001000010011110000011
11111110000001111001010011100011
11111110010001000010011100000011
11111110100001000010011110000011
00010000111001111010011000100011
00000000100000000000000001101111
00000000000000000000000000010011
00000011110000010010000010000011
00000011100000010010010000000011
00000100000000010000000100010011
00000000000000001000000001100111
11111011000000010000000100010011
00000100000100010010011000100011
00000100100000010010010000100011
00000101000000010000010000010011
11111010101001000010111000100011
11111010101101000010110000100011
11111010110001000010101000100011
11111100000001000010000000100011
11111100000001000000011110010011
00000000111100000000011000110011
00010000000000010000011110110111
00000000100001111000010110010011
11111011010001000010010100000011
00000000000000000000000000010011
11111110101001000010000000100011
11111110000001000010010100000011
00000000000000000000000000010011
00000000101000000000011110110011
11111100111101000010111000100011
11111101110001000010011110000011
00011110000001111000000001100011
11111101110001000010011100000011
00000000010000000000011110010011
00011100111001111100101001100011
11111100000001000010011110000011
00000000111100000000010100110011
00000000000000000000000000010011
00000000101000000000011110110011
11111100111101000010111000100011
11111101110001000010011110000011
00011100000001111000000001100011
00000000001000000000010110010011
11111110000001000010010100000011
00000000000000000000000000010011
00000000101000000000011110110011
11111100111101000001110100100011
11111100000001000000011110010011
00000000111100000000011000110011
00010000000000010000011110110111
00000000110001111000010110010011
00000000000000000000010100010011
00000000000000000000000000010011
11111110101001000010000000100011
11111110000001000010010100000011
00000000000000000000000000010011
00000000101000000000011110110011
11111100111101000010111000100011
11111101110001000010011110000011
00011000000001111000000001100011
11111101110001000010011100000011
00000000011000000000011110010011
00010110111001111100101001100011
00000000001100000000010110010011
11111110000001000010010100000011
00000000000000000000000000010011
11111100101001000010101000100011
11111110000001000010010000100011
11111110000001000010001000100011
00001111110000000000000001101111
11111110000001000001011100100011
11111110000001000010010100000011
00000000000000000000000000010011
00000000101000000000011110110011
11111100111101000010111000100011
11111101110001000010011100000011
00000010000000000000011110010011
00000110111101110000101001100011
00000000000100000000010110010011
11111110000001000010010100000011
00000000000000000000000000010011
00000000101000000000011110110011
11111110111101000001011100100011
11111110111001000101011100000011
00001111111100000000011110010011
00000000111101110000011001100011
11111110111001000101011110000011
00000000000001111001100001100011
11111101110001000010011100000011
00000000001000000000011110010011
00000010111001111101010001100011
11111110010001000010011110000011
00000000000101111000011110010011
11111110111101000010001000100011
00010000000000010000011110110111
00000001000001111000010110010011
00010000000000010000011110110111
00000011010001111000010100010011
00000000000000000000000000010011
00001000010000000000000001101111
11111110111001000101011110000011
00000000000001111001101001100011
11111110010001000010011110000011
00000000000101111000011110010011
11111110111101000010001000100011
00000110110000000000000001101111
11111110100001000010011110000011
00000000000101111000011110010011
11111110111101000010010000100011
11111110111001000101011110000011
00000000000001111000111001100011
11111100010001000000011110010011
00000001000000000000011000010011
00001111111100000000010110010011
00000000111100000000010100110011
00000000000000000000000000010011
00000001100000000000000001101111
11111100010001000000011110010011
00000010000000000000011000010011
00000000111100000000010110110011
11111110000001000010010100000011
00000000000000000000000000010011
11111100010001000000011100010011
11111101101001000101011110000011
11111110010001000010011010000011
11111101010001000010011000000011
00000000111100000000010110110011
11111011110001000010010100000011
00000000000000000000000000010011
11111110010001000010011110000011
00000000000101111000011110010011
11111110111101000010001000100011
11111100000001000000011110010011
00000000111100000000011000110011
00010000000000010000011110110111
00000011100001111000010110010011
00000000000000000000010100010011
00000000000000000000000000010011
11111110101001000010000000100011
11111110000001000010011110000011
11101110000001111001010011100011
11111101101001000101011100000011
11111101010001000010011110000011
11111011100001000010011010000011
11111110100001000010011000000011
00010000000000010000010110110111
00000011110001011000010110010011
00010000000000010000010100110111
00000011010001010000010100010011
00000000000000000000000000010011
00000001100000000000000001101111
00000000000000000000000000010011
00000001000000000000000001101111
00000000000000000000000000010011
00000000100000000000000001101111
00000000000000000000000000010011
00000100110000010010000010000011
00000100100000010010010000000011
00000101000000010000000100010011
00000000000000001000000001100111
11111101000000010000000100010011
00000010000100010010011000100011
00000010100000010010010000100011
00000011000000010000010000010011
11111100101001000010111000100011
11111110000001000010010000100011
11111101110001000010011110000011
00000000000001111010011110000011
11111110111101000010011000100011
00000010110000000000000001101111
11111110110001000010011110000011
11111110111101000010010000100011
11111110100001000010011110000011
00010000110001111010011110000011
11111110111101000010011000100011
00001010110100000000011000010011
00010000000000010000011110110111
00000110110001111000010110010011
11111110100001000010010100000011
00000000000000000000000000010011
11111110110001000010011110000011
11111100000001111001101011100011
11111101110001000010011110000011
00000000000001111010000000100011
00000000000000000000000000010011
00000010110000010010000010000011
00000010100000010010010000000011
00000011000000010000000100010011
00000000000000001000000001100111
11111101000000010000000100010011
00000010000100010010011000100011
00000010100000010010010000100011
00000011000000010000010000010011
11111100101001000010111000100011
11111100101101000010110000100011
11111110000001000010010000100011
11111110000001000010001000100011
11111101110001000010011100000011
00000000000000000001011110110111
00000000000001111000011110010011
00000000111101110000011110110011
00110010010001111010011110000011
11111110111101000010000000100011
11111110100001000000011110010011
00000000111100000000011000110011
00010000000000010000011110110111
00001111110001111000010110010011
11111101100001000010010100000011
00000000000000000000000000010011
11111110101001000010011000100011
00000100100000000000000001101111
11111101110001000010011100000011
00000000000000000001011110110111
00000000000001111000011110010011
10011001110001111000011110010011
00000000111101110000011100110011
11111110010001000000011110010011
11111110110001000010011000000011
00000000111000000000010110110011
00000000111100000000010100110011
00000000000000000000000000010011
11111110100001000000011110010011
00000000111100000000011000110011
00010000000000010000011110110111
00001111110001111000010110010011
00000000000000000000010100010011
00000000000000000000000000010011
11111110101001000010011000100011
11111110110001000010011110000011
11111010000001111001110011100011
11111110010001000010011100000011
11111101110001000010011010000011
00000000000000000001011110110111
00000000000001111000011110010011
00000000111101101000011110110011
00110010111001111010001000100011
11111110000001000000011110010011
00000000111100000000010100110011
00000000000000000000000000010011
00000000000000000000000000010011
00000010110000010010000010000011
00000010100000010010010000000011
00000011000000010000000100010011
00000000000000001000000001100111
11111101000000010000000100010011
00000010000100010010011000100011
00000010100000010010010000100011
00000011000000010000010000010011
11111100101001000010111000100011
00000000101100000000011110110011
11111100110001000010101000100011
11111100110101000010100000100011
11111100111101000001110100100011
11111101110001000010011110000011
11111110111101000010011000100011
00000100010000000000000001101111
11111110110001000010011110000011
00000000001001111101011110000011
11111101101001000101011100000011
00000010111101110001010001100011
11111110110001000010011110000011
00000000010001111010011110000011
11111101010001000010011100000011
00000000111101110001110001100011
11111110110001000010011110000011
00000000000001111101011110000011
00000000111100000000011100110011
11111101000001000010011110000011
00000000111001111000111001100011
11111110110001000010011110000011
00010000110001111010011110000011
11111110111101000010011000100011
11111110110001000010011110000011
11111010000001111001111011100011
00000000100000000000000001101111
00000000000000000000000000010011
11111110110001000010011110000011
00000010000001111001101001100011
11111101101001000101011010000011
11111101000001000010100000000011
11111101010001000010011110000011
11111101010001000010011100000011
11111101000001000010011000000011
00010000000000010000010110110111
00010000000001011000010110010011
00010000000000010000010100110111
00000011010001010000010100010011
00000000000000000000000000010011
00000000000000000000011110010011
00000000100000000000000001101111
11111110110001000010011110000011
00000000111100000000010100110011
00000010110000010010000010000011
00000010100000010010010000000011
00000011000000010000000100010011
00000000000000001000000001100111
11101101000000010000000100010011
00010010000100010010011000100011
00010010100000010010010000100011
00010011000000010000010000010011
11101110101001000010011000100011
11101110110001000010001000100011
11101110110101000010000000100011
11101100111001000010111000100011
11101100111101000010110000100011
00000000101100000000011110110011
11101110111101000001010100100011
11101110101001000101011110000011
11101110000001000010011010000011
11101110010001000010011000000011
00000000111100000000010110110011
11101110110001000010010100000011
00000000000000000000000000010011
11111110101001000010010000100011
11111110100001000010011110000011
00000000000001111001011001100011
00000000000000000000011110010011
00001001100000000000000001101111
11101111010001000000011110010011
00001111010000000000011000010011
00000000000000000000010110010011
00000000111100000000010100110011
00000000000000000000000000010011
11111110100001000010011110000011
00000001100001111000011110010011
11101111010001000000011100010011
00001111010000000000011000010011
00000000111000000000010110110011
00000000111100000000010100110011
00000000000000000000000000010011
00000000101000000000011110110011
00000000000001111001011001100011
00000000000100000000011110010011
00000101100000000000000001101111
11111110000001000010011000100011
00000100000000000000000001101111
11111110110001000010011110000011
11101101110001000010011100000011
00000000111101110000011010110011
11111110110001000010011110000011
11101101110001000010011100000011
00000000111101110000011100110011
11111110100001000010011110000011
00000001100001111000011110010011
00000000111100000000011000110011
00000000111000000000010110110011
00000000110100000000010100110011
00000000000000000000000000010011
11111110110001000010011110000011
00000001000001111000011110010011
11111110111101000010011000100011
11111110110001000010011100000011
11101101100001000010011110000011
11111010111101110100111011100011
00000000000100000000011110010011
00000000111100000000010100110011
00010010110000010010000010000011
00010010100000010010010000000011
00010011000000010000000100010011
00000000000000001000000001100111
11111110000000010000000100010011
00000000000100010010111000100011
00000000100000010010110000100011
00000010000000010000010000010011
11111110101001000010011000100011
00000000101100000000011110110011
11111110110001000010001000100011
11111110110101000010000000100011
11111110111101000001010100100011
11111110101001000101011110000011
11111110000001000010011010000011
11111110010001000010011000000011
00000000111100000000010110110011
11111110110001000010010100000011
00000000000000000000000000010011
00000000101000000000011110110011
00000000111100000011011110110011
00001111111101111111011110010011
00000000111100000000010100110011
00000001110000010010000010000011
00000001100000010010010000000011
00000010000000010000000100010011
00000000000000001000000001100111
