10111101000000010000000100010011
01000010000100010010011000100011
01000010100000010010010000100011
01000011000000010000010000010011
10111100101001000010111000100011
10111100101101000010110000100011
00000000110000000000011110110011
10111100110101000010100000100011
10111100111101000000101110100011
00000000111000000000011110110011
10111100111101000000101100100011
00100000000000000000011000010011
00000000000000000000010110010011
10111101100001000010010100000011
00000000000000000000000000010011
10111101100001000010011110000011
11111101110000000000011100010011
00000000111001111000000000100011
10111101100001000010011110000011
00000000000101111000011110010011
10111101011101000100011100000011
00000000111001111000000000100011
10111101100001000010011110000011
00000000001001111000011110010011
00000000000001111000000000100011
10111101100001000010011110000011
00000000001101111000011110010011
00000000000001111000000000100011
10111101100001000010011110000011
00000000010001111000011110010011
10111101011001000100011100000011
00000000111001111000000000100011
10111101000001000010011110000011
00000010000001111000010001100011
10111101011001000100011110000011
00000010000001111000000001100011
10111101100001000010011110000011
00000000010101111000011110010011
10111101011001000100011100000011
00000000111000000000011000110011
10111101000001000010010110000011
00000000111100000000010100110011
00000000000000000000000000010011
10111101000001000010011110000011
00000000000001111000100001100011
10111101011001000100011110000011
00000000010101111000011110010011
00000000100000000000000001101111
00000000010100000000011110010011
11111110111101000010011000100011
11111110110001000010011110000011
00000000111100000000010100110011
01000010110000010010000010000011
01000010100000010010010000000011
01000011000000010000000100010011
00000000000000001000000001100111
10011100000000010000000100010011
01100010000100010010111000100011
01100010100000010010110000100011
01100100000000010000010000010011
10011100101001000010111000100011
10011100110001000010101000100011
10011100111001000010100000100011
10011100111101000010011000100011
00000000101100000000011110110011
10011100111101000000110110100011
00000000110100000000011110110011
10011100111101000000110100100011
10011101110001000010011100000011
00000000000000000001011110110111
00000000000001111000011110010011
00000000111101110000011110110011
00000111010001111010011110000011
11111110111101000010011000100011
11111110110001000010011110000011
00000000000001111100011100000011
10011101101101000100011110000011
00000000111101110000011110110011
00001111111101111111011000010011
10011101101001000100011100000011
11011110010001000000011110010011
10011101010001000010011010000011
00000000111100000000010110110011
10011101110001000010010100000011
00000000000000000000000000010011
00000000101000000000011110110011
00000000111100000000011000110011
11011110010001000000011110010011
10011100110001000010011100000011
10011101000001000010011010000011
00000000111100000000010110110011
10011101110001000010010100000011
00000000000000000000000000010011
11111110101001000010001000100011
11111110010001000010011110000011
00000000000001111001101001100011
10011100110001000010011110000011
00000000000001111101011100000011
00000000000100000000011110010011
00000000111001111110011001100011
00000000000000000000011110010011
00010010000000000000000001101111
10011101000001000010011110000011
00000000000001111100011100000011
00001001000000000000011110010011
00000000111101110000011001100011
00000000000000000000011110010011
00010000100000000000000001101111
10011101000001000010011110000011
00000000000101111000011110010011
00000000000001111100011110000011
00000000000001111001011001100011
00000000000100000000011110010011
00001111000000000000000001101111
00000000001000000000011110010011
11111110111101000000010110100011
11111110110001000010011110000011
00000000000001111100011100000011
00000001000000000000011110010011
00000010111001111111000001100011
11111110110001000010011110000011
00000000000001111100011100000011
11111110101101000100011110000011
00000000111101110000011110110011
00001111111101111111011110010011
11111111000001111000011110010011
11111110111101000000010110100011
10011101000001000010011110000011
00000000000101111000011110010011
00000000000001111100011100000011
11111110101101000100011000000011
11011110010001000000011110010011
00000000000000000000011010010011
00000000111100000000010110110011
10011101110001000010010100000011
00000000000000000000000000010011
00000000101000000000011110110011
00000000111100000000011000110011
11011110010001000000011110010011
10011100110001000010011100000011
10011101000001000010011010000011
00000000111100000000010110110011
10011101110001000010010100000011
00000000000000000000000000010011
11111110101001000010001000100011
11111110010001000010011110000011
00000000000001111001101001100011
10011100110001000010011110000011
00000000000001111101011100000011
00000000000100000000011110010011
00000000111001111110011001100011
00000000000000000000011110010011
00000101010000000000000001101111
10011100110001000010011110000011
00000000000001111101011110000011
11111111111001111000011110010011
10011101000001000010011100000011
00000000111101110000011110110011
00000000000001111100011100000011
00001001000000000000011110010011
00000000111101110000011001100011
00000000000000000000011110010011
00000010110000000000000001101111
10011100110001000010011110000011
00000000000001111101011110000011
11111111111101111000011110010011
10011101000001000010011100000011
00000000111101110000011110110011
00000000000001111100011110000011
00000000000001111000011001100011
00000000000000000000011110010011
00000000100000000000000001101111
00000000000100000000011110010011
00000000111100000000010100110011
01100011110000010010000010000011
01100011100000010010010000000011
01100100000000010000000100010011
00000000000000001000000001100111
11011000000000010000000100010011
00100110000100010010111000100011
00100110100000010010110000100011
00101000000000010000010000010011
11011000101001000010111000100011
11011000101101000010110000100011
11111100010001000000011110010011
00000010000100000000011000010011
00000000000000000000010110010011
00000000111100000000010100110011
00000000000000000000000000010011
11111100000001000000011100010011
11111100010001000000011110010011
00000000111000000000011000110011
00000000111100000000010110110011
11011001100001000010010100000011
00000000000000000000000000010011
11011100000001000000011110010011
00100000000000000000011000010011
00000000000000000000010110010011
00000000111100000000010100110011
00000000000000000000000000010011
11111100000001000010011100000011
00000000100100000000011110010011
00000000111001111110011001100011
00000000000000000000011110010011
01101001100000000000000001101111
11111100010001000100011100000011
00000011101100000000011110010011
00000010111101110001001001100011
11111100010101000100011100000011
00000000100000000000011110010011
00000000111101110001110001100011
11111100011101000100011100000011
00000000000100000000011110010011
00000000111101110001011001100011
11111100110101000100011110000011
00000000000001111000011001100011
00000000000000000000011110010011
01100110010000000000000001101111
11011001110001000010011100000011
00000000000000000001011110110111
00000000000001111000011110010011
00000111010001111000011110010011
00000000111101110000011110110011
00000000000100000000010110010011
00000000111100000000010100110011
00000000000000000000000000010011
00000000101000000000011110110011
00000000000101111100011110010011
00001111111101111111011110010011
00000000000001111000011001100011
00000000000000000000011110010011
01100010110000000000000001101111
11011001110001000010011100000011
00000000000000000001011110110111
00000000000001111000011110010011
00000000111101110000011110110011
00000111010001111010011110000011
11111110111101000010010000100011
11011001110001000010011100000011
00000000000000000001011110110111
00000000000001111000011110010011
00000000111101110000011110110011
00000000000100000000011100010011
11001100111001111010110000100011
11011001110001000010011100000011
00000000000000000001011110110111
00000000000001111000011110010011
11011101110001111000011110010011
00000000111101110000011110110011
00001000000000000000011000010011
00000000000000000000010110010011
00000000111100000000010100110011
00000000000000000000000000010011
11011001110001000010011100000011
00000000000000000001011110110111
00000000000001111000011110010011
11001101110001111000011110010011
00000000111101110000011110110011
00010000000000000000011000010011
00000000000000000000010110010011
00000000111100000000010100110011
00000000000000000000000000010011
11011001110001000010011100000011
00000000000000000001011110110111
00000000000001111000011110010011
11001101000001111000011110010011
00000000111101110000011110110011
00000000100000000000011000010011
00000000000000000000010110010011
00000000111100000000010100110011
00000000000000000000000000010011
11111100011001000100011110000011
00000001000001111001011100010011
01000001000001110101011100010011
00000000000000000101011110110111
00000000000001111000011110010011
01010000000001111000011110010011
00000000111101110110011110110011
00000001000001111001011110010011
01000001000001111101011110010011
00000001000001111001011100010011
00000001000001110101011100010011
11011001110001000010011010000011
00000000000000000001011110110111
00000000000001111000011110010011
00000000111101101000011110110011
11100100111001111001111100100011
11011001110001000010011100000011
00000000000000000001011110110111
00000000000001111000011110010011
11001101000001111000011110010011
00000000111101110000011100110011
11111100010001000000011110010011
00000000010001111000011110010011
00000000010000000000011000010011
00000000111100000000010110110011
00000000111000000000010100110011
00000000000000000000000000010011
11111100110001000100011100000011
11111110100001000010011110000011
00000000111001111000000000100011
11111110100001000010011110000011
00000000000001111100011110000011
00000000111100000000011000110011
11011001110001000010011100000011
00000000000000000001011110110111
00000000000001111000011110010011
00000000111101110000011110110011
11100101111001111101011110000011
00000000111100000000011010110011
11011001110001000010011100000011
00000000000000000001011110110111
00000000000001111000011110010011
00000000111101110000011110110011
11001101000001111100011110000011
00000000111100000000010110110011
11011001110001000010011100000011
00000000000000000001011110110111
00000000000001111000011110010011
00000000111101110000011110110011
11001101000101111100011110000011
00000000111100000000010100110011
11011001110001000010011100000011
00000000000000000001011110110111
00000000000001111000011110010011
00000000111101110000011110110011
11001101001001111100011110000011
00000000111100000000100000110011
11011001110001000010011100000011
00000000000000000001011110110111
00000000000001111000011110010011
00000000111101110000011110110011
11001101001101111100011110000011
00000000111100000000100010110011
00000000101000000000011110110011
00000000101100000000011100110011
00010000000000010000010110110111
00000000000001011000010110010011
11011001110001000010010100000011
00000000000000000000000000010011
11011011111001000000011110010011
11011100000001000000011100010011
00000000000000000000011010010011
00000000000000000000011000010011
00000000000000000000010110010011
11011001110001000010010100000011
00000000000000000000000000010011
00000000101000000000011110110011
00000000000001111000100001100011
11011011111001000101011100000011
00000000000100000000011110010011
00000000111001111110011001100011
00000000000000000000011110010011
01000100010000000000000001101111
11011100001001000100011100000011
11111110100001000010011110000011
00000000111001111000000000100011
11011011111001000000011110010011
11011100000001000000011100010011
00000000000000000000011010010011
00000000000000000000011000010011
00000000001000000000010110010011
11011001110001000010010100000011
00000000000000000000000000010011
00000000101000000000011110110011
00000000000001111000100001100011
11011011111001000101011100000011
00000000010100000000011110010011
00000000111001111110011001100011
00000000000000000000011110010011
01000000000000000000000001101111
11011001110001000010011100000011
00000000000000000001011110110111
00000000000001111000011110010011
11001101000001111000011110010011
00000000111101110000011100110011
11011100000001000000011110010011
00000000001001111000011110010011
00000000010000000000011000010011
00000000111100000000010110110011
00000000111000000000010100110011
00000000000000000000000000010011
11011010110001000000011110010011
00000001000000000000011000010011
00000000000000000000010110010011
00000000111100000000010100110011
00000000000000000000000000010011
11011011111001000000011110010011
11011100000001000000011100010011
00000000000000000000011010010011
00000000000000000000011000010011
00000000010000000000010110010011
11011001110001000010010100000011
00000000000000000000000000010011
00000000101000000000011110110011
00000000000001111000100001100011
11011011111001000101011100000011
00000000110100000000011110010011
00000000111001111110011001100011
00000000000000000000011110010011
00111000100000000000000001101111
11011100000001000000011110010011
00000000001001111000011110010011
11011010110001000000011100010011
00000000110000000000011000010011
00000000111100000000010110110011
00000000111000000000010100110011
00000000000000000000000000010011
11011011111001000000011110010011
11011100000001000000011100010011
00000000000000000000011010010011
00000000000000000000011000010011
00000000011000000000010110010011
11011001110001000010010100000011
00000000000000000000000000010011
00000000101000000000011110110011
00000000000001111000100001100011
11011011111001000101011100000011
00000000001100000000011110010011
00000000111001111110011001100011
00000000000000000000011110010011
00110011010000000000000001101111
11011100001001000100011110000011
00000000100001111001011110010011
00000001000001111001011100010011
01000001000001110101011100010011
11011100001101000100011110000011
00000001000001111001011110010011
01000001000001111101011110010011
00000000111101110110011110110011
00000001000001111001011110010011
01000001000001111101011110010011
00000001000001111001011100010011
00000001000001110101011100010011
11011001110001000010011010000011
00000000000000000001011110110111
00000000000001111000011110010011
00000000111101101000011110110011
11100100111001111001111100100011
11011011111001000000011110010011
11011100000001000000011100010011
00000000000000000000011010010011
00000000000000000000011000010011
00000000100000000000010110010011
11011001110001000010010100000011
00000000000000000000000000010011
00000000101000000000011110110011
00000000000001111000100001100011
11011011111001000101011100000011
00000010111100000000011110010011
00000000111001111110011001100011
00000000000000000000011110010011
00101011100000000000000001101111
00000000000100000000011110010011
11111110111101000010011000100011
00000110010000000000000001101111
11111110110001000010011110000011
00000000010001111001011110010011
00000000011001111000011110010011
11011011111001000101011100000011
00000110111001111101000001100011
11111110110001000010011110000011
11111111111101111000011110010011
00110111010001111000011110010011
00000000001001111001011110010011
11011001110001000010011100000011
00000000111101110000011110110011
00000000110001111000011010010011
11111110110001000010011110000011
00000000010001111001011110010011
00000000001101111000011110010011
11011100000001000000011100010011
00000000111101110000011110110011
00000000010000000000011000010011
00000000111100000000010110110011
00000000110100000000010100110011
00000000000000000000000000010011
11111110110001000010011110000011
00000000000101111000011110010011
11111110111101000010011000100011
11111110110001000010011100000011
00000001111100000000011110010011
11111000111001111101110011100011
00000000100000000000000001101111
00000000000000000000000000010011
11011011111001000000011110010011
11011100000001000000011100010011
00000000000000000000011010010011
00000000000000000000011000010011
00000010001000000000010110010011
11011001110001000010010100000011
00000000000000000000000000010011
00000000101000000000011110110011
00000000000001111000100001100011
11011011111001000101011100000011
00000000000100000000011110010011
00000000111001111110011001100011
00000000000000000000011110010011
00100000000000000000000001101111
11011011111001000000011110010011
11011100000001000000011100010011
00000000000000000000011010010011
00000000000000000000011000010011
00000001000000000000010110010011
11011001110001000010010100000011
00000000000000000000000000010011
00000000101000000000011110110011
00000000000001111000100001100011
11011011111001000101011100000011
00000000000100000000011110010011
00000000111001111110011001100011
00000000000000000000011110010011
00011100100000000000000001101111
11011011111001000000011110010011
11011100000001000000011100010011
00000000000000000000011010010011
00000000000000000000011000010011
00000001010000000000010110010011
11011001110001000010010100000011
00000000000000000000000000010011
00000000101000000000011110110011
00000000000001111000100001100011
11011011111001000101011100000011
00000000000100000000011110010011
00000000111001111110011001100011
00000000000000000000011110010011
00011001000000000000000001101111
11111110000001000010011000100011
00010110100000000000000001101111
11111110110001000010011110000011
00110111010001111000011110010011
00000000001001111001011110010011
11011001110001000010011100000011
00000000111101110000011110110011
00000000110001111000011110010011
00000000010000000000010110010011
00000000111100000000010100110011
00000000000000000000000000010011
00000000101000000000011110110011
00010010000001111000100001100011
11011001110001000010011100000011
00000000000000000001011110110111
00000000000001111000011110010011
00000000111101110000011110110011
11100101111001111101011110000011
00000000111100000000001100110011
11011001110001000010011100000011
00000000000000000001011110110111
00000000000001111000011110010011
00000000111101110000011110110011
11001101000001111100011110000011
00000000111100000000111000110011
11011001110001000010011100000011
00000000000000000001011110110111
00000000000001111000011110010011
00000000111101110000011110110011
11001101000101111100011110000011
00000000111100000000111010110011
11011001110001000010011100000011
00000000000000000001011110110111
00000000000001111000011110010011
00000000111101110000011110110011
11001101001001111100011110000011
00000000111100000000100000110011
11011001110001000010011100000011
00000000000000000001011110110111
00000000000001111000011110010011
00000000111101110000011110110011
11001101001101111100011110000011
00000000111100000000100010110011
11011001110001000010011100000011
11111110110001000010011110000011
00110111010001111000011110010011
00000000001001111001011110010011
00000000111101110000011110110011
00000000110001111100011110000011
00000000111100000000011000110011
11011001110001000010011100000011
11111110110001000010011110000011
00000000001001111001011110010011
00000000111101110000011110110011
00000000000000000001011100110111
00000000000001110000011100010011
00000000111101110000011110110011
11011101110101111100011110000011
00000000111100000000010110110011
11011001110001000010011100000011
11111110110001000010011110000011
00000000001001111001011110010011
00000000111101110000011110110011
00000000000000000001011100110111
00000000000001110000011100010011
00000000111101110000011110110011
11011101111001111100011110000011
00000000111100000000010100110011
11011001110001000010011100000011
11111110110001000010011110000011
00000000001001111001011110010011
00000000111101110000011110110011
00000000000000000001011100110111
00000000000001110000011100010011
00000000111101110000011110110011
11011101111101111100011110000011
11011010110001000000011010010011
00000000111100010010011000100011
00000000101000010010010000100011
00000000101100010010001000100011
00000000110000010010000000100011
00000001110100000000011110110011
00000001110000000000011100110011
00000000011000000000011000110011
00010000000000010000010110110111
00000101110001011000010110010011
11011001110001000010010100000011
00000000000000000000000000010011
11111110110001000010011110000011
00000000000101111000011110010011
11111110111101000010011000100011
11111110110001000010011100000011
00000001111100000000011110010011
11101000111001111101101011100011
00010000000000010000011110110111
00001011100001111000010110010011
11011001110001000010010100000011
00000000000000000000000000010011
00000000000100000000011110010011
00000000111100000000010100110011
00100111110000010010000010000011
00100111100000010010010000000011
00101000000000010000000100010011
00000000000000001000000001100111
11011101000000010000000100010011
00100010000100010010011000100011
00100010100000010010010000100011
00100011000000010000010000010011
11011100101001000010111000100011
11011100101101000010110000100011
11011100110001000010101000100011
11011111000001000000011110010011
00100000000000000000011000010011
00000000000000000000010110010011
00000000111100000000010100110011
00000000000000000000000000010011
11011101100001000010011000000011
11011101100001000010011110000011
00000000001001111100011110000011
00000000001101111000011110010011
00001111111101111111011010010011
11011110111001000000011110010011
11011111000001000000011100010011
00000001011000000000010110010011
11011101110001000010010100000011
00000000000000000000000000010011
00000000101000000000011110110011
00000000000001111000100001100011
11011110111001000101011100000011
00000001011100000000011110010011
00000000111001111110011001100011
00000000000000000000011110010011
00000010100000000000000001101111
11011101010001000010011110000011
00000000111001111000011100010011
11011111000001000000011110010011
00000000100001111000011110010011
00000001000000000000011000010011
00000000111100000000010110110011
00000000111000000000010100110011
00000000000000000000000000010011
00000000000100000000011110010011
00000000111100000000010100110011
00100010110000010010000010000011
00100010100000010010010000000011
00100011000000010000000100010011
00000000000000001000000001100111
11111110000000010000000100010011
00000000000100010010111000100011
00000000100000010010110000100011
00000010000000010000010000010011
11111110101001000010011000100011
11111110101101000010010000100011
11111110110001000010011110000011
01000000100001111000011100010011
11111110110001000010011110000011
00000000001101111000011110010011
00000000010000000000011000010011
00000000111100000000010110110011
00000000111000000000010100110011
00000000000000000000000000010011
11111110110001000010011110000011
00000000000001111100011110000011
11110111111001111000011100010011
00000000000100000000011110010011
00001000111001111110010001100011
11111110110001000010011110000011
01000000100001111000011010010011
11111110100001000010011100000011
00000000000000000001011110110111
00000000000001111000011110010011
11011101110001111000011110010011
00000000111101110000011110110011
00000000010000000000011000010011
00000000111100000000010110110011
00000000110100000000010100110011
00000000000000000000000000010011
00000000101000000000011110110011
00000000000001111001100001100011
11111110110001000010011110000011
00000000001000000000011100010011
01000000111001111000100000100011
11111110110001000010011110000011
01000000100001111000011010010011
11111110100001000010011100000011
00000000000000000001011110110111
00000000000001111000011110010011
11011110000001111000011110010011
00000000111101110000011110110011
00000000010000000000011000010011
00000000111100000000010110110011
00000000110100000000010100110011
00000000000000000000000000010011
00000000101000000000011110110011
00000110000001111001110001100011
11111110110001000010011110000011
00000000000100000000011100010011
01000000111001111000100000100011
00000110100000000000000001101111
11111110110001000010011110000011
01000000000001111000100000100011
11111110110001000010011110000011
00000000000001111100011110000011
00000000111100000000011010110011
11111110110001000010011110000011
00000000001101111100011110000011
00000000111100000000011100110011
11111110110001000010011110000011
00000000010001111100011110000011
00000000111100000000011000110011
11111110110001000010011110000011
00000000010101111100011110000011
00000000111100000000010110110011
11111110110001000010011110000011
00000000011001111100011110000011
00000000111100000000100010110011
00000000101100000000100000110011
00000000110000000000011110110011
00010000000000010000011000110111
00001100110001100000011000010011
00000100000000000000010110010011
11111110100001000010010100000011
00000000000000000000000000010011
00000000100000000000000001101111
00000000000000000000000000010011
00000000000100000000011110010011
00000000111100000000010100110011
00000001110000010010000010000011
00000001100000010010010000000011
00000010000000010000000100010011
00000000000000001000000001100111
11011101000000010000000100010011
00100010000100010010011000100011
00100010100000010010010000100011
00100011000000010000010000010011
11011100101001000010111000100011
11011100101101000010110000100011
11011111000001000000011110010011
00100000000000000000011000010011
00000000000000000000010110010011
00000000111100000000010100110011
00000000000000000000000000010011
11011101100001000010011000000011
11011101100001000010011110000011
00000000001001111100011110000011
00000000001101111000011110010011
00001111111101111111011010010011
11011110111001000000011110010011
11011111000001000000011100010011
00000001001000000000010110010011
11011101110001000010010100000011
00000000000000000000000000010011
00000000101000000000011110110011
00000000000001111000100001100011
11011110111001000101011100000011
00000000000100000000011110010011
00000000111001111110011001100011
00000000000000000000011110010011
00000000100000000000000001101111
00000000000100000000011110010011
00000000111100000000010100110011
00100010110000010010000010000011
00100010100000010010010000000011
00100011000000010000000100010011
00000000000000001000000001100111
11111101000000010000000100010011
00000010000100010010011000100011
00000010100000010010010000100011
00000011000000010000010000010011
11111100101001000010111000100011
11111100101101000010110000100011
11111100110001000010101000100011
11111101100001000010011110000011
00000000000001111010011110000011
00010000000001111001110011100011
00000000010000000000011110010011
11111110111101000010011000100011
11111110110001000010011100000011
00000000111000000000011110110011
00000000010001111001011110010011
00000000111001111000011110110011
00000000000101111001011110010011
00000000111100000000010110110011
11111101100001000010010100000011
00000000000000000000000000010011
00000000101000000000011110110011
00000000000101111100011110010011
00001111111101111111011110010011
00000000000001111000011001100011
00000000000000000000011110010011
00001101110100000000000001101111
11111101100001000010011110000011
00000000000001111010011110000011
11111110111101000010010000100011
11111101010001000010011110000011
00000000000001111010000000100011
11111110000001000010001000100011
11111110010001000010011100000011
00000000111000000000011110110011
00000000010001111001011110010011
00000000111001111000011110110011
00000000000101111001011110010011
00000000111100000000011100110011
11111110100001000010011110000011
00000000111001111000011110110011
00000000001000000000011100010011
00000000111001111000000000100011
11111110010001000010011100000011
00000000111000000000011110110011
00000000010001111001011110010011
00000000111001111000011110110011
00000000000101111001011110010011
00000000111100000000011100110011
11111110100001000010011110000011
00000000111001111000011110110011
00000000000100000000011100010011
00000000111001111000000010100011
11111110010001000010011100000011
00000000111000000000011110110011
00000000010001111001011110010011
00000000111001111000011110110011
00000000000101111001011110010011
00000000111100000000011100110011
11111110100001000010011110000011
00000000111001111000011110110011
11111000001000000000011100010011
00000000111001111000000100100011
11111110010001000010011100000011
00000000111000000000011110110011
00000000010001111001011110010011
00000000111001111000011110110011
00000000000101111001011110010011
00000000111100000000011100110011
11111110100001000010011110000011
00000000111001111000011110110011
11111101110001000010011010000011
00000000000000000001011100110111
00000000000001110000011100010011
00000000111001101000011100110011
11011101110001110100011100000011
00000000111001111000000110100011
11111110010001000010011100000011
00000000111000000000011110110011
00000000010001111001011110010011
00000000111001111000011110110011
00000000000101111001011110010011
00000000111100000000011100110011
11111110100001000010011110000011
00000000111001111000011110110011
11111101110001000010011010000011
00000000000000000001011100110111
00000000000001110000011100010011
00000000111001101000011100110011
11011101110101110100011100000011
00000000111001111000001000100011
11111110010001000010011100000011
00000000111000000000011110110011
00000000010001111001011110010011
00000000111001111000011110110011
00000000000101111001011110010011
00000000111100000000011100110011
11111110100001000010011110000011
00000000111001111000011110110011
11111101110001000010011010000011
00000000000000000001011100110111
00000000000001110000011100010011
00000000111001101000011100110011
11011101111001110100011100000011
00000000111001111000001010100011
11111110010001000010011100000011
00000000111000000000011110110011
00000000010001111001011110010011
00000000111001111000011110110011
00000000000101111001011110010011
00000000111100000000011100110011
11111110100001000010011110000011
00000000111001111000011110110011
11111101110001000010011010000011
00000000000000000001011100110111
00000000000001110000011100010011
00000000111001101000011100110011
11011101111101110100011100000011
00000000111001111000001100100011
11111110010001000010011100000011
00000000111000000000011110110011
00000000010001111001011110010011
00000000111001111000011110110011
00000000000101111001011110010011
00000000111100000000011100110011
11111110100001000010011110000011
00000000111001111000011110110011
11111111111100000000011100010011
00000000111001111000100100100011
11111110010001000010011100000011
00000000111000000000011110110011
00000000010001111001011110010011
00000000111001111000011110110011
00000000000101111001011110010011
00000000111100000000011100110011
11111110100001000010011110000011
00000000111001111000011110110011
11111111111100000000011100010011
00000000111001111000100110100011
11111110010001000010011100000011
00000000111000000000011110110011
00000000010001111001011110010011
00000000111001111000011110110011
00000000000101111001011110010011
00000000111100000000011100110011
11111110100001000010011110000011
00000000111001111000011110110011
11111111111100000000011100010011
00000000111001111000101000100011
11111110010001000010011100000011
00000000111000000000011110110011
00000000010001111001011110010011
00000000111001111000011110110011
00000000000101111001011110010011
00000000111100000000011100110011
11111110100001000010011110000011
00000000111001111000011110110011
11111111111100000000011100010011
00000000111001111000101010100011
11111110010001000010011100000011
00000000111000000000011110110011
00000000010001111001011110010011
00000000111001111000011110110011
00000000000101111001011110010011
00000000111100000000011100110011
11111110100001000010011110000011
00000000111001111000011110110011
11111111111100000000011100010011
00000000111001111000101100100011
11111110010001000010011110000011
00000000000101111000011110010011
11111110111101000010001000100011
11111110010001000010011100000011
00000000111000000000011110110011
00000000010001111001011110010011
00000000111001111000011110110011
00000000000101111001011110010011
00000000111100000000011100110011
11111110100001000010011110000011
00000000111001111000011110110011
00000000001000000000011100010011
00000000111001111000000000100011
11111110010001000010011100000011
00000000111000000000011110110011
00000000010001111001011110010011
00000000111001111000011110110011
00000000000101111001011110010011
00000000111100000000011100110011
11111110100001000010011110000011
00000000111001111000011110110011
00000000000100000000011100010011
00000000111001111000000010100011
11111110010001000010011100000011
00000000111000000000011110110011
00000000010001111001011110010011
00000000111001111000011110110011
00000000000101111001011110010011
00000000111100000000011100110011
11111110100001000010011110000011
00000000111001111000011110110011
11111000001000000000011100010011
00000000111001111000000100100011
11111110010001000010011100000011
00000000111000000000011110110011
00000000010001111001011110010011
00000000111001111000011110110011
00000000000101111001011110010011
00000000111100000000011100110011
11111110100001000010011110000011
00000000111001111000011110110011
11111101110001000010011010000011
00000000000000000001011100110111
00000000000001110000011100010011
00000000111001101000011100110011
11011110000001110100011100000011
00000000111001111000000110100011
11111110010001000010011100000011
00000000111000000000011110110011
00000000010001111001011110010011
00000000111001111000011110110011
00000000000101111001011110010011
00000000111100000000011100110011
11111110100001000010011110000011
00000000111001111000011110110011
11111101110001000010011010000011
00000000000000000001011100110111
00000000000001110000011100010011
00000000111001101000011100110011
11011110000101110100011100000011
00000000111001111000001000100011
11111110010001000010011100000011
00000000111000000000011110110011
00000000010001111001011110010011
00000000111001111000011110110011
00000000000101111001011110010011
00000000111100000000011100110011
11111110100001000010011110000011
00000000111001111000011110110011
11111101110001000010011010000011
00000000000000000001011100110111
00000000000001110000011100010011
00000000111001101000011100110011
11011110001001110100011100000011
00000000111001111000001010100011
11111110010001000010011100000011
00000000111000000000011110110011
00000000010001111001011110010011
00000000111001111000011110110011
00000000000101111001011110010011
00000000111100000000011100110011
11111110100001000010011110000011
00000000111001111000011110110011
11111101110001000010011010000011
00000000000000000001011100110111
00000000000001110000011100010011
00000000111001101000011100110011
11011110001101110100011100000011
00000000111001111000001100100011
11111110010001000010011100000011
00000000111000000000011110110011
00000000010001111001011110010011
00000000111001111000011110110011
00000000000101111001011110010011
00000000111100000000011100110011
11111110100001000010011110000011
00000000111001111000011110110011
11111111111100000000011100010011
00000000111001111000100100100011
11111110010001000010011100000011
00000000111000000000011110110011
00000000010001111001011110010011
00000000111001111000011110110011
00000000000101111001011110010011
00000000111100000000011100110011
11111110100001000010011110000011
00000000111001111000011110110011
11111111111100000000011100010011
00000000111001111000100110100011
11111110010001000010011100000011
00000000111000000000011110110011
00000000010001111001011110010011
00000000111001111000011110110011
00000000000101111001011110010011
00000000111100000000011100110011
11111110100001000010011110000011
00000000111001111000011110110011
11111111111100000000011100010011
00000000111001111000101000100011
11111110010001000010011100000011
00000000111000000000011110110011
00000000010001111001011110010011
00000000111001111000011110110011
00000000000101111001011110010011
00000000111100000000011100110011
11111110100001000010011110000011
00000000111001111000011110110011
11111111111100000000011100010011
00000000111001111000101010100011
11111110010001000010011100000011
00000000111000000000011110110011
00000000010001111001011110010011
00000000111001111000011110110011
00000000000101111001011110010011
00000000111100000000011100110011
11111110100001000010011110000011
00000000111001111000011110110011
11111111111100000000011100010011
00000000111001111000101100100011
11111110010001000010011110000011
00000000000101111000011110010011
11111110111101000010001000100011
11111110010001000010011100000011
00000000111000000000011110110011
00000000010001111001011110010011
00000000111001111000011110110011
00000000000101111001011110010011
00000000111100000000011100110011
11111110100001000010011110000011
00000000111001111000011110110011
00000000000100000000011100010011
00000000111001111000000000100011
11111110010001000010011100000011
00000000111000000000011110110011
00000000010001111001011110010011
00000000111001111000011110110011
00000000000101111001011110010011
00000000111100000000011100110011
11111110100001000010011110000011
00000000111001111000011110110011
00000000000100000000011100010011
00000000111001111000000010100011
11111110010001000010011100000011
00000000111000000000011110110011
00000000010001111001011110010011
00000000111001111000011110110011
00000000000101111001011110010011
00000000111100000000011100110011
11111110100001000010011110000011
00000000111001111000011110110011
11111000001100000000011100010011
00000000111001111000000100100011
11111110010001000010011100000011
00000000111000000000011110110011
00000000010001111001011110010011
00000000111001111000011110110011
00000000000101111001011110010011
00000000111100000000011100110011
11111110100001000010011110000011
00000000111001111000011110110011
11111101110001000010011010000011
00000000000000000001011100110111
00000000000001110000011100010011
00000000111001101000011100110011
11011101110001110100011100000011
00000000111001111000000110100011
11111110010001000010011100000011
00000000111000000000011110110011
00000000010001111001011110010011
00000000111001111000011110110011
00000000000101111001011110010011
00000000111100000000011100110011
11111110100001000010011110000011
00000000111001111000011110110011
11111101110001000010011010000011
00000000000000000001011100110111
00000000000001110000011100010011
00000000111001101000011100110011
11011101110101110100011100000011
00000000111001111000001000100011
11111110010001000010011100000011
00000000111000000000011110110011
00000000010001111001011110010011
00000000111001111000011110110011
00000000000101111001011110010011
00000000111100000000011100110011
11111110100001000010011110000011
00000000111001111000011110110011
11111101110001000010011010000011
00000000000000000001011100110111
00000000000001110000011100010011
00000000111001101000011100110011
11011101111001110100011100000011
00000000111001111000001010100011
11111110010001000010011100000011
00000000111000000000011110110011
00000000010001111001011110010011
00000000111001111000011110110011
00000000000101111001011110010011
00000000111100000000011100110011
11111110100001000010011110000011
00000000111001111000011110110011
11111101110001000010011010000011
00000000000000000001011100110111
00000000000001110000011100010011
00000000111001101000011100110011
11011101111101110100011100000011
00000000111001111000001100100011
11111110010001000010011100000011
00000000111000000000011110110011
00000000010001111001011110010011
00000000111001111000011110110011
00000000000101111001011110010011
00000000111100000000011100110011
11111110100001000010011110000011
00000000111001111000011110110011
11111111000000000000011100010011
00000000111001111000100100100011
11111110010001000010011100000011
00000000111000000000011110110011
00000000010001111001011110010011
00000000111001111000011110110011
00000000000101111001011110010011
00000000111100000000011100110011
11111110100001000010011110000011
00000000111001111000011110110011
11111111111100000000011100010011
00000000111001111000100110100011
11111110010001000010011100000011
00000000111000000000011110110011
00000000010001111001011110010011
00000000111001111000011110110011
00000000000101111001011110010011
00000000111100000000011100110011
11111110100001000010011110000011
00000000111001111000011110110011
11111111111100000000011100010011
00000000111001111000101000100011
11111110010001000010011100000011
00000000111000000000011110110011
00000000010001111001011110010011
00000000111001111000011110110011
00000000000101111001011110010011
00000000111100000000011100110011
11111110100001000010011110000011
00000000111001111000011110110011
11111111111100000000011100010011
00000000111001111000101010100011
11111110010001000010011100000011
00000000111000000000011110110011
00000000010001111001011110010011
00000000111001111000011110110011
00000000000101111001011110010011
00000000111100000000011100110011
11111110100001000010011110000011
00000000111001111000011110110011
11111111111100000000011100010011
00000000111001111000101100100011
11111110010001000010011110000011
00000000000101111000011110010011
11111110111101000010001000100011
11111110010001000010011100000011
00000000111000000000011110110011
00000000010001111001011110010011
00000000111001111000011110110011
00000000000101111001011110010011
00000000111100000000011100110011
11111110100001000010011110000011
00000000111001111000011110110011
00000000000100000000011100010011
00000000111001111000000000100011
11111110010001000010011100000011
00000000111000000000011110110011
00000000010001111001011110010011
00000000111001111000011110110011
00000000000101111001011110010011
00000000111100000000011100110011
11111110100001000010011110000011
00000000111001111000011110110011
00000000000100000000011100010011
00000000111001111000000010100011
11111110010001000010011100000011
00000000111000000000011110110011
00000000010001111001011110010011
00000000111001111000011110110011
00000000000101111001011110010011
00000000111100000000011100110011
11111110100001000010011110000011
00000000111001111000011110110011
11111000001100000000011100010011
00000000111001111000000100100011
11111110010001000010011100000011
00000000111000000000011110110011
00000000010001111001011110010011
00000000111001111000011110110011
00000000000101111001011110010011
00000000111100000000011100110011
11111110100001000010011110000011
00000000111001111000011110110011
11111101110001000010011010000011
00000000000000000001011100110111
00000000000001110000011100010011
00000000111001101000011100110011
11011110000001110100011100000011
00000000111001111000000110100011
11111110010001000010011100000011
00000000111000000000011110110011
00000000010001111001011110010011
00000000111001111000011110110011
00000000000101111001011110010011
00000000111100000000011100110011
11111110100001000010011110000011
00000000111001111000011110110011
11111101110001000010011010000011
00000000000000000001011100110111
00000000000001110000011100010011
00000000111001101000011100110011
11011110000101110100011100000011
00000000111001111000001000100011
11111110010001000010011100000011
00000000111000000000011110110011
00000000010001111001011110010011
00000000111001111000011110110011
00000000000101111001011110010011
00000000111100000000011100110011
11111110100001000010011110000011
00000000111001111000011110110011
11111101110001000010011010000011
00000000000000000001011100110111
00000000000001110000011100010011
00000000111001101000011100110011
11011110001001110100011100000011
00000000111001111000001010100011
11111110010001000010011100000011
00000000111000000000011110110011
00000000010001111001011110010011
00000000111001111000011110110011
00000000000101111001011110010011
00000000111100000000011100110011
11111110100001000010011110000011
00000000111001111000011110110011
11111101110001000010011010000011
00000000000000000001011100110111
00000000000001110000011100010011
00000000111001101000011100110011
11011110001101110100011100000011
00000000111001111000001100100011
11111110010001000010011100000011
00000000111000000000011110110011
00000000010001111001011110010011
00000000111001111000011110110011
00000000000101111001011110010011
00000000111100000000011100110011
11111110100001000010011110000011
00000000111001111000011110110011
11111111000000000000011100010011
00000000111001111000100100100011
11111110010001000010011100000011
00000000111000000000011110110011
00000000010001111001011110010011
00000000111001111000011110110011
00000000000101111001011110010011
00000000111100000000011100110011
11111110100001000010011110000011
00000000111001111000011110110011
11111111111100000000011100010011
00000000111001111000100110100011
11111110010001000010011100000011
00000000111000000000011110110011
00000000010001111001011110010011
00000000111001111000011110110011
00000000000101111001011110010011
00000000111100000000011100110011
11111110100001000010011110000011
00000000111001111000011110110011
11111111111100000000011100010011
00000000111001111000101000100011
11111110010001000010011100000011
00000000111000000000011110110011
00000000010001111001011110010011
00000000111001111000011110110011
00000000000101111001011110010011
00000000111100000000011100110011
11111110100001000010011110000011
00000000111001111000011110110011
11111111111100000000011100010011
00000000111001111000101010100011
11111110010001000010011100000011
00000000111000000000011110110011
00000000010001111001011110010011
00000000111001111000011110110011
00000000000101111001011110010011
00000000111100000000011100110011
11111110100001000010011110000011
00000000111001111000011110110011
11111111111100000000011100010011
00000000111001111000101100100011
11111110010001000010011110000011
00000000000101111000011110010011
11111110111101000010001000100011
11111110010001000010011100000011
11111101010001000010011110000011
00000000111001111010000000100011
00000000000100000000011110010011
00000000111100000000010100110011
00000010110000010010000010000011
00000010100000010010010000000011
00000011000000010000000100010011
00000000000000001000000001100111
11011100000000010000000100010011
00100010000100010010111000100011
00100010100000010010110000100011
00100010100100010010101000100011
00100100000000010000010000010011
11011100101001000010111000100011
11011110100001000000011110010011
00100000000000000000011000010011
00000000000000000000010110010011
00000000111100000000010100110011
00000000000000000000000000010011
11111110000001000010010000100011
00010000000000010000011110110111
00001111110001111000010110010011
11011101110001000010010100000011
00000000000000000000000000010011
11011110011001000000011110010011
11011110100001000000011100010011
00000000000000000000011010010011
00000000000000000000011000010011
00000010000000000000010110010011
11011101110001000010010100000011
00000000000000000000000000010011
00000000101000000000011110110011
00000000000001111000100001100011
11011110011001000101011100000011
00000000111100000000011110010011
00000000111001111110011001100011
00000000000000000000011110010011
00010111100000000000000001101111
11011110100001000100011100000011
00000000101100000000011110010011
00001110111101110001001001100011
11111110000001000010011000100011
00001100100000000000000001101111
11111110100001000010011000000011
00000000000101100000011110010011
11111110111101000010010000100011
11111110110001000010011110000011
00000000001001111000011110010011
11111111000001000000011100010011
00000000111101110000011110110011
11011111100001111100011110000011
00000000111100000000011010110011
11111110110001000010011110000011
00000000001101111000011110010011
11111111000001000000011100010011
00000000111101110000011110110011
11011111100001111100011110000011
00000000111100000000011100110011
11111110110001000010011110000011
00000000010001111000011110010011
11111111000001000000010110010011
00000000111101011000011110110011
11011111100001111100011110000011
00000000111100000000010110110011
11111110110001000010011110000011
00000000010101111000011110010011
11111111000001000000010100010011
00000000111101010000011110110011
11011111100001111100011110000011
00000000111100000000010100110011
11111110110001000010011110000011
00000000011001111000011110010011
11111111000001000000100000010011
00000000111110000000011110110011
11011111100001111100011110000011
00000000111100000000100000110011
11111110110001000010011110000011
00000000011101111000011110010011
11111111000001000000100010010011
00000000111110001000011110110011
11011111100001111100011110000011
00000000111100010010000000100011
00000001000000000000100010110011
00000000101000000000100000110011
00000000101100000000011110110011
00010000000000010000010110110111
00010001100001011000010110010011
11011101110001000010010100000011
00000000000000000000000000010011
11111110110001000010011110000011
00000000100101111000011110010011
11111110111101000010011000100011
11011110011001000101011110000011
11111111100001111000011110010011
11111110110001000010011100000011
11110010111101110100100011100011
00000111100000000000000001101111
11011110100001000100011100000011
00000001101100000000011110010011
00000110111101110001011001100011
11111110000001000010011000100011
00000101010000000000000001101111
11111110100001000010010010000011
00000000000101001000011110010011
11111110111101000010010000100011
11111110110001000010011110000011
00000000001001111000011110010011
11011110100001000000011100010011
00000000111101110000011110110011
00000000111100000000010110110011
00000000001000000000010100010011
00000000000000000000000000010011
00000000101000000000011110110011
00000000111100000000011010110011
00000000100100000000011000110011
00010000000000010000011110110111
00010100000001111000010110010011
11011101110001000010010100000011
00000000000000000000000000010011
11111110110001000010011110000011
00000000010001111000011110010011
11111110111101000010011000100011
11011110011001000101011110000011
00000000111100000000011100110011
11111110110001000010011110000011
11111010111001111100001011100011
00010000000000010000011110110111
00010110010001111000010110010011
11011101110001000010010100000011
00000000000000000000000000010011
00000000000100000000011110010011
00000000111100000000010100110011
00100011110000010010000010000011
00100011100000010010010000000011
00100011010000010010010010000011
00100100000000010000000100010011
00000000000000001000000001100111
