11110001000000010000000100010011
00001110000100010010011000100011
00001110100000010010010000100011
00001111000000010000010000010011
00000000101000000000011110110011
11110010101101000010010000100011
11110010110001000010001000100011
11110010111101000001011100100011
11111110000001000000010110100011
11111110000001000000010100100011
11110010100001000010010100000011
00000000000000000000000000010011
00000000101000000000011110110011
11111110111101000001010000100011
11111110100001000101011100000011
00000000011000000000011110010011
00000000111001111110011001100011
00000000000100000000011110010011
00110000110000000000000001101111
11110010100001000010011110000011
00000000001101111000011110010011
00000000000001111100011110000011
00000010000001111001010001100011
11110010100001000010011110000011
00000000010001111000011110010011
00000000000001111100011110000011
00000000000001111001110001100011
11110010100001000010011110000011
00000000010101111000011110010011
00000000000001111100011100000011
00000000000100000000011110010011
00000000111101110000011001100011
00000000000100000000011110010011
00101101000000000000000001101111
11110010100001000010011110000011
00000000011001111100011110000011
11111110111101000000001110100011
11111110011101000100011100000011
00000001100000000000011110010011
00000000111001111111101001100011
11111110011101000100011110000011
00000000011001111000011100010011
11111110100001000101011110000011
00000000111101110100011001100011
00000000000100000000011110010011
00101010000000000000000001101111
11111110000001000010011000100011
00001000000000000000000001101111
11111110110001000010011110000011
00000001000101111000011110010011
00000000111100000000011100110011
11110010100001000010011110000011
00000000111001111000011110110011
00000000000001111100011100000011
00000000111100000000011110010011
00000100111101110001101001100011
11111110110001000010011110000011
00000001001001111000011110010011
11110010100001000010011100000011
00000000111101110000011110110011
00000000000001111100011100000011
00000100000000000000011110010011
00000010111101110001110001100011
11111110110001000010011110000011
00000001001101111000011110010011
11110010100001000010011100000011
00000000111101110000011110110011
00000000000001111100011110000011
00000010000001111001000001100011
11111110110001000010011110000011
00001111111101111111011110010011
00000001010001111000011110010011
11111110111101000000010110100011
11111110101101000100011110000011
00000000100101111000011110010011
11111110111101000000010100100011
11111110110001000010011110000011
00000000000101111000011110010011
11111110111101000010011000100011
11111110110001000010011110000011
00000000110001111000011100010011
11111110011101000100011110000011
11110110111101110100110011100011
11111110101101000100011110000011
00000000000001111000011001100011
11111110101001000100011110000011
00000000000001111001011001100011
00000000000100000000011110010011
00011111010000000000000001101111
11111110101001000100011110000011
11111111110101111000011100010011
11111110011101000100011110000011
00000000111001111101011001100011
00000000000100000000011110010011
00011101110000000000000001101111
11110010111001000101011100000011
00000000000000000001011110110111
00000000000001111000011110010011
10010000111101111000011110010011
00000000111101110000110001100011
11110010111001000101011100000011
00000000000000000001011110110111
00000000000001111000011110010011
10010011111001111000011110010011
00000010111101110001011001100011
00010000000000010000011110110111
00000010010001111000011100010011
11111001000001000000011110010011
00000000111000000000011010110011
00000100000000000000011100010011
00000000111000000000011000110011
00000000110100000000010110110011
00000000111100000000010100110011
00000000000000000000000000010011
00000100010000000000000001101111
11110010111001000101010110000011
11111001000001000000011100010011
00000000000000010010001000100011
00000000000000010010000000100011
00000000000000000000100010010011
00000000000100000000100000010011
00000100000000000000011110010011
00010000000000010000011010110111
00001011110001101000011010010011
00000000000000000000011000010011
00000101001100000000010100010011
00000000000000000000000000010011
00000000101000000000011110110011
00000000000001111001011001100011
00000000001000000000011110010011
00010100110000000000000001101111
00000001000000000000011000010011
00000000000000000000010110010011
11110010010001000010010100000011
00000000000000000000000000010011
11110010100001000010011110000011
00000000000001111100011100000011
00001000000100000000011110010011
00000000111101110001011001100011
00000000100000000000011110010011
00000000100000000000000001101111
00000000000000000000011110010011
11110010010001000010011100000011
00000000111101110000011110110011
11111110111101000010000000100011
11110011100001000000011110010011
00000000111100000000010100110011
00000000000000000000000000010011
11110010100001000010011110000011
00000000011101111000011100010011
11110011100001000000011110010011
00000000101000000000011000010011
00000000111000000000010110110011
00000000111100000000010100110011
00000000000000000000000000010011
11111110101001000100011110000011
11110010100001000010011100000011
00000000111101110000011100110011
11110011100001000000011110010011
00000000010000000000011000010011
00000000111000000000010110110011
00000000111100000000010100110011
00000000000000000000000000010011
11111001000001000000011100010011
11110011100001000000011110010011
00000100000000000000011000010011
00000000111000000000010110110011
00000000111100000000010100110011
00000000000000000000000000010011
11110011100001000000011100010011
00000001000000000000011000010011
00010000000000010000011110110111
00000000000001111000010110010011
00000000111000000000010100110011
00000000000000000000000000010011
11110011100001000000011100010011
11111101000001000000011110010011
00000000111000000000010110110011
00000000111100000000010100110011
00000000000000000000000000010011
11111110000001000010011000100011
00000101100000000000000001101111
11111110110001000010011110000011
00000000100001111000011110010011
11111111000001000000011100010011
00000000111101110000011110110011
11111110000001111100011010000011
11111110101101000100011100000011
11111110110001000010011110000011
00000000111101110000011110110011
00000000111100000000011100110011
11110010100001000010011110000011
00000000111001111000011110110011
00000000000001111100011100000011
11111110110001000010011110000011
11111110000001000010011000000011
00000000111101100000011110110011
00000000111001101100011100110011
00001111111101110111011100010011
00000000111001111000000000100011
11111110110001000010011110000011
00000000000101111000011110010011
11111110111101000010011000100011
11111110110001000010011100000011
00000000011100000000011110010011
11111010111001111101001011100011
11111110000001000010010100000011
00000000000000000000000000010011
00000000101000000000011110110011
00000000000001111001011001100011
00000000011000000000011110010011
00000000100000000000000001101111
00000000000000000000011110010011
00000000111100000000010100110011
00001110110000010010000010000011
00001110100000010010010000000011
00001111000000010000000100010011
00000000000000001000000001100111
