11111100000000010000000100010011
00000010000100010010111000100011
00000010100000010010110000100011
00000100000000010000010000010011
11111100101001000010111000100011
11111100101101000010110000100011
00000000110000000000011110110011
11111100110101000010100000100011
11111100111101000000101110100011
00000000111000000000011110110011
11111100111101000000101100100011
11111101100001000010011110000011
00000000010001111101011100010011
00000000000000001101011110110111
00000000000001111000011110010011
00000010101001111000011110010011
00000000111101110001100001100011
11111101011101000100011110000011
11111111111001111111011110010011
11111100111101000000101110100011
11111101100001000010011110000011
00000000010001111101011100010011
00000000000000001101011110110111
00000000000001111000011110010011
00000000110001111000011110010011
00000000111101110001110001100011
00000000000011010000011110110111
00000000000001111000011110010011
00001100000001111000011110010011
11111100111101000010110000100011
00000011100000000000000001101111
11111101011101000100011100000011
00000000011000000000011110010011
00000010111101110001011001100011
11111101100001000010011110000011
00000000100001111101011100010011
00000000000000000001011110110111
00000000000001111000011110010011
11010000010101111000011110010011
00000000111101110001101001100011
00000000000011010000011110110111
00000000000001111000011110010011
01010000010001111000011110010011
11111100111101000010110000100011
11111101011101000100011110000011
11111110111101000010011000100011
11111110000001000000011100010011
11111110110001000010011010000011
00010000000000010000011110110111
00000000000001111000011000010011
00000000110000000000010110010011
00000000111000000000010100110011
00000000000000000000000000010011
11111101011001000100011110000011
11111110000001000000011010010011
00000000000000010010001000100011
00000000000000010010000000100011
00000000000000000000100010010011
00000000111100000000100000110011
11111101000001000010011110000011
11111101110001000010011100000011
00000000000000000000011000010011
11111101100001000010010110000011
00000101011100000000010100010011
00000000000000000000000000010011
00000000101000000000011110110011
00000000000001111000011001100011
00000000000100000000011110010011
00000000100000000000000001101111
00000000000000000000011110010011
00000000111100000000010100110011
00000011110000010010000010000011
00000011100000010010010000000011
00000100000000010000000100010011
00000000000000001000000001100111
11111101000000010000000100010011
00000010000100010010011000100011
00000010100000010010010000100011
00000011000000010000010000010011
11111100101001000010111000100011
11111101110001000010011110000011
00000000000001111100100010000011
00000000000101111100100000000011
00000000001001111100010100000011
00000000001101111100010110000011
00000000010001111100011000000011
00000000010101111100011010000011
00000000011001111100011100000011
00000000011101111100011110000011
11111111000101000000010000100011
11111111000001000000010010100011
11111110101001000000010100100011
11111110101101000000010110100011
11111110110001000000011000100011
11111110110101000000011010100011
11111110111001000000011100100011
11111110111101000000011110100011
11111101110001000010011110000011
00000000100001111000011110010011
00000000100000000000011000010011
00000000111100000000010110110011
11111101110001000010010100000011
00000000000000000000000000010011
11111101110001000010011110000011
00000000100001111000011110010011
11111110100001000100001100000011
11111110100101000100100010000011
11111110101001000100100000000011
11111110101101000100010100000011
11111110110001000100010110000011
11111110110101000100011000000011
11111110111001000100011010000011
11111110111101000100011100000011
00000000011001111000000000100011
00000001000101111000000010100011
00000001000001111000000100100011
00000000101001111000000110100011
00000000101101111000001000100011
00000000110001111000001010100011
00000000110101111000001100100011
00000000111001111000001110100011
00000000000000000000000000010011
00000010110000010010000010000011
00000010100000010010010000000011
00000011000000010000000100010011
00000000000000001000000001100111
11111101000000010000000100010011
00000010000100010010011000100011
00000010100000010010010000100011
00000011000000010000010000010011
11111100101001000010111000100011
11111101110001000010011110000011
00000000010001111000011110010011
00000000000001111100011000000011
00000000000101111100011010000011
00000000001001111100011100000011
00000000001101111100011110000011
11111110110001000000011000100011
11111110110101000000011010100011
11111110111001000000011100100011
11111110111101000000011110100011
11111101110001000010011110000011
00000000010001111000011110010011
00000000010000000000011000010011
11111101110001000010010110000011
00000000111100000000010100110011
00000000000000000000000000010011
11111101110001000010011110000011
11111110110001000100010110000011
11111110110101000100011000000011
11111110111001000100011010000011
11111110111101000100011100000011
00000000101101111000000000100011
00000000110001111000000010100011
00000000110101111000000100100011
00000000111001111000000110100011
00000000000000000000000000010011
00000010110000010010000010000011
00000010100000010010010000000011
00000011000000010000000100010011
00000000000000001000000001100111
11110100000000010000000100010011
00001010000100010010111000100011
00001010100000010010110000100011
00001100000000010000010000010011
11110100101001000010011000100011
11110100101101000010010000100011
00010000000000010000011110110111
00101000100001111000011110010011
00000000000001111010111010000011
00000000010001111010111000000011
00000000100001111010001100000011
00000000110001111010100010000011
00000001000001111010100000000011
00000001010001111010010100000011
00000001100001111010010110000011
00000001110001111010011000000011
00000010000001111010011010000011
00000010010001111010011100000011
00000010100001111010011110000011
11111011110101000010001000100011
11111011110001000010010000100011
11111010011001000010011000100011
11111011000101000010100000100011
11111011000001000010101000100011
11111010101001000010110000100011
11111010101101000010111000100011
11111100110001000010000000100011
11111100110101000010001000100011
11111100111001000010010000100011
11111100111101000010011000100011
00010000000000010000011110110111
00110000100001111000011110010011
00000000000001111010111010000011
00000000010001111010111000000011
00000000100001111010001100000011
00000000110001111010100010000011
00000001000001111010100000000011
00000001010001111010010100000011
00000001100001111010010110000011
00000001110001111010011000000011
00000010000001111010011010000011
00000010010001111010011100000011
00000010100001111010011110000011
11110111110101000010110000100011
11110111110001000010111000100011
11111000011001000010000000100011
11111001000101000010001000100011
11111001000001000010010000100011
11111000101001000010011000100011
11111000101101000010100000100011
11111000110001000010101000100011
11111000110101000010110000100011
11111000111001000010111000100011
11111010111101000010000000100011
00000100000001000001011110110111
00000000000001111000011110010011
00000000001001111000011110010011
11110110111101000010101000100011
00010000000000010000011110110111
00110111000001111000011110010011
00000000000001111010010100000011
00000000010001111010010110000011
00000000100001111010011000000011
00000000110001111010011010000011
00000001000001111010011100000011
00000001010001111010011110000011
11110100101001000010111000100011
11110110101101000010000000100011
11110110110001000010001000100011
11110110110101000010010000100011
11110110111001000010011000100011
11110110111101000010100000100011
00000000000100000000011110010011
11111110111101000000011010100011
11111110000001000000011000100011
11111100000001000000100110100011
11111010010001000000011110010011
11111110111101000010010000100011
11110111100001000000011110010011
11111110111101000010001000100011
11110111010001000000011110010011
11111110111101000010000000100011
11110101110001000000011110010011
11111100111101000010111000100011
11110101110001000000011110010011
00000000100001111000011110010011
11111100111101000010110000100011
11110101110001000000011110010011
00000001000001111000011110010011
11111100111101000010101000100011
11111110000001000000011000100011
00010101010000000000000001101111
11111110000001000000011110100011
00010011010000000000000001101111
11111110110001000100011110000011
00001000000001111000100001100011
11111101100001000010011110000011
00000000000101111000011100010011
11111100111001000010110000100011
00000000000001111100011110000011
00000000111100000000011100110011
11110100110001000010011110000011
00000000111001111000011110110011
00000000000001111100011110000011
00000000000101111001011110010011
00001111111101111111011110010011
00000001100001111001011110010011
01000001100001111101011110010011
00000011111001111111011110010011
00000001100001111001011100010011
01000001100001110101011100010011
11111101010001000010011110000011
00000000000101111000011010010011
11111100110101000010101000100011
00000000000001111100011110000011
00000000111100000000011010110011
11110100110001000010011110000011
00000000110101111000011110110011
00000000000001111100011110000011
00000001100001111001011110010011
01000001100001111101011110010011
00001111111101111111011110010011
00000000011101111101011110010011
00001111111101111111011110010011
00000001100001111001011110010011
01000001100001111101011110010011
00000000111101110110011110110011
00000001100001111001011110010011
01000001100001111101011110010011
00001111111101111111011110010011
00000111100000000000000001101111
11111101100001000010011110000011
00000000000101111000011100010011
11111100111001000010110000100011
00000000000001111100011110000011
00000000111100000000011100110011
11110100110001000010011110000011
00000000111001111000011110110011
00000000000001111100011110000011
00000000000101111101011110010011
00001111111101111111011110010011
00000001100001111001011100010011
01000001100001110101011100010011
11111101010001000010011110000011
00000000000101111000011010010011
11111100110101000010101000100011
00000000000001111100011110000011
00000000111100000000011010110011
11110100110001000010011110000011
00000000110101111000011110110011
00000000000001111100011110000011
00000000000101111111011110010011
00000000000001111000011001100011
11111000000000000000011110010011
00000000100000000000000001101111
00000000000000000000011110010011
00000000111001111110011110110011
00000001100001111001011110010011
01000001100001111101011110010011
00001111111101111111011110010011
11111101110001000010011100000011
00000000000101110000011010010011
11111100110101000010111000100011
00000000000001110100011100000011
11111111000001000000011010010011
00000000111001101000011100110011
11110110111101110000001000100011
11111110111101000100011110000011
00000000000101111000011110010011
11111110111101000000011110100011
11111110111101000100011100000011
00000000001100000000011110010011
11101100111001111111010011100011
11111110110001000100011110000011
00000000000101111000011110010011
11111110111101000000011000100011
11111110110001000100011100000011
00000000000100000000011110010011
11101010111001111111010011100011
11111110000001000000011110100011
00100011000000000000000001101111
11111110110101000100011110000011
00000000000101111011011110010011
00001111111101111111011110010011
11111110111101000000011010100011
11111110110101000100011110000011
00000000000001111000011001100011
00000000011000000000011110010011
00000000100000000000000001101111
00000000011100000000011110010011
11111100111101000000100110100011
11111110111101000100011110000011
00000000000001111000101001100011
11111110111101000100011110000011
11111111111101111000011110010011
00001111111101111111011110010011
00000000100000000000000001101111
00000000000100000000011110010011
11111100111101000000100100100011
11111110110101000100011110000011
00000010000001111000110001100011
11111101001001000100011110000011
11110100100001000010011100000011
00000000111101110000011110110011
00000000000001111100011100000011
11111110000001000010011110000011
00000000000101111000011010010011
11111110110101000010000000100011
00000000000001111100011110000011
00000000111101110111011110110011
00001111111101111111011110010011
00000000111100000011011110110011
00001111111101111111011110010011
00000001010000000000000001101111
11111101001001000100011110000011
11111111000001000000011100010011
00000000111101110000011110110011
11110110010001111100011110000011
11111110111101000000011100100011
00000000000100000000011110010011
11111110111101000000011000100011
00001111100000000000000001101111
11111110110101000100011110000011
00000110000001111000101001100011
11111110111001000100011110000011
00000000000101111001011110010011
00001111111101111111011110010011
00000001100001111001011100010011
01000001100001110101011100010011
11111110100001000010011110000011
00000000000101111000011010010011
11111110110101000010010000100011
00000000000001111100011110000011
00000000111100000000011010110011
11110100100001000010011110000011
00000000110101111000011110110011
00000000000001111100011010000011
11111110010001000010011110000011
00000000000101111000011000010011
11111110110001000010001000100011
00000000000001111100011110000011
00000000111101101111011110110011
00001111111101111111011110010011
00000000111100000011011110110011
00001111111101111111011110010011
00000001100001111001011110010011
01000001100001111101011110010011
00000000111101110110011110110011
00000001100001111001011110010011
01000001100001111101011110010011
00001111111101111111011110010011
00000111000000000000000001101111
11111110111001000100011110000011
00000000000101111101011110010011
00001111111101111111011110010011
00000001100001111001011100010011
01000001100001110101011100010011
11111110100001000010011110000011
00000000000101111000011010010011
11111110110101000010010000100011
00000000000001111100011110000011
00000000111100000000011010110011
11110100100001000010011110000011
00000000110101111000011110110011
00000000000001111100011010000011
11111110010001000010011110000011
00000000000101111000011000010011
11111110110001000010001000100011
00000000000001111100011110000011
00000000111101101111011110110011
00001111111101111111011110010011
00000000000001111000011001100011
11111000000000000000011110010011
00000000100000000000000001101111
00000000000000000000011110010011
00000000111001111110011110110011
00000001100001111001011110010011
01000001100001111101011110010011
00001111111101111111011110010011
11111110111101000000011100100011
11111110110001000100011110000011
00000000000101111000011110010011
11111110111101000000011000100011
11111110110001000100011100000011
11111101001101000100011110000011
11110000111101110110001011100011
11111110111101000100011110000011
00000000000001111000101001100011
11111101001001000100011110000011
00000000000101111000011110010011
00001111111101111111011110010011
00000000100000000000000001101111
00000000000000000000011110010011
11111100111101000000100100100011
11111110110101000100011110000011
00000010000001111000001001100011
11111101001001000100011110000011
11111111000001000000011100010011
00000000111101110000011110110011
11110110010001111100011100000011
11111110111001000100011110000011
00000000111101110100011110110011
00001111111101111111011110010011
00000010100000000000000001101111
11111101001001000100011110000011
11111111000001000000011100010011
00000000111101110000011110110011
11110110010001111100011100000011
11111110111001000100011110000011
00000000111101110100011110110011
00001111111101111111011110010011
00000000001001111101011110010011
00001111111101111111011110010011
11111101001001000100011100000011
11111111000001000000011010010011
00000000111001101000011100110011
11110110111101110000001000100011
11111110111101000100011110000011
00000000000101111000011110010011
11111110111101000000011110100011
11111110111101000100011100000011
00000000011100000000011110010011
11011100111001111111011011100011
11111110000001000000011110100011
00011000100000000000000001101111
11110100110001000010011110000011
00000000000001111100011100000011
11111110111101000100011110000011
00010000000000010000011010110111
00100100000001101000011010010011
00000000111101101000011110110011
00000000000001111100011010000011
11111110111101000100011110000011
11111111000001000000011000010011
00000000111101100000011110110011
11110110010001111100011110000011
00000000111100000000011000110011
00010000000000010000011110110111
00000000100001111000011110010011
00000000110001111000011110110011
00000000000001111100011110000011
00000000111101101111011110110011
00001111111101111111011110010011
00000000111101110100011110110011
00001111111101111111011100010011
11110100110001000010011110000011
00000000111001111000000000100011
11110100110001000010011110000011
00000000000101111000011110010011
00000000000001111100011010000011
11111110111101000100011110000011
00010000000000010000011100110111
00100101000001110000011100010011
00000000111101110000011110110011
00000000000001111100011100000011
11111110111101000100011110000011
11111111000001000000011000010011
00000000111101100000011110110011
11110110010001111100011110000011
00000000111100000000011000110011
00010000000000010000011110110111
00001001010001111000011110010011
00000000110001111000011110110011
00000000000001111100011110000011
00000000111101110111011110110011
00001111111101111111011100010011
11110100110001000010011110000011
00000000000101111000011110010011
00000000111001101100011100110011
00001111111101110111011100010011
00000000111001111000000000100011
11110100110001000010011110000011
00000000001001111000011110010011
00000000000001111100011010000011
11111110111101000100011110000011
00010000000000010000011100110111
00100110010001110000011100010011
00000000111101110000011110110011
00000000000001111100011100000011
11111110111101000100011110000011
11111111000001000000011000010011
00000000111101100000011110110011
11110110010001111100011110000011
00000000111100000000011000110011
00010000000000010000011110110111
00010010000001111000011110010011
00000000110001111000011110110011
00000000000001111100011110000011
00000000111101110111011110110011
00001111111101111111011100010011
11110100110001000010011110000011
00000000001001111000011110010011
00000000111001101100011100110011
00001111111101110111011100010011
00000000111001111000000000100011
11110100110001000010011110000011
00000000001101111000011110010011
00000000000001111100011010000011
11111110111101000100011110000011
00010000000000010000011100110111
00100111010001110000011100010011
00000000111101110000011110110011
00000000000001111100011100000011
11111110111101000100011110000011
11111111000001000000011000010011
00000000111101100000011110110011
11110110010001111100011110000011
00000000111100000000011000110011
00010000000000010000011110110111
00011011010001111000011110010011
00000000110001111000011110110011
00000000000001111100011110000011
00000000111101110111011110110011
00001111111101111111011100010011
11110100110001000010011110000011
00000000001101111000011110010011
00000000111001101100011100110011
00001111111101110111011100010011
00000000111001111000000000100011
11111110111101000100011110000011
00000000000101111000011110010011
11111110111101000000011110100011
11111110111101000100011100000011
00000000011100000000011110010011
11100110111001111111101011100011
11110100110001000010010100000011
00000000000000000000000000010011
00000000000000000000000000010011
00001011110000010010000010000011
00001011100000010010010000000011
00001100000000010000000100010011
00000000000000001000000001100111
11111101000000010000000100010011
00000010000100010010011000100011
00000010100000010010010000100011
00000011000000010000010000010011
11111100101001000010111000100011
11111100101101000010110000100011
00000000110000000000011110110011
11111100111101000000101110100011
00000000100000000000011110010011
11111110111101000000011110100011
11111101110001000010011110000011
11111110111101000010010000100011
11111101110001000010011110000011
00000001000001111000011110010011
11111110111101000010001000100011
11111101011101000100011110000011
11111111111101111100011110010011
00001111111101111111011110010011
00000000011101111111011110010011
11111110111101000000000110100011
00000001000000000000011000010011
00000000000000000000010110010011
11111101100001000010010100000011
00000000000000000000000000010011
00000000011000000000011000010011
11111110010001000010010110000011
11111101100001000010010100000011
00000000000000000000000000010011
00000100000000000000000001101111
11111110111101000100011100000011
00000000000100000000011110010011
00000010111001111111010001100011
11111110111101000100011110000011
11111110100001000010011100000011
00000000111101110000011100110011
11111110111101000100011110000011
11111111111001111000011110010011
11111101100001000010011010000011
00000000111101101000011110110011
00000000000001110100011100000011
00000000111001111000000000100011
11111110111101000100011110000011
11111111111101111000011110010011
11111110111101000000011110100011
11111110111101000100011100000011
11111110001101000100011110000011
11111010111001111110111011100011
00000000000000000000000000010011
00000000000000000000000000010011
00000010110000010010000010000011
00000010100000010010010000000011
00000011000000010000000100010011
00000000000000001000000001100111
11111011000000010000000100010011
00000100100000010010011000100011
00000101000000010000010000010011
11111010101001000010111000100011
00000000101100000000011110110011
11111010111101000000110110100011
00010000000000010000011110110111
00111011100001111000011110010011
00000000000001111010011000000011
00000000010001111010011010000011
00000000100001111010011100000011
00000000110001111010011110000011
11111100110001000010111000100011
11111110110101000010000000100011
11111110111001000010001000100011
11111110111101000010010000100011
11111011101101000100011110000011
11111111000001000000011100010011
00000000111101110000011110110011
11111110110001111100011110000011
11111110111101000000011100100011
11111110000001000000011110100011
00000011110000000000000001101111
11111110111101000100011110000011
11111011110001000010011100000011
00000000111101110000011110110011
00000000000001111100011100000011
11111110111101000100011110000011
00000001000001110001011100010011
00000001000001110101011100010011
00000000000101111001011110010011
11111111000001000000011010010011
00000000111101101000011110110011
11111100111001111001111000100011
11111110111101000100011110000011
00000000000101111000011110010011
11111110111101000000011110100011
11111110111101000100011100000011
00000000011100000000011110010011
11111100111001111111000011100011
00000000000100000000011110010011
11111110111101000000011110100011
00110100100000000000000001101111
11111101101001000101011110000011
00000000000101111001011110010011
00000001000001111001011110010011
00000001000001111101011110010011
00000001000001111001011100010011
01000001000001110101011100010011
11111101010001000101011110000011
01000000001101111101011110010011
00000001000001111001011110010011
01000001000001111101011110010011
00000000000101111111011110010011
00000001000001111001011110010011
01000001000001111101011110010011
00000000111101110110011110110011
00000001000001111001011110010011
01000001000001111101011110010011
00000001000001111001011110010011
00000001000001111101011110010011
11111100111101000001110100100011
11111101100001000101011110000011
00000000000101111001011110010011
00000001000001111001011110010011
00000001000001111101011110010011
00000001000001111001011100010011
01000001000001110101011100010011
11111101101001000101011110000011
00000000111100000000011010110011
00000000000000000001011110110111
00000000000001111000011110010011
11110000000001111000011110010011
00000000111101101111011110110011
00000000111100000011011110110011
00001111111101111111011110010011
00000001000001111001011110010011
01000001000001111101011110010011
00000000111101110110011110110011
00000001000001111001011110010011
01000001000001111101011110010011
00000001000001111001011110010011
00000001000001111101011110010011
11111100111101000001110000100011
11111101101001000101011110000011
00001111111101111111011110010011
00000001000001111001011110010011
00000001000001111101011110010011
11111100111101000001110100100011
11111101011001000101011110000011
00000000000101111001011110010011
00000001000001111001011110010011
00000001000001111101011110010011
00000001000001111001011100010011
01000001000001110101011100010011
11111101100001000101011110000011
00000000111100000000011010110011
00000000000000000001011110110111
00000000000001111000011110010011
11110000000001111000011110010011
00000000111101101111011110110011
00000000111100000011011110110011
00001111111101111111011110010011
00000001000001111001011110010011
01000001000001111101011110010011
00000000111101110110011110110011
00000001000001111001011110010011
01000001000001111101011110010011
00000001000001111001011110010011
00000001000001111101011110010011
11111100111101000001101100100011
11111101100001000101011110000011
00001111111101111111011110010011
00000001000001111001011110010011
00000001000001111101011110010011
11111100111101000001110000100011
11111101010001000101011110000011
00000000000101111001011110010011
00000001000001111001011110010011
00000001000001111101011110010011
00000001000001111001011100010011
01000001000001110101011100010011
11111101011001000101011110000011
00000000111100000000011010110011
00000000000000000001011110110111
00000000000001111000011110010011
11110000000001111000011110010011
00000000111101101111011110110011
00000000111100000011011110110011
00001111111101111111011110010011
00000001000001111001011110010011
01000001000001111101011110010011
00000000111101110110011110110011
00000001000001111001011110010011
01000001000001111101011110010011
00000001000001111001011110010011
00000001000001111101011110010011
00001111111101111111011110010011
00000001000001111001011110010011
00000001000001111101011110010011
11111100111101000001101000100011
11111101011001000101011110000011
00001111111101111111011110010011
00000001000001111001011110010011
00000001000001111101011110010011
11111100111101000001101100100011
11111101001001000101011110000011
00000000000101111001011110010011
00000001000001111001011110010011
00000001000001111101011110010011
00000001000001111001011100010011
01000001000001110101011100010011
11111100110001000101011110000011
01000000001101111101011110010011
00000001000001111001011110010011
01000001000001111101011110010011
00000000000101111111011110010011
00000001000001111001011110010011
01000001000001111101011110010011
00000000111101110110011110110011
00000001000001111001011110010011
01000001000001111101011110010011
00000001000001111001011110010011
00000001000001111101011110010011
11111100111101000001100100100011
11111101000001000101011110000011
00000000000101111001011110010011
00000001000001111001011110010011
00000001000001111101011110010011
00000001000001111001011100010011
01000001000001110101011100010011
11111101001001000101011110000011
00000000111100000000011010110011
00000000000000000001011110110111
00000000000001111000011110010011
11110000000001111000011110010011
00000000111101101111011110110011
00000000111100000011011110110011
00001111111101111111011110010011
00000001000001111001011110010011
01000001000001111101011110010011
00000000111101110110011110110011
00000001000001111001011110010011
01000001000001111101011110010011
00000001000001111001011110010011
00000001000001111101011110010011
11111100111101000001100000100011
11111101001001000101011110000011
00001111111101111111011110010011
00000001000001111001011110010011
00000001000001111101011110010011
11111100111101000001100100100011
11111100111001000101011110000011
00000000000101111001011110010011
00000001000001111001011110010011
00000001000001111101011110010011
00000001000001111001011100010011
01000001000001110101011100010011
11111101000001000101011110000011
00000000111100000000011010110011
00000000000000000001011110110111
00000000000001111000011110010011
11110000000001111000011110010011
00000000111101101111011110110011
00000000111100000011011110110011
00001111111101111111011110010011
00000001000001111001011110010011
01000001000001111101011110010011
00000000111101110110011110110011
00000001000001111001011110010011
01000001000001111101011110010011
00000001000001111001011110010011
00000001000001111101011110010011
11111100111101000001011100100011
11111101000001000101011110000011
00001111111101111111011110010011
00000001000001111001011110010011
00000001000001111101011110010011
11111100111101000001100000100011
11111100110001000101011110000011
00000000000101111001011110010011
00000001000001111001011110010011
00000001000001111101011110010011
00000001000001111001011100010011
01000001000001110101011100010011
11111100111001000101011110000011
00000000111100000000011010110011
00000000000000000001011110110111
00000000000001111000011110010011
11110000000001111000011110010011
00000000111101101111011110110011
00000000111100000011011110110011
00001111111101111111011110010011
00000001000001111001011110010011
01000001000001111101011110010011
00000000111101110110011110110011
00000001000001111001011110010011
01000001000001111101011110010011
00000001000001111001011110010011
00000001000001111101011110010011
00001111111101111111011110010011
00000001000001111001011110010011
00000001000001111101011110010011
11111100111101000001011000100011
11111100111001000101011110000011
00001111111101111111011110010011
00000001000001111001011110010011
00000001000001111101011110010011
11111100111101000001011100100011
11111110111101000100011110000011
00000000000101111000011110010011
11111110111101000000011110100011
11111110111001000100011100000011
11111110111101000100011110000011
11001010111101110111101011100011
11111110000001000000011110100011
00000011100000000000000001101111
11111110111101000100011110000011
00000000000101111001011110010011
11111111000001000000011100010011
00000000111101110000011110110011
11111101110001111101011010000011
11111110111101000100011110000011
11111011110001000010011100000011
00000000111101110000011110110011
00001111111101101111011100010011
00000000111001111000000000100011
11111110111101000100011110000011
00000000000101111000011110010011
11111110111101000000011110100011
11111110111101000100011100000011
00000000011100000000011110010011
11111100111001111111001011100011
00000000000000000000000000010011
00000000000000000000000000010011
00000100110000010010010000000011
00000101000000010000000100010011
00000000000000001000000001100111
11111101000000010000000100010011
00000010100000010010011000100011
00000011000000010000010000010011
11111100101001000010111000100011
00000000101100000000011110110011
11111100111101000000110110100011
00000000000100000000011110010011
11111110111101000000011110100011
00101011010000000000000001101111
11111101110001000010011110000011
00000000001101111000011110010011
00000000000001111100011110000011
00000000001101111001011110010011
00001111111101111111011110010011
11111000000001111111011110010011
11111110111101000000011100100011
11111101110001000010011110000011
00000000001101111000011110010011
00000000000001111100011100000011
11111101110001000010011110000011
00000000001101111000011110010011
00000000000101110101011100010011
00001111111101110111011100010011
00000000111001111000000000100011
11111101110001000010011110000011
00000000001001111000011110010011
00000000000001111100011110000011
00000000000101111111011110010011
00000010000001111000001001100011
11111101110001000010011110000011
00000000001101111000011110010011
00000000000001111100011100000011
11111101110001000010011110000011
00000000001101111000011110010011
11111000000001110110011100010011
00001111111101110111011100010011
00000000111001111000000000100011
11111101110001000010011110000011
00000000001001111000011110010011
00000000000001111100011100000011
11111101110001000010011110000011
00000000001001111000011110010011
00000000000101110101011100010011
00001111111101110111011100010011
00000000111001111000000000100011
11111101110001000010011110000011
00000000000101111000011110010011
00000000000001111100011110000011
00000000000101111111011110010011
00000010000001111000001001100011
11111101110001000010011110000011
00000000001001111000011110010011
00000000000001111100011100000011
11111101110001000010011110000011
00000000001001111000011110010011
11111000000001110110011100010011
00001111111101110111011100010011
00000000111001111000000000100011
11111101110001000010011110000011
00000000000101111000011110010011
00000000000001111100011100000011
11111101110001000010011110000011
00000000000101111000011110010011
00000000000101110101011100010011
00001111111101110111011100010011
00000000111001111000000000100011
11111101110001000010011110000011
00000000000001111100011110000011
00000000000101111111011110010011
00000010000001111000001001100011
11111101110001000010011110000011
00000000000101111000011110010011
00000000000001111100011100000011
11111101110001000010011110000011
00000000000101111000011110010011
11111000000001110110011100010011
00001111111101110111011100010011
00000000111001111000000000100011
11111101110001000010011110000011
00000000000001111100011110000011
00000000000101111101011110010011
00001111111101111111011100010011
11111101110001000010011110000011
00000000111001111000000000100011
11111101110001000010011110000011
00000000000001111100011100000011
11111110111001000100011110000011
00000000111101110110011110110011
00001111111101111111011100010011
11111101110001000010011110000011
00000000111001111000000000100011
11111101110001000010011110000011
00000000011101111000011110010011
00000000000001111100011110000011
00000000001101111001011110010011
00001111111101111111011110010011
11111000000001111111011110010011
11111110111101000000011100100011
11111101110001000010011110000011
00000000011101111000011110010011
00000000000001111100011100000011
11111101110001000010011110000011
00000000011101111000011110010011
00000000000101110101011100010011
00001111111101110111011100010011
00000000111001111000000000100011
11111101110001000010011110000011
00000000011001111000011110010011
00000000000001111100011110000011
00000000000101111111011110010011
00000010000001111000001001100011
11111101110001000010011110000011
00000000011101111000011110010011
00000000000001111100011100000011
11111101110001000010011110000011
00000000011101111000011110010011
11111000000001110110011100010011
00001111111101110111011100010011
00000000111001111000000000100011
11111101110001000010011110000011
00000000011001111000011110010011
00000000000001111100011100000011
11111101110001000010011110000011
00000000011001111000011110010011
00000000000101110101011100010011
00001111111101110111011100010011
00000000111001111000000000100011
11111101110001000010011110000011
00000000010101111000011110010011
00000000000001111100011110000011
00000000000101111111011110010011
00000010000001111000001001100011
11111101110001000010011110000011
00000000011001111000011110010011
00000000000001111100011100000011
11111101110001000010011110000011
00000000011001111000011110010011
11111000000001110110011100010011
00001111111101110111011100010011
00000000111001111000000000100011
11111101110001000010011110000011
00000000010101111000011110010011
00000000000001111100011100000011
11111101110001000010011110000011
00000000010101111000011110010011
00000000000101110101011100010011
00001111111101110111011100010011
00000000111001111000000000100011
11111101110001000010011110000011
00000000010001111000011110010011
00000000000001111100011110000011
00000000000101111111011110010011
00000010000001111000001001100011
11111101110001000010011110000011
00000000010101111000011110010011
00000000000001111100011100000011
11111101110001000010011110000011
00000000010101111000011110010011
11111000000001110110011100010011
00001111111101110111011100010011
00000000111001111000000000100011
11111101110001000010011110000011
00000000010001111000011110010011
00000000000001111100011100000011
11111101110001000010011110000011
00000000010001111000011110010011
00000000000101110101011100010011
00001111111101110111011100010011
00000000111001111000000000100011
11111101110001000010011110000011
00000000010001111000011110010011
00000000000001111100011010000011
11111101110001000010011110000011
00000000010001111000011110010011
11111110111001000100011100000011
00000000111001101110011100110011
00001111111101110111011100010011
00000000111001111000000000100011
11111110111101000100011110000011
00000000000101111000011110010011
11111110111101000000011110100011
11111101101101000100011100000011
11111110111101000100011110000011
11010100111101110111010011100011
00000000000000000000000000010011
00000000000000000000000000010011
00000010110000010010010000000011
00000011000000010000000100010011
00000000000000001000000001100111
11111101000000010000000100010011
00000010000100010010011000100011
00000010100000010010010000100011
00000011000000010000010000010011
11111100101001000010111000100011
00000000101100000000011110110011
11111100111101000000110110100011
00010000000000010000011110110111
00111110100001111000011110010011
00000000000001111010011000000011
00000000010001111010011010000011
00000000100001111010011100000011
00000000110001111010011110000011
11111110110001000010000000100011
11111110110101000010001000100011
11111110111001000010010000100011
11111110111101000010011000100011
11111101101101000100011110000011
11111111000001000000011100010011
00000000111101110000011110110011
11111111000001111100011110000011
00000000111100000000010110110011
11111101110001000010010100000011
00000000000000000000000000010011
00000000000000000000000000010011
00000010110000010010000010000011
00000010100000010010010000000011
00000011000000010000000100010011
00000000000000001000000001100111
11111100000000010000000100010011
00000010000100010010111000100011
00000010100000010010110000100011
00000100000000010000010000010011
11111100101001000010011000100011
00000000011000000000011110010011
11111110111101000010011000100011
11111100110001000010011110000011
00000000011101111000011110010011
00000000011000000000011100010011
00000000111001111000000000100011
11111101100001000000011110010011
00000000100000000000011000010011
00000000000000000000010110010011
00000000111100000000010100110011
00000000000000000000000000010011
00000000011100000000011110010011
11111110111101000010001000100011
11111100110001000010011110000011
00000000011101111000011110010011
00000000000001111100011110000011
11111110111101000010010000100011
11111110110001000010011110000011
11111100110001000010011100000011
00000000111101110000011110110011
00000000000001111100011110000011
11111110111101000000000110100011
11111110100001000010011110000011
11111111000001000000011100010011
00000000111101110000011110110011
11111110100001111100011110000011
00000000000101111001011110010011
00001111111101111111011110010011
00000001100001111001011100010011
01000001100001110101011100010011
11111110001101000000011110000011
00000000000101111111011110010011
00000001100001111001011110010011
01000001100001111101011110010011
00000000111101110110011110110011
00000001100001111001011110010011
01000001100001111101011110010011
00001111111101111111011100010011
11111110100001000010011110000011
11111111000001000000011010010011
00000000111101101000011110110011
11111110111001111000010000100011
11111110001101000100011110000011
00000000000101111101011110010011
11111110111101000000000110100011
11111110100001000010011110000011
11111111111101111000011110010011
11111110111101000010010000100011
11111110100001000010011110000011
00000000000001111101011001100011
00000000011000000000011110010011
11111110111101000010010000100011
11111110010001000010011110000011
11111111111101111000011110010011
11111110111101000010001000100011
11111110010001000010011110000011
11110110000001111101110011100011
11111100110001000010011110000011
00000000011101111000011110010011
11111110100001000010011100000011
00001111111101110111011100010011
00000000111001111000000000100011
11111110110001000010011110000011
11111111111101111000011110010011
11111110111101000010011000100011
11111110110001000010011110000011
11110010000001111101001011100011
11111101110001000100011110000011
11111110111101000010001000100011
11111101111001000100011110000011
11111100111101000000111000100011
11111110010001000010011110000011
00001111111101111111011110010011
11111100111101000000111100100011
11111101101101000100011110000011
00000000010001111001011110010011
00001111111101111111011110010011
11111100111101000000111110100011
11111100110001000010011110000011
11111101100001000100001100000011
11111101100101000100100010000011
11111101101001000100100000000011
11111101101101000100010100000011
11111101110001000100010110000011
11111101110101000100011000000011
11111101111001000100011010000011
11111101111101000100011100000011
00000000011001111000000000100011
00000001000101111000000010100011
00000001000001111000000100100011
00000000101001111000000110100011
00000000101101111000001000100011
00000000110001111000001010100011
00000000110101111000001100100011
00000000111001111000001110100011
00000000010000000000010110010011
11111100110001000010010100000011
00000000000000000000000000010011
00000000000000000000000000010011
00000011110000010010000010000011
00000011100000010010010000000011
00000100000000010000000100010011
00000000000000001000000001100111
11111011000000010000000100010011
00000100000100010010011000100011
00000100100000010010010000100011
00000101000000010000010000010011
11111010101001000010111000100011
11111010101101000010110000100011
00000000110000000000011110110011
11111010111101000000101110100011
11111011100001000010011100000011
11111101100001000000011110010011
00000000111000000000011010110011
00000001011000000000011100010011
00000000111000000000011000110011
00000000110100000000010110110011
00000000111100000000010100110011
00000000000000000000000000010011
11111011100001000010011100000011
11111100000001000000011110010011
00000000111000000000011010110011
00000001011000000000011100010011
00000000111000000000011000110011
00000000110100000000010110110011
00000000111100000000010100110011
00000000000000000000000000010011
11111011011101000100011010000011
11111100000001000000011100010011
11111101100001000000011110010011
00000000110100000000011000110011
00000000111000000000010110110011
00000000111100000000010100110011
00000000000000000000000000010011
11111100000001000000011110010011
00000000111100000000010100110011
00000000000000000000000000010011
11111110000001000000011110100011
00000011000000000000000001101111
11111100000001000000011110010011
00000000111100000000010110010011
00000000111100000000010100110011
00000000000000000000000000010011
11111100000001000000011110010011
00000000111100000000010110110011
11111011110001000010010100000011
00000000000000000000000000010011
11111110111101000100011110000011
00000000000101111000011110010011
11111110111101000000011110100011
11111110111101000100011100000011
00000000000100000000011110010011
11111100111001111111011011100011
00000000000000000000000000010011
00000000000000000000000000010011
00000100110000010010000010000011
00000100100000010010010000000011
00000101000000010000000100010011
00000000000000001000000001100111
11111011000000010000000100010011
00000100000100010010011000100011
00000100100000010010010000100011
00000101000000010000010000010011
11111010101001000010111000100011
11111010101101000010110000100011
00000000110000000000011110110011
11111010111101000000101110100011
11111011100001000010011100000011
11111101100001000000011110010011
00000000111000000000011010110011
00000001011000000000011100010011
00000000111000000000011000110011
00000000110100000000010110110011
00000000111100000000010100110011
00000000000000000000000000010011
11111011100001000010011100000011
11111100000001000000011110010011
00000000111000000000011010110011
00000001011000000000011100010011
00000000111000000000011000110011
00000000110100000000010110110011
00000000111100000000010100110011
00000000000000000000000000010011
11111011011101000100011010000011
11111100000001000000011100010011
11111101100001000000011110010011
00000000110100000000011000110011
00000000111000000000010110110011
00000000111100000000010100110011
00000000000000000000000000010011
11111100000001000000011110010011
00000000111100000000010100110011
00000000000000000000000000010011
11111110000001000000011110100011
00000010000000000000000001101111
11111100000001000000011110010011
00000000111100000000010110010011
00000000111100000000010100110011
00000000000000000000000000010011
11111110111101000100011110000011
00000000000101111000011110010011
11111110111101000000011110100011
11111110111101000100011100000011
00000000000100000000011110010011
11111100111001111111111011100011
11111110000001000000011110100011
00000011000000000000000001101111
11111100000001000000011110010011
00000000111100000000010110110011
11111011110001000010010100000011
00000000000000000000000000010011
11111100000001000000011110010011
00000000000100000000010110010011
00000000111100000000010100110011
00000000000000000000000000010011
11111110111101000100011110000011
00000000000101111000011110010011
11111110111101000000011110100011
11111110111101000100011100000011
00000000000100000000011110010011
11111100111001111111011011100011
11111011110001000010010100000011
00000000000000000000000000010011
00000000000000000000000000010011
00000100110000010010000010000011
00000100100000010010010000000011
00000101000000010000000100010011
00000000000000001000000001100111
11111100000000010000000100010011
00000010000100010010111000100011
00000010100000010010110000100011
00000100000000010000010000010011
11111100101001000010011000100011
11111100101101000010010000100011
00000000110000000000011110110011
11111100111101000000001110100011
11111100100001000010011110000011
00000000100101111000011100010011
11111101100001000000011110010011
00000000100000000000011000010011
00000000111000000000010110110011
00000000111100000000010100110011
00000000000000000000000000010011
11111101100001000000011110010011
00000000111100000000010100110011
00000000000000000000000000010011
00000001000000000000011110010011
11111110111101000000011110100011
00000110110000000000000001101111
11111100011101000100011100000011
00000000000100000000011110010011
00000010111101110001000001100011
11111110111101000100011110000011
11111111111101111000011110010011
00001111111101111111011100010011
11111101100001000000011110010011
00000000111000000000010110110011
00000000111100000000010100110011
00000000000000000000000000010011
11111101100001000000011110010011
00000000111100000000010110110011
11111100110001000010010100000011
00000000000000000000000000010011
11111100011101000100011110000011
00000010000001111001000001100011
11111110111101000100011110000011
11111111111101111000011110010011
00001111111101111111011100010011
11111101100001000000011110010011
00000000111000000000010110110011
00000000111100000000010100110011
00000000000000000000000000010011
11111110111101000100011110000011
11111111111101111000011110010011
11111110111101000000011110100011
11111110111101000100011110000011
11111000000001111001101011100011
00000000000000000000000000010011
00000000000000000000000000010011
00000011110000010010000010000011
00000011100000010010010000000011
00000100000000010000000100010011
00000000000000001000000001100111
11111101000000010000000100010011
00000010000100010010011000100011
00000010100000010010010000100011
00000011000000010000010000010011
11111100101001000010111000100011
11111100101101000010110000100011
00000000110000000000011110110011
00000000110100000000011100110011
11111100111101000000101110100011
00000000111000000000011110110011
11111100111101000000101100100011
11111101011001000100011110000011
00000000000101111111011110010011
11111110111101000000011110100011
11111101011101000100011110000011
00000000111100000000011000110011
11111101100001000010010110000011
11111101110001000010010100000011
00000000000000000000000000010011
11111110111101000100011110000011
00000000111100000000011000110011
11111101100001000010010110000011
11111101110001000010010100000011
00000000000000000000000000010011
11111101011101000100011110000011
00000000111100000000011000110011
11111101100001000010010110000011
11111101110001000010010100000011
00000000000000000000000000010011
11111101011001000100011110000011
00000000001001111111011110010011
00000000000001111000011001100011
11111101100001000010010100000011
00000000000000000000000000010011
00000000000000000000000000010011
00000010110000010010000010000011
00000010100000010010010000000011
00000011000000010000000100010011
00000000000000001000000001100111
11111000000000010000000100010011
00000110000100010010111000100011
00000110100000010010110000100011
00001000000000010000010000010011
11111000101001000010111000100011
11111000101101000010110000100011
11111000110001000010101000100011
11111000110101000010100000100011
00000000111000000000011010110011
00000000111100000000011100110011
00000000110100000000011110110011
11111000111101000000011110100011
00000000111000000000011110110011
11111000111101000000011100100011
11111000111101000100011100000011
00000000101000000000011110010011
00000000111001111110011001100011
00000000000000000000011110010011
00111100010000000000000001101111
11111001100001000010011100000011
00000000000000000001011110110111
00000000000001111000011110010011
11010000000001111000011110010011
00000100111101110001000001100011
11111001010001000010011100000011
00001010000000000000011110010011
00000010111101110000101001100011
11111010000001000000010100010011
00000000000100000000011100010011
00000001000000000000011010010011
00000000000000000000011000010011
00000000000011010000011110110111
00000000000001111000011110010011
00001100000001111000010110010011
00000000000000000000000000010011
00000000101000000000011110110011
00000000000001111001011001100011
00000000000000000000011110010011
00110111010000000000000001101111
11111000111001000100011100000011
00000000000100000000011110010011
00000000111001111111011001100011
00000000000000000000011110010011
00110110000000000000000001101111
11111100000001000000011110010011
00000000100000000000011000010011
00000000000000000000010110010011
00000000111100000000010100110011
00000000000000000000000000010011
11111001110001000010011110000011
00000000000001111100100010000011
00000000000101111100100000000011
00000000001001111100010100000011
00000000001101111100010110000011
00000000010001111100011000000011
00000000010101111100011010000011
00000000011001111100011100000011
00000000011101111100011110000011
11111011000101000000110000100011
11111011000001000000110010100011
11111010101001000000110100100011
11111010101101000000110110100011
11111010110001000000111000100011
11111010110101000000111010100011
11111010111001000000111100100011
11111010111101000000111110100011
11111001100001000010011100000011
00000000000000000001011110110111
00000000000001111000011110010011
11010000000001111000011110010011
00000010111101110001101001100011
11111001010001000010011100000011
00001010000000000000011110010011
00000010111101110000010001100011
11111010000001000010011000000011
11111010010001000010011010000011
11111010100001000010011100000011
11111010110001000010011110000011
11111100110001000010110000100011
11111100110101000010111000100011
11111110111001000010000000100011
11111110111101000010001000100011
00000010010000000000000001101111
11111001000001000010011100000011
11111101100001000000011110010011
00000000111000000000011010110011
00000001000000000000011100010011
00000000111000000000011000110011
00000000110100000000010110110011
00000000111100000000010100110011
00000000000000000000000000010011
11111101100001000000011110010011
00000000111100000000010110110011
11111001110001000010010100000011
00000000000000000000000000010011
11111100100001000000011110010011
00000000100000000000011000010011
11111001110001000010010110000011
00000000111100000000010100110011
00000000000000000000000000010011
11111001110001000010011110000011
11111011100001000100001100000011
11111011100101000100100010000011
11111011101001000100100000000011
11111011101101000100010100000011
11111011110001000100010110000011
11111011110101000100011000000011
11111011111001000100011010000011
11111011111101000100011100000011
00000000011001111000000000100011
00000001000101111000000010100011
00000001000001111000000100100011
00000000101001111000000110100011
00000000101101111000001000100011
00000000110001111000001010100011
00000000110101111000001100100011
00000000111001111000001110100011
11111001100001000010011100000011
00000000000000000001011110110111
00000000000001111000011110010011
11010000000001111000011110010011
00000100111101110001011001100011
11111001010001000010011100000011
00001010000000000000011110010011
00000100111101110000000001100011
11111010000001000000011110010011
00000000100001111000011100010011
11111101100001000000011110010011
00000000100000000000011000010011
00000000111000000000010110110011
00000000111100000000010100110011
00000000000000000000000000010011
11111010000001000000011100010011
11111101100001000000011110010011
00000000100001111000011110010011
00000000100000000000011000010011
00000000111000000000010110110011
00000000111100000000010100110011
00000000000000000000000000010011
00000011100000000000000001101111
11111001000001000010011110000011
00000000100001111000011100010011
11111101100001000000011110010011
00000000100000000000011000010011
00000000111000000000010110110011
00000000111100000000010100110011
00000000000000000000000000010011
11111101100001000000011110010011
00000000100001111000011110010011
00000000100000000000011000010011
11111001000001000010010110000011
00000000111100000000010100110011
00000000000000000000000000010011
11111101100001000000011110010011
00000000111100000000010110110011
11111001110001000010010100000011
00000000000000000000000000010011
11111100100001000000011110010011
00000000100001111000011110010011
00000000100000000000011000010011
11111001110001000010010110000011
00000000111100000000010100110011
00000000000000000000000000010011
00000000100000000000011110010011
11111110111101000010011000100011
00010101010000000000000001101111
11111110110001000010011110000011
11111001110001000010011100000011
00000000111101110000011110110011
00000000000001111100100010000011
00000000000101111100100000000011
00000000001001111100010100000011
00000000001101111100010110000011
00000000010001111100011000000011
00000000010101111100011010000011
00000000011001111100011100000011
00000000011101111100011110000011
11111011000101000000110000100011
11111011000001000000110010100011
11111010101001000000110100100011
11111010101101000000110110100011
11111010110001000000111000100011
11111010110101000000111010100011
11111010111001000000111100100011
11111010111101000000111110100011
11111011100001000010011110000011
11111010111101000010100000100011
11111011110001000010011110000011
11111010111101000010101000100011
11111100100001000010011000000011
11111100110001000010011010000011
11111101000001000010011100000011
11111101010001000010011110000011
11111100110001000010110000100011
11111100110101000010111000100011
11111110111001000010000000100011
11111110111101000010001000100011
11111101100001000000011100010011
11111011100001000000011110010011
00000000111000000000010110110011
00000000111100000000010100110011
00000000000000000000000000010011
11111110000001000010010000100011
00000100100000000000000001101111
11111110100001000010011110000011
11111111000001000000011100010011
00000000111101110000011110110011
11111100100001111100011100000011
11111110100001000010011110000011
11111111000001000000011010010011
00000000111101101000011110110011
11111101000001111100011110000011
00000000111101110100011110110011
00001111111101111111011100010011
11111110100001000010011110000011
11111111000001000000011010010011
00000000111101101000011110110011
11111100111001111000010000100011
11111110100001000010011110000011
00000000000101111000011110010011
11111110111101000010010000100011
11111110100001000010011100000011
00000000011100000000011110010011
11111010111001111101101011100011
11111110110001000010011110000011
11111001110001000010011100000011
00000000111101110000011110110011
11111011100001000100001100000011
11111011100101000100100010000011
11111011101001000100100000000011
11111011101101000100010100000011
11111011110001000100010110000011
11111011110101000100011000000011
11111011111001000100011010000011
11111011111101000100011100000011
00000000011001111000000000100011
00000001000101111000000010100011
00000001000001111000000100100011
00000000101001111000000110100011
00000000101101111000001000100011
00000000110001111000001010100011
00000000110101111000001100100011
00000000111001111000001110100011
11111011000001000010011110000011
11111100111101000010000000100011
11111011010001000010011110000011
11111100111101000010001000100011
11111110110001000010011110000011
00000000100001111000011110010011
11111110111101000010011000100011
11111110110001000010011110000011
00000000011101111000011100010011
11111000111101000100011110000011
11101010111101110100001011100011
11111001110001000010011110000011
00000000101001111000011110010011
00000000000001111100011110000011
00000000010101111000011110010011
00001111111101111111011110010011
00000000111100000000010100110011
00000111110000010010000010000011
00000111100000010010010000000011
00001000000000010000000100010011
00000000000000001000000001100111
11111101000000010000000100010011
00000010000100010010011000100011
00000010100000010010010000100011
00000011000000010000010000010011
11111100101001000010111000100011
11111100101101000010110000100011
11111100110001000010101000100011
11111100110101000010100000100011
11111101110001000010011110000011
00000000000001111100011110000011
00000001100001111001011110010011
01000001100001111101011110010011
00000000011101111111011110010011
11111110111101000000001110100011
11111110011101000000011100000011
00000000011100000000011110010011
00000000111101110001011001100011
00000000011000000000011110010011
11111110111101000000001110100011
00000000100000000000011000010011
00000000000000000000010110010011
11111101000001000010010100000011
00000000000000000000000000010011
00000000000100000000011110010011
11111110111101000000001100100011
11111110000001000010010000100011
11111110000001000010011000100011
00001001010000000000000001101111
11111101000001000010011100000011
11111110100001000010011110000011
00000000111101110000011110110011
00000000000001111100011010000011
11111101110001000010011100000011
11111110110001000010011110000011
00000000111101110000011110110011
00000000000001111100011100000011
11111101000001000010011000000011
11111110100001000010011110000011
00000000111101100000011110110011
00000000111001101100011100110011
00001111111101110111011100010011
00000000111001111000000000100011
11111110100001000010011110000011
00000000000101111000011110010011
11111110111101000010010000100011
11111110100001000010011100000011
00000000011100000000011110010011
00000010111001111111110001100011
11111110011001000000011110000011
00000000000001111000110001100011
11111110011101000100011110000011
00000000111100000000011000110011
11111101010001000010010110000011
11111101000001000010010100000011
00000000000000000000000000010011
00000000000100000000011000010011
11111101010001000010010110000011
11111101000001000010010100000011
00000000000000000000000000010011
11111110000001000010010000100011
11111110000001000000001100100011
11111110110001000010011110000011
00000000000101111000011110010011
11111110111101000010011000100011
11111110110001000010011100000011
11111101100001000010011110000011
11110110111101110110010011100011
11111110100001000010011110000011
00000000000001111000101001100011
00000000000100000000011000010011
11111101010001000010010110000011
11111101000001000010010100000011
00000000000000000000000000010011
11111110011101000100011110000011
00000000111100000000011000110011
11111101010001000010010110000011
11111101000001000010010100000011
00000000000000000000000000010011
00000000000000000000000000010011
00000010110000010010000010000011
00000010100000010010010000000011
00000011000000010000000100010011
00000000000000001000000001100111
11111011000000010000000100010011
00000100000100010010011000100011
00000100100000010010010000100011
00000101000000010000010000010011
11111010101001000010111000100011
00000000101100000000011110110011
11111010110001000010101000100011
11111010111101000000110110100011
11111011101101000100011110000011
00000000011101111111011110010011
11111010111101000000110110100011
11111011101101000100011100000011
00000000011000000000011110010011
00000010111001111110000001100011
11111011101101000100011110000011
00000000000000000000011010010011
00000000111100000000011000110011
11111011010001000010010110000011
11111011110001000010010100000011
00000000000000000000000000010011
00001110000000000000000001101111
11111011010001000010011100000011
11111101010001000000011110010011
00000000111000000000011010110011
00000001011000000000011100010011
00000000111000000000011000110011
00000000110100000000010110110011
00000000111100000000010100110011
00000000000000000000000000010011
11111110000001000010011000100011
00001010110000000000000001101111
11111110110001000010011110000011
00001111111101111111011110010011
00000000000101111111011110010011
00001111111101111111011010010011
11111011101101000100011100000011
11111101010001000000011110010011
00000000111000000000011000110011
00000000111100000000010110110011
11111011110001000010010100000011
00000000000000000000000000010011
11111101010001000010011110000011
11111100111101000010011000100011
11111101100001000010011110000011
11111100111101000010100000100011
11111101010001000000011110010011
00000000100001111000011110010011
11111101010001000000011100010011
00000000100000000000011000010011
00000000111100000000010110110011
00000000111000000000010100110011
00000000000000000000000000010011
11111101010001000000011110010011
00000000100001111000011110010011
11111100110001000100001100000011
11111100110101000100100010000011
11111100111001000100100000000011
11111100111101000100010100000011
11111101000001000100010110000011
11111101000101000100011000000011
11111101001001000100011010000011
11111101001101000100011100000011
00000000011001111000000000100011
00000001000101111000000010100011
00000001000001111000000100100011
00000000101001111000000110100011
00000000101101111000001000100011
00000000110001111000001010100011
00000000110101111000001100100011
00000000111001111000001110100011
11111110110001000010011110000011
00000000000101111000011110010011
11111110111101000010011000100011
11111110110001000010011100000011
00000000001000000000011110010011
11110100111001111101100011100011
00000000000000000000000000010011
00000100110000010010000010000011
00000100100000010010010000000011
00000101000000010000000100010011
00000000000000001000000001100111
11111011000000010000000100010011
00000100000100010010011000100011
00000100100000010010010000100011
00000101000000010000010000010011
11111010101001000010111000100011
11111010101101000010110000100011
11111010110001000010101000100011
11111111111100000000011110010011
11111110111101000010011000100011
11111110000001000000010110100011
00000000000100000000011110010011
11111110111101000000010100100011
11111011100001000010010100000011
00000000000000000000000000010011
00000000101000000000011110110011
11111110111101000001001000100011
11111110010001000101011100000011
00000000011100000000011110010011
00000000111001111110011001100011
00000000000100000000011110010011
01101110000000000000000001101111
11111011100001000010011110000011
00000000011101111000011110010011
00000000000001111100011110000011
00000000111100000000011100110011
11111110010001000101011110000011
11111111100001111000011110010011
00000000111101110000011001100011
00000000000100000000011110010011
01101011110000000000000001101111
11111100100001000000011110010011
00000001011000000000011000010011
00000000000000000000010110010011
00000000111100000000010100110011
00000000000000000000000000010011
00000000100000000000011110010011
11111110111101000001010000100011
00001110110000000000000001101111
11111110100001000101011110000011
11111011100001000010011100000011
00000000111101110000011110110011
00000000000001111100011100000011
00001000001100000000011110010011
00000110111101110001000001100011
11111110100001000101011110000011
00000000001001111000011100010011
11111110010001000101011110000011
00000100111101110101100001100011
11111110100001000101011110000011
00000000001001111000011110010011
11111011100001000010011100000011
00000000111101110000011110110011
00000000000001111100011110000011
00001111110001111111011110010011
11111110111101000010011000100011
11111110100001000101011110000011
00000000001001111000011110010011
11111011100001000010011100000011
00000000111101110000011110110011
00000000000001111100011110000011
00000000001101111111011110010011
11111110111101000000010110100011
11111110101101000100011110000011
00000000111100000011011110110011
00001111111101111111011110010011
11111110111101000000010110100011
00000100010000000000000001101111
11111110100001000101011110000011
11111011100001000010011100000011
00000000111101110000011110110011
00000000000001111100011100000011
00001000010000000000011110010011
00000010111101110001011001100011
11111110100001000101011110000011
00000000001101111000011100010011
11111110010001000101011110000011
00000000111101110101111001100011
11111110100001000101011110000011
00000000001101111000011110010011
11111011100001000010011100000011
00000000111101110000011110110011
00000000000001111100011110000011
11111110111101000000010100100011
11111110100001000101011110000011
00000000000101111000011110010011
11111011100001000010011100000011
00000000111101110000011110110011
00000000000001111100011110000011
00000001000001111001011100010011
00000001000001110101011100010011
11111110100001000101011110000011
00000000111101110000011110110011
00000001000001111001011110010011
00000001000001111101011110010011
00000000001001111000011110010011
11111110111101000001010000100011
11111110100001000101011110000011
00000000000101111000011100010011
11111110010001000101011110000011
11110000111101110100011011100011
11111110110001000010011110000011
00001010000001111101110001100011
11111011110001000010011100000011
00000000000000000001011110110111
00000000000001111000011110010011
11010000010101111000011110010011
00001000111101110000100001100011
11111011110001000010011100000011
00000000000000000001011110110111
00000000000001111000011110010011
11010000010101111000011110010011
00001000111001111110010001100011
11111011110001000010011100000011
00000000000000000001011110110111
00000000000001111000011110010011
11010000001101111000011110010011
00000100111101110000111001100011
11111011110001000010011100000011
00000000000000000001011110110111
00000000000001111000011110010011
11010000001101111000011110010011
00000110111001111110000001100011
11111011110001000010011100000011
00000000000000000001011110110111
00000000000001111000011110010011
11010000000001111000011110010011
00000000111101110000111001100011
11111011110001000010011100000011
00000000000000000001011110110111
00000000000001111000011110010011
11010000001001111000011110010011
00000000111101110000101001100011
00000011010000000000000001101111
00001100000000000000011110010011
11111110111101000010011000100011
00000011010000000000000001101111
00001010000000000000011110010011
11111110111101000010011000100011
00000010100000000000000001101111
00000000010000000000011110010011
11111110111101000010011000100011
00000001110000000000000001101111
00000000010000000000011110010011
11111110111101000010011000100011
00000001000000000000000001101111
00000000000100000000011110010011
01001110100000000000000001101111
00000000000000000000000000010011
11111011110001000010011110000011
00000000100001111001011100010011
11111110110001000010011110000011
00000000111101110110011110110011
11111110111101000010000000100011
11111110101101000100011000000011
11111100100001000000011110010011
00000000000100000000011100010011
00000001000000000000011010010011
11111110000001000010010110000011
00000000111100000000010100110011
00000000000000000000000000010011
00000000101000000000011110110011
00000000000001111001011001100011
00000000001000000000011110010011
01001010010000000000000001101111
11111100100001000000011110010011
00000001000001111000011110010011
00000000000100000000011100010011
00000000011000000000011010010011
00000000011000000000011000010011
11111110000001000010010110000011
00000000111100000000010100110011
00000000000000000000000000010011
00000000101000000000011110110011
00000000000001111001011001100011
00000000001000000000011110010011
01000111010000000000000001101111
00000000100000000000011110010011
11111110111101000001010000100011
00011100100000000000000001101111
11111110100001000101011110000011
11111011100001000010011100000011
00000000111101110000011110110011
00000000000001111100011100000011
00001000000000000000011110010011
00010110111101110001111001100011
11111110100001000101011110000011
00000000100101111000011100010011
11111110010001000101011110000011
00010110111101110101011001100011
11111110100001000101011110000011
00000000001001111000011110010011
11111110100001000101011100000011
00000000000101110000011100010011
11111011100001000010011010000011
00000000111001101000011100110011
00000000000001110100011100000011
00000000111001111000011100110011
11111110010001000101011110000011
00010100111001111100001001100011
11111110110001000010011100000011
00001010000000000000011110010011
00000010111101110000010001100011
11111110110001000010011100000011
00001100000000000000011110010011
00000000111101110000111001100011
11111110110001000010011100000011
00001100010000000000011110010011
00000000111101110000100001100011
11111110110001000010011100000011
00001100100000000000011110010011
00010000111101110001101001100011
11111110100001000101011110000011
00000000000101111000011110010011
11111011100001000010011100000011
00000000111101110000011110110011
00000000000001111100011110000011
11111100111101000000111110100011
11111110100001000101011110000011
00000000001001111000011110010011
11111011100001000010011100000011
00000000111101110000010100110011
11111110101001000100011110000011
11111101111101000100011100000011
11111100100001000000011010010011
11111110110001000010011000000011
11111011110001000010010110000011
00000000000000000000000000010011
00000000101000000000011110110011
11111100111101000000111100100011
11111101111001000100011110000011
00000000000001111000111001100011
11111101111001000100011100000011
11111110010001000101011010000011
11111110100001000101011110000011
00000000010101111000011110010011
01000000111101101000011110110011
00000000111001111101011001100011
00000000000100000000011110010011
00110111100000000000000001101111
11111110100001000101011110000011
00000000010101111000011110010011
11111011100001000010011100000011
00000000111101110000011110110011
11111000000100000000011100010011
00000000111001111000000000100011
11111110100001000101011110000011
00000000011001111000011110010011
11111011100001000010011100000011
00000000111101110000011110110011
00000111000000000000011100010011
00000000111001111000000000100011
11111110100001000101011110000011
00000000011101111000011110010011
11111011100001000010011100000011
00000000111101110000011110110011
11111101111001000100011100000011
00000000111001111000000000100011
11111110100001000101011110000011
00000000100001111000011110010011
11111011100001000010011100000011
00000000111101110000011110110011
11111000000100000000011100010011
00000000111001111000000000100011
11111110100001000101011110000011
00000000100101111000011110010011
11111011100001000010011100000011
00000000111101110000011110110011
11111111111100000000011100010011
00000000111001111000000000100011
11111110100001000101011110000011
00000000010101111000011110010011
11111011100001000010011100000011
00000000111101110000011110110011
11111011010001000010011000000011
00000000111100000000010110110011
11111011110001000010010100000011
00000000000000000000000000010011
00000000101000000000011110110011
00101101100000000000000001101111
11111110100001000101011110000011
00000000000101111000011110010011
11111011100001000010011100000011
00000000111101110000011110110011
00000000000001111100011110000011
00000001000001111001011100010011
00000001000001110101011100010011
11111110100001000101011110000011
00000000111101110000011110110011
00000001000001111001011110010011
00000001000001111101011110010011
00000000001001111000011110010011
11111110111101000001010000100011
11111110100001000101011110000011
00000000000101111000011100010011
11111110010001000101011110000011
11100010111101110100100011100011
11111110010001000101011100000011
00000000111100000000011110010011
00000000111001111110011001100011
00000000000100000000011110010011
00101000000000000000000001101111
11111011100001000010011110000011
00000000010101111000011100010011
11111110010001000101011110000011
11111111000101111000011110010011
00000000111100000000010110110011
11111100000001000000011010010011
11111100100001000000011110010011
00000000111100000000011000110011
00000000111000000000010100110011
00000000000000000000000000010011
00000000100000000000011110010011
11111110111101000001010000100011
00010101110000000000000001101111
11111110100001000101011110000011
11111011100001000010011100000011
00000000111101110000011110110011
00000000000001111100011110000011
00001101110000000000011100010011
00000000111101110100100001100011
00001101101000000000011100010011
00000000111001111101101001100011
00010000010000000000000001101111
00001101111100000000011100010011
00001010111001111000001001100011
00001111100000000000000001101111
11111110100001000101011110000011
00000000001001111000011110010011
11111110100001000101011100000011
00000000000101110000011100010011
11111011100001000010011010000011
00000000111001101000011100110011
00000000000001110100011100000011
00000000111001111000011100110011
11111110010001000101011110000011
00001010111001111100111001100011
11111110000001000001001100100011
00000100110000000000000001101111
11111110100001000101011110000011
00000000001001111000011100010011
11111110011001000101011110000011
00000000111101110000011110110011
00000000111100000000011100110011
11111011100001000010011110000011
00000000111001111000011100110011
11111011100001000010011110000011
00000000010101111000011110010011
00000000000001111100011110000011
11111100100001000000011010010011
00000000110100000000011000110011
00000000111100000000010110110011
00000000111000000000010100110011
00000000000000000000000000010011
11111110011001000101011110000011
00000000100001111000011110010011
11111110111101000001001100100011
11111110011001000101011110000011
00000000011101111000011110010011
11111110100001000101011100000011
00000000000101110000011100010011
11111011100001000010011010000011
00000000111001101000011100110011
00000000000001110100011100000011
11111000111001111100111011100011
00000101110000000000000001101111
11111110100001000101011110000011
00000000100101111000011100010011
11111110010001000101011110000011
00000100111101110101000001100011
11111110100001000101011110000011
00000000001001111000011110010011
11111011100001000010011100000011
00000000111101110000011110110011
11111100000001000000011100010011
00000000100000000000011000010011
00000000111000000000010110110011
00000000111100000000010100110011
00000000000000000000000000010011
00000000101000000000011110110011
00000000000001111000111001100011
00000000011000000000011110010011
00010011110000000000000001101111
00000000000000000000000000010011
00000001000000000000000001101111
00000000000000000000000000010011
00000000100000000000000001101111
00000000000000000000000000010011
11111110100001000101011110000011
00000000000101111000011110010011
11111011100001000010011100000011
00000000111101110000011110110011
00000000000001111100011110000011
00000001000001111001011100010011
00000001000001110101011100010011
11111110100001000101011110000011
00000000111101110000011110110011
00000001000001111001011110010011
00000001000001111101011110010011
00000000001001111000011110010011
11111110111101000001010000100011
11111110100001000101011110000011
00000000000101111000011100010011
11111110010001000101011110000011
11101000111101110100111011100011
00000000100000000000011110010011
11111110111101000001010000100011
00001100010000000000000001101111
11111110100001000101011110000011
11111011100001000010011100000011
00000000111101110000011110110011
00000000000001111100011110000011
00000000111100000000011100110011
00001101101100000000011110010011
00000110111101110001101001100011
11111110100001000101011110000011
00000000001001111000011110010011
11111110100001000101011100000011
00000000000101110000011100010011
11111011100001000010011010000011
00000000111001101000011100110011
00000000000001110100011100000011
00000000111001111000011100110011
11111110010001000101011110000011
00000100111001111100010001100011
11111110100001000101011110000011
00000000000101111000011110010011
11111011100001000010011100000011
00000000111101110000011110110011
00000000000001111100011100000011
00000001000000000000011110010011
00000010111101110001011001100011
11111110100001000101011110000011
00000000001001111000011110010011
11111011100001000010011100000011
00000000111101110000011110110011
00000001000000000000011000010011
00000000111100000000010110110011
11111011010001000010010100000011
00000000000000000000000000010011
00000000000000000000011110010011
00000101000000000000000001101111
00000000000000000000000000010011
11111110100001000101011110000011
00000000000101111000011110010011
11111011100001000010011100000011
00000000111101110000011110110011
00000000000001111100011110000011
00000001000001111001011100010011
00000001000001110101011100010011
11111110100001000101011110000011
00000000111101110000011110110011
00000001000001111001011110010011
00000001000001111101011110010011
00000000001001111000011110010011
11111110111101000001010000100011
11111110100001000101011110000011
00000000000101111000011100010011
11111110010001000101011110000011
11110010111101110100101011100011
00000000010100000000011110010011
00000000111100000000010100110011
00000100110000010010000010000011
00000100100000010010010000000011
00000101000000010000000100010011
00000000000000001000000001100111
