11111110000000010000000100010011
00000000000100010010111000100011
00000000100000010010110000100011
00000010000000010000010000010011
11111110101001000010011000100011
11111110101101000010010000100011
11111110110001000010011110000011
00000000000001111100011110000011
00001000001000000000011100010011
00010000111001111000010001100011
00001000001100000000011100010011
00010000111001111001101001100011
11111110110001000010011110000011
01000000100001111000011110010011
00000000100000000000011000010011
00000000000000000000010110010011
00000000111100000000010100110011
00000000000000000000000000010011
11111110110001000010011110000011
00000000010101111100011100000011
11111110110001000010011110000011
01000000111001111000010000100011
11111110110001000010011110000011
00000000010001111100011100000011
11111110110001000010011110000011
01000000111001111000010010100011
11111110110001000010011110000011
00000000001101111100011100000011
11111110110001000010011110000011
01000000111001111000010100100011
11111110110001000010011110000011
00000000011101111100011100000011
00000001000000000000011110010011
00000100111101110001011001100011
11111110110001000010011110000011
00000000001000000000011100010011
01000000111001111000100000100011
11111110100001000010011100000011
00000000000000000001011110110111
00000000000001111000011110010011
11011101110001111000011110010011
00000000111101110000011100110011
11111110110001000010011110000011
01000000100001111000011110010011
00000000001100000000011000010011
00000000111100000000010110110011
00000000111000000000010100110011
00000000000000000000000000010011
00000000101000000000011110110011
00000000000101111011011110010011
00001111111101111111011110010011
00001000000000000000000001101111
11111110110001000010011110000011
00000000011001111100011100000011
11111110110001000010011110000011
01000000111001111000010110100011
11111110110001000010011110000011
00000000000100000000011100010011
01000000111001111000100000100011
11111110100001000010011100000011
00000000000000000001011110110111
00000000000001111000011110010011
11001101000001111000011110010011
00000000111101110000011110110011
00000000001001111000011100010011
11111110110001000010011110000011
01000000100001111000011110010011
00000000010000000000011000010011
00000000111100000000010110110011
00000000111000000000010100110011
00000000000000000000000000010011
00000000101000000000011110110011
00000000000101111011011110010011
00001111111101111111011110010011
00000010010000000000000001101111
11111110110001000010011110000011
00000000001100000000011100010011
01000000111001111000100000100011
00000000000100000000011110010011
00000001000000000000000001101111
11111110110001000010011110000011
01000000000001111000100000100011
00000000000100000000011110010011
00000000111100000000010100110011
00000001110000010010000010000011
00000001100000010010010000000011
00000010000000010000000100010011
00000000000000001000000001100111
11111101000000010000000100010011
00000010000100010010011000100011
00000010100000010010010000100011
00000011000000010000010000010011
11111100101001000010111000100011
11111100101101000010110000100011
11111100110001000010101000100011
11111101100001000010011110000011
00000000000001111010011110000011
01000110000001111001111001100011
00000000001100000000011110010011
11111110111101000010011000100011
11111110110001000010011100000011
00000000111000000000011110110011
00000000010001111001011110010011
00000000111001111000011110110011
00000000000101111001011110010011
00000000111100000000010110110011
11111101100001000010010100000011
00000000000000000000000000010011
00000000101000000000011110110011
00000000000101111100011110010011
00001111111101111111011110010011
00000000000001111000011001100011
00000000000000000000011110010011
01000100000000000000000001101111
11111101100001000010011110000011
00000000000001111010011110000011
11111110111101000010010000100011
11111101010001000010011110000011
00000000000001111010000000100011
11111110000001000010001000100011
11111110010001000010011100000011
00000000111000000000011110110011
00000000010001111001011110010011
00000000111001111000011110110011
00000000000101111001011110010011
00000000111100000000011100110011
11111110100001000010011110000011
00000000111001111000011110110011
00000000000100000000011100010011
00000000111001111000000000100011
11111110010001000010011100000011
00000000111000000000011110110011
00000000010001111001011110010011
00000000111001111000011110110011
00000000000101111001011110010011
00000000111100000000011100110011
11111110100001000010011110000011
00000000111001111000011110110011
00000000000100000000011100010011
00000000111001111000000010100011
11111110010001000010011100000011
00000000111000000000011110110011
00000000010001111001011110010011
00000000111001111000011110110011
00000000000101111001011110010011
00000000111100000000011100110011
11111110100001000010011110000011
00000000111001111000011110110011
11111000001100000000011100010011
00000000111001111000000100100011
11111110010001000010011100000011
00000000111000000000011110110011
00000000010001111001011110010011
00000000111001111000011110110011
00000000000101111001011110010011
00000000111100000000011100110011
11111110100001000010011110000011
00000000111001111000011110110011
11111101110001000010011010000011
00000000000000000001011100110111
00000000000001110000011100010011
00000000111001101000011100110011
11001101010001110100011100000011
00000000111001111000000110100011
11111110010001000010011100000011
00000000111000000000011110110011
00000000010001111001011110010011
00000000111001111000011110110011
00000000000101111001011110010011
00000000111100000000011100110011
11111110100001000010011110000011
00000000111001111000011110110011
11111101110001000010011010000011
00000000000000000001011100110111
00000000000001110000011100010011
00000000111001101000011100110011
11001101001101110100011100000011
00000000111001111000001000100011
11111110010001000010011100000011
00000000111000000000011110110011
00000000010001111001011110010011
00000000111001111000011110110011
00000000000101111001011110010011
00000000111100000000011100110011
11111110100001000010011110000011
00000000111001111000011110110011
11111101110001000010011010000011
00000000000000000001011100110111
00000000000001110000011100010011
00000000111001101000011100110011
11001101001001110100011100000011
00000000111001111000001010100011
11111110010001000010011100000011
00000000111000000000011110110011
00000000010001111001011110010011
00000000111001111000011110110011
00000000000101111001011110010011
00000000111100000000011100110011
11111110100001000010011110000011
00000000111001111000011110110011
11111101110001000010011010000011
00000000000000000001011100110111
00000000000001110000011100010011
00000000111001101000011100110011
11001101010101110100011100000011
00000000111001111000001100100011
11111110010001000010011100000011
00000000111000000000011110110011
00000000010001111001011110010011
00000000111001111000011110110011
00000000000101111001011110010011
00000000111100000000011100110011
11111110100001000010011110000011
00000000111001111000011110110011
00000000000001111000001110100011
11111110010001000010011100000011
00000000111000000000011110110011
00000000010001111001011110010011
00000000111001111000011110110011
00000000000101111001011110010011
00000000111100000000011100110011
11111110100001000010011110000011
00000000111001111000011110110011
00000001001001111000011110010011
00000000011000000000011000010011
00001111111100000000010110010011
00000000111100000000010100110011
00000000000000000000000000010011
11111110010001000010011110000011
00000000000101111000011110010011
11111110111101000010001000100011
11111110010001000010011100000011
00000000111000000000011110110011
00000000010001111001011110010011
00000000111001111000011110110011
00000000000101111001011110010011
00000000111100000000011100110011
11111110100001000010011110000011
00000000111001111000011110110011
00000000001000000000011100010011
00000000111001111000000000100011
11111110010001000010011100000011
00000000111000000000011110110011
00000000010001111001011110010011
00000000111001111000011110110011
00000000000101111001011110010011
00000000111100000000011100110011
11111110100001000010011110000011
00000000111001111000011110110011
00000000000100000000011100010011
00000000111001111000000010100011
11111110010001000010011100000011
00000000111000000000011110110011
00000000010001111001011110010011
00000000111001111000011110110011
00000000000101111001011110010011
00000000111100000000011100110011
11111110100001000010011110000011
00000000111001111000011110110011
11111000001100000000011100010011
00000000111001111000000100100011
11111110010001000010011100000011
00000000111000000000011110110011
00000000010001111001011110010011
00000000111001111000011110110011
00000000000101111001011110010011
00000000111100000000011100110011
11111110100001000010011110000011
00000000111001111000011110110011
11111101110001000010011010000011
00000000000000000001011100110111
00000000000001110000011100010011
00000000111001101000011100110011
11011101111001110100011100000011
00000000111001111000000110100011
11111110010001000010011100000011
00000000111000000000011110110011
00000000010001111001011110010011
00000000111001111000011110110011
00000000000101111001011110010011
00000000111100000000011100110011
11111110100001000010011110000011
00000000111001111000011110110011
11111101110001000010011010000011
00000000000000000001011100110111
00000000000001110000011100010011
00000000111001101000011100110011
11011101110101110100011100000011
00000000111001111000001000100011
11111110010001000010011100000011
00000000111000000000011110110011
00000000010001111001011110010011
00000000111001111000011110110011
00000000000101111001011110010011
00000000111100000000011100110011
11111110100001000010011110000011
00000000111001111000011110110011
11111101110001000010011010000011
00000000000000000001011100110111
00000000000001110000011100010011
00000000111001101000011100110011
11011101110001110100011100000011
00000000111001111000001010100011
11111110010001000010011100000011
00000000111000000000011110110011
00000000010001111001011110010011
00000000111001111000011110110011
00000000000101111001011110010011
00000000111100000000011100110011
11111110100001000010011110000011
00000000111001111000011110110011
00000000000001111000001100100011
11111110010001000010011100000011
00000000111000000000011110110011
00000000010001111001011110010011
00000000111001111000011110110011
00000000000101111001011110010011
00000000111100000000011100110011
11111110100001000010011110000011
00000000111001111000011110110011
00000001000000000000011100010011
00000000111001111000001110100011
11111110010001000010011100000011
00000000111000000000011110110011
00000000010001111001011110010011
00000000111001111000011110110011
00000000000101111001011110010011
00000000111100000000011100110011
11111110100001000010011110000011
00000000111001111000011110110011
00000001001001111000011110010011
00000000011000000000011000010011
00001111111100000000010110010011
00000000111100000000010100110011
00000000000000000000000000010011
11111110010001000010011110000011
00000000000101111000011110010011
11111110111101000010001000100011
11111110010001000010011100000011
00000000111000000000011110110011
00000000010001111001011110010011
00000000111001111000011110110011
00000000000101111001011110010011
00000000111100000000011100110011
11111110100001000010011110000011
00000000111001111000011110110011
00000000010000000000011100010011
00000000111001111000000000100011
11111110010001000010011100000011
00000000111000000000011110110011
00000000010001111001011110010011
00000000111001111000011110110011
00000000000101111001011110010011
00000000111100000000011100110011
11111110100001000010011110000011
00000000111001111000011110110011
00000000000100000000011100010011
00000000111001111000000010100011
11111110010001000010011100000011
00000000111000000000011110110011
00000000010001111001011110010011
00000000111001111000011110110011
00000000000101111001011110010011
00000000111100000000011100110011
11111110100001000010011110000011
00000000111001111000011110110011
11111000001000000000011100010011
00000000111001111000000100100011
11111110010001000010011100000011
00000000111000000000011110110011
00000000010001111001011110010011
00000000111001111000011110110011
00000000000101111001011110010011
00000000111100000000011100110011
11111110100001000010011110000011
00000000111001111000011110110011
11111111111100000000011100010011
00000000111001111000100100100011
11111110010001000010011110000011
00000000000101111000011110010011
11111110111101000010001000100011
11111110010001000010011100000011
11111101010001000010011110000011
00000000111001111010000000100011
00000000000100000000011110010011
00000000111100000000010100110011
00000010110000010010000010000011
00000010100000010010010000000011
00000011000000010000000100010011
00000000000000001000000001100111
