11111101000000010000000100010011
00000010000100010010011000100011
00000010100000010010010000100011
00000011000000010000010000010011
11111100101001000010111000100011
11111100101101000010110000100011
11111101110001000010011110000011
00000000000001111001011001100011
11111001110000000000011110010011
00001010010000000000000001101111
11111101100001000010011110000011
00000000000001111001011001100011
11111001111000000000011110010011
00001001010000000000000001101111
11111101100001000010011110000011
00000000011101111111011110010011
00000000000001111001101001100011
11111101100001000010011110000011
00000000001101111101011110010011
11111110111101000010011000100011
00000001010000000000000001101111
11111101100001000010011110000011
00000000001101111101011110010011
00000000000101111000011110010011
11111110111101000010011000100011
11111110110001000010011110000011
00000000111100000000010100110011
00000000000000000000000000010011
00000000101000000000011110110011
00000000111100000000011100110011
11111101110001000010011110000011
00000000111001111010010000100011
11111101110001000010011110000011
00000000100001111010011110000011
00000000000001111001011001100011
11111010000100000000011110010011
00000011100000000000000001101111
11111110110001000010011100000011
11111101110001000010011110000011
00000000111001111010001000100011
11111101110001000010011110000011
00000000100001111010011110000011
00000000000100000000011000010011
00000000000000000000010110010011
00000000111100000000010100110011
00000000000000000000000000010011
11111101110001000010011110000011
11111101100001000010011100000011
00000000111001111010000000100011
00000000000000000000011110010011
00000000111100000000010100110011
00000010110000010010000010000011
00000010100000010010010000000011
00000011000000010000000100010011
00000000000000001000000001100111
11111110000000010000000100010011
00000000000100010010111000100011
00000000100000010010110000100011
00000010000000010000010000010011
11111110101001000010011000100011
11111110110001000010011110000011
00000000100001111010011110000011
00000000111100000000010100110011
00000000000000000000000000010011
11111110110001000010011110000011
00000000000001111010000000100011
11111110110001000010011110000011
00000000000001111010001000100011
11111110110001000010011110000011
00000000000001111010010000100011
00000000000000000000011110010011
00000000111100000000010100110011
00000001110000010010000010000011
00000001100000010010010000000011
00000010000000010000000100010011
00000000000000001000000001100111
11111101000000010000000100010011
00000010100000010010011000100011
00000011000000010000010000010011
11111100101001000010111000100011
11111100101101000010110000100011
11111101110001000010011110000011
00000000000001111001011001100011
11111001110000000000011110010011
00001001110000000000000001101111
11111101110001000010011110000011
00000000100001111010011110000011
00000000000001111001011001100011
11111001111100000000011110010011
00001000100000000000000001101111
11111101110001000010011110000011
00000000000001111010011110000011
11111101100001000010011100000011
00000000111101110110011001100011
11111010000000000000011110010011
00000111000000000000000001101111
11111101110001000010011110000011
00000000100001111010011100000011
11111101100001000010011110000011
00000000001101111101011110010011
00000000111101110000011110110011
00000000000001111100011110000011
11111110111101000000011110100011
11111101100001000010011110000011
00000000011101111111011110010011
11111100111101000010110000100011
00000000011100000000011100010011
11111101100001000010011110000011
01000000111101110000011110110011
00000000000100000000011100010011
00000000111101110001011110110011
11111110111101000000011100100011
11111110111101000100011100000011
11111110111001000100011110000011
00000000111101110111011110110011
00001111111101111111011110010011
00000000111100000000011010110011
00000000011100000000011100010011
11111101100001000010011110000011
01000000111101110000011110110011
01000000111101101101011110110011
11111110111101000010010000100011
11111110100001000010011110000011
00000000111100000000010100110011
00000010110000010010010000000011
00000011000000010000000100010011
00000000000000001000000001100111
11111101000000010000000100010011
00000010100000010010011000100011
00000011000000010000010000010011
11111100101001000010111000100011
11111100101101000010110000100011
11111100110001000010101000100011
11111101110001000010011110000011
00000000000001111001011001100011
11111001110000000000011110010011
00001111010000000000000001101111
11111101110001000010011110000011
00000000100001111010011110000011
00000000000001111001011001100011
11111001111100000000011110010011
00001110000000000000000001101111
11111101110001000010011110000011
00000000000001111010011110000011
11111101100001000010011100000011
00000000111101110110011001100011
11111010000000000000011110010011
00001100100000000000000001101111
11111101010001000010011110000011
00000000000001111000110001100011
11111101010001000010011100000011
00000000000100000000011110010011
00000000111101110000011001100011
11111001110100000000011110010011
00001010110000000000000001101111
11111101110001000010011110000011
00000000100001111010011100000011
11111101100001000010011110000011
00000000001101111101011110010011
00000000111101110000011110110011
00000000000001111100011110000011
11111110111101000000011110100011
11111101100001000010011110000011
11111111111101111100011110010011
00000000011101111111011110010011
00000000000100000000011100010011
00000000111101110001011110110011
11111110111101000000011100100011
11111101010001000010011110000011
00000100000001111001001001100011
11111110111001000000011110000011
11111111111101111100011110010011
00000001100001111001011100010011
01000001100001110101011100010011
11111110111101000000011110000011
00000000111101110111011110110011
00000001100001111001011010010011
01000001100001101101011010010011
11111101110001000010011110000011
00000000100001111010011100000011
11111101100001000010011110000011
00000000001101111101011110010011
00000000111101110000011110110011
00001111111101101111011100010011
00000000111001111000000000100011
00000010110000000000000001101111
11111101110001000010011110000011
00000000100001111010011100000011
11111101100001000010011110000011
00000000001101111101011110010011
00000000111101110000011110110011
11111110111101000100011010000011
11111110111001000100011100000011
00000000111001101110011100110011
00001111111101110111011100010011
00000000111001111000000000100011
00000000000000000000011110010011
00000000111100000000010100110011
00000010110000010010010000000011
00000011000000010000000100010011
00000000000000001000000001100111
11111110000000010000000100010011
00000000000100010010111000100011
00000000100000010010110000100011
00000010000000010000010000010011
11111110101001000010011000100011
11111110101101000010010000100011
00000000000000000000011000010011
11111110100001000010010110000011
11111110110001000010010100000011
00000000000000000000000000010011
00000000101000000000011110110011
00000000111100000000010100110011
00000001110000010010000010000011
00000001100000010010010000000011
00000010000000010000000100010011
00000000000000001000000001100111
11111110000000010000000100010011
00000000000100010010111000100011
00000000100000010010110000100011
00000010000000010000010000010011
11111110101001000010011000100011
11111110101101000010010000100011
00000000000100000000011000010011
11111110100001000010010110000011
11111110110001000010010100000011
00000000000000000000000000010011
00000000101000000000011110110011
00000000111100000000010100110011
00000001110000010010000010000011
00000001100000010010010000000011
00000010000000010000000100010011
00000000000000001000000001100111
11111110000000010000000100010011
00000000000100010010111000100011
00000000100000010010110000100011
00000010000000010000010000010011
11111110101001000010011000100011
11111110110001000010011110000011
00000000100001111010011110000011
00000010000001111000011001100011
11111110110001000010011110000011
00000000100001111010011100000011
11111110110001000010011110000011
00000000010001111010011110000011
00000000111100000000011000110011
00000000000000000000010110010011
00000000111000000000010100110011
00000000000000000000000000010011
00000000000000000000011110010011
00000000100000000000000001101111
11111001110000000000011110010011
00000000111100000000010100110011
00000001110000010010000010000011
00000001100000010010010000000011
00000010000000010000000100010011
00000000000000001000000001100111
11111101000000010000000100010011
00000010000100010010011000100011
00000010100000010010010000100011
00000011000000010000010000010011
11111100101001000010111000100011
11111100101101000010110000100011
11111100110001000010101000100011
11111101110001000010011110000011
00000000000001111000101001100011
11111101100001000010011110000011
00000000000001111000011001100011
11111101010001000010011110000011
00000000000001111001011001100011
11111001110000000000011110010011
00001011000000000000000001101111
11111101110001000010011110000011
00000000010001111010011110000011
00000000110001111000011110010011
11111110111101000010011000100011
11111110110001000010010100000011
00000000000000000000000000010011
00000000101000000000011110110011
00000000111100000000011100110011
11111101100001000010011110000011
00000000111001111010000000100011
11111101100001000010011110000011
00000000000001111010011110000011
00000000000001111001011001100011
11111010000100000000011110010011
00000111010000000000000001101111
11111101100001000010011110000011
00000000000001111010011110000011
11111101110001000010011100000011
00000000000001110010011100000011
00000000111001111010000000100011
11111101100001000010011110000011
00000000000001111010011110000011
00000000010001111000011110010011
11111101110001000010011100000011
00000000010001110010011100000011
00000000111001111010000000100011
11111101100001000010011110000011
00000000000001111010011110000011
00000000100001111000011100010011
11111101110001000010011110000011
00000000100001111010011010000011
11111101110001000010011110000011
00000000010001111010011110000011
00000000111100000000011000110011
00000000110100000000010110110011
00000000111000000000010100110011
00000000000000000000000000010011
11111101110001000010011110000011
00000000010001111010011110000011
00000000100001111000011100010011
11111101010001000010011110000011
00000000111001111010000000100011
00000000000000000000011110010011
00000000111100000000010100110011
00000010110000010010000010000011
00000010100000010010010000000011
00000011000000010000000100010011
00000000000000001000000001100111
11111101000000010000000100010011
00000010000100010010011000100011
00000010100000010010010000100011
00000010100100010010001000100011
00000011000000010000010000010011
11111100101001000010111000100011
11111100101101000010110000100011
11111110000001000010011000100011
11111101100001000010011110000011
00000000000001111000011001100011
11111101110001000010011110000011
00000000000001111001011001100011
11111001110000000000011110010011
00001100110000000000000001101111
00000000110000000000010100010011
00000000000000000000000000010011
00000000101000000000011110110011
00000000111100000000011100110011
11111101110001000010011110000011
00000000111001111010000000100011
11111101110001000010011110000011
00000000000001111010011110000011
00000000000001111001011001100011
11111010000100000000011110010011
00001010000000000000000001101111
11111101110001000010011110000011
00000000000001111010011100000011
11111101100001000010011110000011
00000000000001111010011110000011
00000000111100000000010110110011
00000000111000000000010100110011
00000000000000000000000000010011
11111110101001000010011000100011
11111110110001000010011110000011
00000000000001111000011001100011
11111110110001000010011110000011
00000111000000000000000001101111
11111101110001000010011110000011
00000000000001111010011110000011
11111101100001000010011100000011
00000000010001110010011100000011
00000000111001111010001000100011
11111101110001000010011110000011
00000000000001111010011110000011
00000000010001111010011100000011
11111101110001000010011110000011
00000000000001111010010010000011
00000000111000000000010100110011
00000000000000000000000000010011
00000000101000000000011110110011
00000000111101001010010000100011
11111101110001000010011110000011
00000000000001111010011110000011
00000000100001111010011100000011
11111101100001000010011110000011
00000000100001111000011010010011
11111101110001000010011110000011
00000000000001111010011110000011
00000000010001111010011110000011
00000000111100000000011000110011
00000000110100000000010110110011
00000000111000000000010100110011
00000000000000000000000000010011
00000000000000000000011110010011
00000000111100000000010100110011
00000010110000010010000010000011
00000010100000010010010000000011
00000010010000010010010010000011
00000011000000010000000100010011
00000000000000001000000001100111
11111101000000010000000100010011
00000010000100010010011000100011
00000010100000010010010000100011
00000011000000010000010000010011
11111101110001000000011110010011
00000000100100000000010110010011
00000000111100000000010100110011
00000000000000000000000000010011
11111110101001000010010000100011
11111110100001000010011110000011
00000000000001111000011001100011
11111111111100000000011110010011
00100101010000000000000001101111
11111101110001000000011110010011
00000000000000000000010110010011
00000000111100000000010100110011
00000000000000000000000000010011
11111110101001000010010000100011
11111101110001000000011110010011
00000000100000000000010110010011
00000000111100000000010100110011
00000000000000000000000000010011
00000000101000000000011100110011
11111110100001000010011110000011
00000000111001111110011110110011
11111110111101000010010000100011
11111110100001000010011110000011
00000000000001111000011001100011
11111111111000000000011110010011
00100001000000000000000001101111
11111101110001000000011110010011
00000000100100000000010110010011
00000000111100000000010100110011
00000000000000000000000000010011
11111110101001000010010000100011
11111110100001000010011100000011
11111010000000000000011110010011
00000000111101110000011001100011
11111111110100000000011110010011
00011110100000000000000001101111
11111110010001000010011110000011
00000000000001111100011100000011
00001000000000000000011110010011
00000000111101110000011001100011
11111111110000000000011110010011
00011101000000000000000001101111
11111110010001000010011110000011
00000000000101111000011110010011
00000000000001111100011100000011
00001000000000000000011110010011
00000000111101110000011001100011
11111111101100000000011110010011
00011011010000000000000001101111
11111101110001000000011110010011
00000000000000000000010110010011
00000000111100000000010100110011
00000000000000000000000000010011
00000000101000000000011100110011
00000000000100000000011110010011
00000000111101110000011001100011
11111111101000000000011110010011
00011001000000000000000001101111
11111101110001000000011110010011
00000000100000000000010110010011
00000000111100000000010100110011
00000000000000000000000000010011
00000000101000000000011100110011
00000000000100000000011110010011
00000000111101110000011001100011
11111111100100000000011110010011
00010110110000000000000001101111
00000000000100000000011110010011
11111110111101000010011000100011
00000011010000000000000001101111
11111110110001000010011100000011
11111101110001000000011110010011
00000000111000000000010110110011
00000000111100000000010100110011
00000000000000000000000000010011
00000000101000000000011110110011
00000000000001111000011001100011
11111111100000000000011110010011
00010011110000000000000001101111
11111110110001000010011110000011
00000000000101111000011110010011
11111110111101000010011000100011
11111110110001000010011100000011
00000000011100000000011110010011
11111100111001111101010011100011
11111101110001000000011110010011
00000000111100000000010100110011
00000000000000000000000000010011
11111101110001000000011110010011
00001000000000000000010110010011
00000000111100000000010100110011
00000000000000000000000000010011
11111110000001000010011000100011
00000011000000000000000001101111
11111110110001000010011110000011
00000000000101111111011110010011
00000000000001111001110001100011
11111110110001000010011100000011
11111101110001000000011110010011
00000000111000000000010110110011
00000000111100000000010100110011
00000000000000000000000000010011
11111110110001000010011110000011
00000000000101111000011110010011
11111110111101000010011000100011
11111110110001000010011100000011
00000111111100000000011110010011
11111100111001111101011011100011
11111100000001000010110000100011
11111101010001000000011010010011
11111101100001000000011100010011
11111101110001000000011110010011
00000000110100000000011000110011
00000000111000000000010110110011
00000000111100000000010100110011
00000000000000000000000000010011
11111110101001000010010000100011
11111110100001000010011110000011
00000000000001111000011001100011
11111111011100000000011110010011
00001001010000000000000001101111
11111100000001000010100000100011
11111101100001000010011100000011
11111101000001000000011110010011
00000000111000000000010110110011
00000000111100000000010100110011
00000000000000000000000000010011
11111110101001000010010000100011
11111110100001000010011110000011
00000000000001111000011001100011
11111111011100000000011110010011
00000110100000000000000001101111
11111101110001000010011100000011
11111101000001000010011110000011
00000000000001111010011110000011
00000000111101110000011001100011
11111111011000000000011110010011
00000101000000000000000001101111
11111110000001000010011100000011
11111101000001000010011110000011
00000000010001111010011110000011
00000000111101110000011001100011
11111111010100000000011110010011
00000011100000000000000001101111
11111110010001000010011100000011
11111101000001000010011110000011
00000000100001111010011110000011
11111110000001000010011010000011
00000000110100000000011000110011
00000000111100000000010110110011
00000000111000000000010100110011
00000000000000000000000000010011
00000000101000000000011110110011
00000000000001111000011001100011
11111111010000000000011110010011
00000000100000000000000001101111
00000000000000000000011110010011
00000000111100000000010100110011
00000010110000010010000010000011
00000010100000010010010000000011
00000011000000010000000100010011
00000000000000001000000001100111
