11111101000000010000000100010011
00000010000100010010011000100011
00000010100000010010010000100011
00000011000000010000010000010011
11111100101001000010111000100011
11111100101101000010110000100011
11111100110001000010101000100011
11111101100001000010011110000011
00000000110001111010011100000011
11111101010001000010011110000011
00000000110001111010011110000011
00001000111101110000111001100011
11111101100001000010011110000011
00000000110001111010011110000011
00000000000001111000111001100011
11111101100001000010011110000011
11111110111101000010011000100011
11111101010001000010011110000011
11111100111101000010110000100011
11111110110001000010011110000011
11111100111101000010101000100011
11111101010001000010010110000011
11111101100001000010010100000011
00000000000000000000000000010011
00000000101000000000011110110011
00000010000001111101101001100011
11111101100001000010011000000011
11111101010001000010010110000011
11111101110001000010010100000011
00000000000000000000000000010011
00000000101000000000011110110011
00000000000001111001011001100011
00000000000000000000011110010011
00001000110000000000000001101111
11111101110001000010011110000011
00000000000100000000011100010011
00000000111001111010011000100011
00000010110000000000000001101111
11111101010001000010011000000011
11111101100001000010010110000011
11111101110001000010010100000011
00000000000000000000000000010011
00000000101000000000011110110011
00000000000001111001011001100011
00000000000000000000011110010011
00000101110000000000000001101111
11111101110001000010011110000011
00000000000001111010011000100011
00000000000100000000011110010011
00000100110000000000000001101111
11111101100001000010011110000011
00000000110001111010011110000011
00000000000001111000101001100011
11111101110001000010011110000011
00000000000100000000011100010011
00000000111001111010011000100011
00000000110000000000000001101111
11111101110001000010011110000011
00000000000001111010011000100011
11111101010001000010011000000011
11111101100001000010010110000011
11111101110001000010010100000011
00000000000000000000000000010011
00000000101000000000011110110011
00000000000001111001011001100011
00000000000000000000011110010011
00000000100000000000000001101111
00000000000100000000011110010011
00000000111100000000010100110011
00000010110000010010000010000011
00000010100000010010010000000011
00000011000000010000000100010011
00000000000000001000000001100111
11111100000000010000000100010011
00000010000100010010111000100011
00000010100000010010110000100011
00000010100100010010101000100011
00000100000000010000010000010011
11111100101001000010011000100011
11111100101101000010010000100011
11111100110001000010001000100011
11111100100001000010011110000011
00000000010001111010011100000011
11111100010001000010011110000011
00000000010001111010011110000011
00000000111101110101111001100011
11111100100001000010011110000011
11111110111101000010000000100011
11111100010001000010011110000011
11111100111101000010010000100011
11111110000001000010011110000011
11111100111101000010001000100011
11111100100001000010011110000011
00000000010001111010011110000011
11111100111101000010111000100011
11111100010001000010011110000011
00000000010001111010011110000011
11111100111101000010110000100011
11111100110001000010011110000011
00000000100001111010011110000011
11111101110001000010011100000011
00000010111101110100010001100011
11111101110001000010011110000011
00000000000101111000011110010011
00000000111100000000010110110011
11111100110001000010010100000011
00000000000000000000000000010011
00000000101000000000011110110011
00000000000101111011011110010011
00001111111101111111011110010011
00000001000000000000000001101111
11111100110001000010011110000011
00000000000101111011011110010011
00001111111101111111011110010011
00000000000001111000011001100011
00000000000000000000011110010011
00010110000000000000000001101111
11111100110001000010011110000011
11111101110001000010011100000011
00000000111001111010001000100011
11111100100001000010011110000011
00000000000001111010011110000011
11111110111101000010011000100011
11111100010001000010011110000011
00000000000001111010011110000011
11111100111101000010101000100011
11111100110001000010011110000011
00000000000001111010011110000011
11111110111101000010010000100011
11111110000001000010001000100011
11111101100001000010011010000011
11111101010001000010011000000011
11111110110001000010010110000011
11111110100001000010010100000011
00000000000000000000000000010011
11111110101001000010001000100011
11111101100001000010011110000011
00000000001001111001011110010011
11111110100001000010011100000011
00000000111101110000011110110011
11111110111101000010010000100011
11111101100001000010011110000011
00000000001001111001011110010011
11111110110001000010011100000011
00000000111101110000011110110011
11111110111101000010011000100011
11111101100001000010011110000011
00000000001001111001011110010011
11111101010001000010011100000011
00000000111101110000011110110011
11111100111101000010101000100011
11111101100001000010010010000011
11111110010001000010011110000011
00001000000001111000011001100011
00000100100000000000000001101111
00000000000101001000010010010011
11111110110001000010011110000011
00000000010001111000011100010011
11111110111001000010011000100011
00000000000001111010011110000011
11111100111101000010100000100011
11111110100001000010011110000011
00000000010001111000011100010011
11111110111001000010010000100011
11111101000001000010011100000011
00000000000101110000011100010011
00000000111001111010000000100011
00000000000001111010011110000011
11111101000001000010011100000011
00000000111001111110011001100011
11111110000001000010001000100011
00000000110000000000000001101111
11111101110001000010011110000011
11111010111101001100110011100011
11111101110001000010011110000011
00000010111101001100101001100011
11111110010001000010011110000011
00000010000001111000011001100011
11111110100001000010011110000011
00000000010001111000011100010011
11111110111001000010010000100011
00000000000100000000011100010011
00000000111001111010000000100011
11111100110001000010011110000011
00000000010001111010011110000011
00000000000101111000011100010011
11111100110001000010011110000011
00000000111001111010001000100011
11111110100001000010011100000011
11111110110001000010011110000011
00000010111101110000101001100011
00000010100000000000000001101111
11111110110001000010011100000011
00000000010001110000011110010011
11111110111101000010011000100011
11111110100001000010011110000011
00000000010001111000011010010011
11111110110101000010010000100011
00000000000001110010011100000011
00000000111001111010000000100011
00000000000101001000010010010011
11111101110001000010011110000011
11111100111101001100110011100011
00000000000100000000011110010011
00000000111100000000010100110011
00000011110000010010000010000011
00000011100000010010010000000011
00000011010000010010010010000011
00000100000000010000000100010011
00000000000000001000000001100111
11111011000000010000000100010011
00000100000100010010011000100011
00000100100000010010010000100011
00000100100100010010001000100011
00000101001000010010000000100011
00000011001100010010111000100011
00000011010000010010110000100011
00000011010100010010101000100011
00000101000000010000010000010011
11111010101001000010111000100011
11111010101101000010110000100011
11111010110001000010101000100011
11111011100001000010011110000011
00000000010001111010011100000011
11111011010001000010011110000011
00000000010001111010011110000011
00000000111101110101011001100011
00000000000000000000011110010011
00100111010000000000000001101111
11111011100001000010011110000011
00000000010001111010011110000011
11111100111101000010100000100011
11111011010001000010011110000011
00000000010001111010011110000011
11111100111101000010011000100011
11111011110001000010011110000011
00000000100001111010011110000011
11111101000001000010011100000011
00000010111001111101000001100011
11111101000001000010010110000011
11111011110001000010010100000011
00000000000000000000000000010011
00000000101000000000011110110011
00000000000101111011011110010011
00001111111101111111011110010011
00000001000000000000000001101111
11111011110001000010011110000011
00000000000101111011011110010011
00001111111101111111011110010011
00000000000001111000011001100011
00000000000000000000011110010011
00100001100000000000000001101111
11111011100001000010011110000011
00000000000001111010100100000011
11111011010001000010011110000011
00000000000001111010101010000011
11111011110001000010011110000011
00000000000001111010100110000011
11111100000001000010110000100011
11111100000001000010111000100011
00000110100000000000000001101111
00000001001000000000011110110011
00000000010001111000100100010011
00000000000001111010010010000011
00000001010100000000011110110011
00000000010001111000101010010011
00000000000001111010101000000011
11111101100001000010011110000011
00000010000001111000000001100011
00000000100110100011011110110011
00000000000101111100011110010011
00001111111101111111011110010011
11111100111101000010110000100011
01000001010001001000011110110011
11111111111101111000010010010011
00000001010000000000000001101111
00000001010001001011011110110011
00001111111101111111011110010011
11111100111101000010110000100011
01000001010001001000010010110011
00000001001100000000011110110011
00000000010001111000100110010011
00000000100101111010000000100011
11111101110001000010011110000011
00000000000101111000011110010011
11111100111101000010111000100011
11111101110001000010011100000011
11111100110001000010011110000011
11111000111101110100101011100011
11111101100001000010011110000011
00000100000001111000010001100011
00000011000000000000000001101111
11111101110001000010011110000011
00000000000101111000011110010011
11111100111101000010111000100011
00000001001000000000011110110011
00000000010001111000100100010011
00000000000001111010010010000011
11111111111101001000101000010011
00000001001100000000011110110011
00000000010001111000100110010011
00000001010001111010000000100011
00000000100110100110101001100011
11111101110001000010011100000011
11111101000001000010011110000011
11111100111101110100011011100011
00000000100000000000000001101111
00000000000000000000000000010011
00001011001010011000010001100011
11111101110001000010011110000011
00000000000101111000011100010011
11111100111001000010111000100011
11111101000001000010011100000011
00000110111001111101110001100011
00000000000010010010011110000011
00000000111110011010000000100011
11111101110001000010011110000011
00000000000101111000011100010011
11111100111001000010111000100011
11111101000001000010011100000011
00000110111001111101001001100011
00000000010010011000011110010011
00000000010010010010011100000011
00000000111001111010000000100011
11111101110001000010011110000011
00000000000101111000011100010011
11111100111001000010111000100011
11111101000001000010011100000011
00000100111001111101011001100011
00000000100010011000011110010011
00000000100010010010011100000011
00000000111001111010000000100011
11111101110001000010011110000011
00000000000101111000011100010011
11111100111001000010111000100011
11111101000001000010011100000011
00000010111001111101101001100011
00000000110010011000011110010011
00000000110010010010011100000011
00000000111001111010000000100011
00000001000010011000100110010011
00000001000010010000100100010011
11110111110111111111000001101111
00000000000000000000000000010011
00000001100000000000000001101111
00000000000000000000000000010011
00000001000000000000000001101111
00000000000000000000000000010011
00000000100000000000000001101111
00000000000000000000000000010011
11111011110001000010011110000011
11111101000001000010011100000011
00000000111001111010001000100011
11111011110001000010011110000011
00000000010001111010011110000011
00000110111100000101101001100011
11111011110001000010011110000011
00000000000001111010011100000011
11111011110001000010011110000011
00000000010001111010011110000011
00000000111100000000011010110011
01000000000000000000011110110111
00000000000001111000011110010011
11111111111101111000011110010011
00000000111101101000011110110011
00000000001001111001011110010011
00000000111101110000011110110011
11111100111101000010101000100011
00000010110000000000000001101111
11111101010001000010011110000011
11111111110001111000011100010011
11111100111001000010101000100011
00000000000001111010011110000011
00000010000001111001010001100011
11111011110001000010011110000011
00000000010001111010011110000011
11111111111101111000011100010011
11111011110001000010011110000011
00000000111001111010001000100011
11111011110001000010011110000011
00000000010001111010011110000011
11111100111100000100100011100011
00000000100000000000000001101111
00000000000000000000000000010011
00000000000100000000011110010011
00000000111100000000010100110011
00000100110000010010000010000011
00000100100000010010010000000011
00000100010000010010010010000011
00000100000000010010100100000011
00000011110000010010100110000011
00000011100000010010101000000011
00000011010000010010101010000011
00000101000000010000000100010011
00000000000000001000000001100111
11111101000000010000000100010011
00000010000100010010011000100011
00000010100000010010010000100011
00000011000000010000010000010011
11111100101001000010111000100011
11111100101101000010110000100011
11111100110001000010101000100011
11111110000001000010011000100011
11111110000001000010010000100011
11111101100001000010011110000011
00000000110001111010011110000011
00000100000001111000000001100011
11111101010001000010011110000011
00000000110001111010011110000011
00000010000001111000000001100011
11111101100001000010011110000011
11111110111101000010001000100011
11111101010001000010011110000011
11111100111101000010110000100011
11111110010001000010011110000011
11111100111101000010101000100011
00000011000000000000000001101111
00000000000100000000011110010011
11111110111101000010011000100011
00000000000100000000011110010011
11111110111101000010010000100011
00000001110000000000000001101111
11111101010001000010011110000011
00000000110001111010011110000011
00000000000001111000100001100011
00000000000100000000011110010011
11111110111101000010011000100011
11111110000001000010010000100011
11111110110001000010011110000011
00000010000001111000110001100011
11111101010001000010011000000011
11111101100001000010010110000011
11111101110001000010010100000011
00000000000000000000000000010011
00000000101000000000011110110011
00000000000001111001011001100011
00000000000000000000011110010011
00001110110000000000000001101111
11111101110001000010011110000011
11111110100001000010011100000011
00000000111001111010011000100011
00000000000100000000011110010011
00001101100000000000000001101111
11111101010001000010011110000011
00000000010001111010011010000011
11111101100001000010011110000011
00000000010001111010011100000011
00000000110100000000011110110011
00000000111001111101010001100011
00000000111000000000011110110011
11111110111101000010000000100011
11111101110001000010011110000011
00000000100001111010011110000011
11111110000001000010011100000011
00000010111001111101000001100011
11111110000001000010010110000011
11111101110001000010010100000011
00000000000000000000000000010011
00000000101000000000011110110011
00000000000101111011011110010011
00001111111101111111011110010011
00000001000000000000000001101111
11111101110001000010011110000011
00000000000101111011011110010011
00001111111101111111011110010011
00000000000001111000011001100011
00000000000000000000011110010011
00000111010000000000000001101111
11111101010001000010010110000011
11111101100001000010010100000011
00000000000000000000000000010011
00000000101000000000011110110011
00000010000001111101101001100011
11111101100001000010011000000011
11111101010001000010010110000011
11111101110001000010010100000011
00000000000000000000000000010011
00000000101000000000011110110011
00000000000001111001011001100011
00000000000000000000011110010011
00000100000000000000000001101111
11111101110001000010011110000011
00000000000100000000011100010011
00000000111001111010011000100011
00000010110000000000000001101111
11111101010001000010011000000011
11111101100001000010010110000011
11111101110001000010010100000011
00000000000000000000000000010011
00000000101000000000011110110011
00000000000001111001011001100011
00000000000000000000011110010011
00000001000000000000000001101111
11111101110001000010011110000011
00000000000001111010011000100011
00000000000100000000011110010011
00000000111100000000010100110011
00000010110000010010000010000011
00000010100000010010010000000011
00000011000000010000000100010011
00000000000000001000000001100111
