11110101000000010000000100010011
00001010000100010010011000100011
00001010100000010010010000100011
00001011000000010000010000010011
11110110101001000010011000100011
11110110101101000010010000100011
11110110110001000010001000100011
11110110110101000010000000100011
11110100111001000010111000100011
11110110000001000010011110000011
00000000010001111010011110000011
00000010000001111000001001100011
11110110000001000010011110000011
00000000010001111010011100000011
00000000000100000000011110010011
00000000111101110001111001100011
11110110000001000010011110000011
00000000000001111010011110000011
00000000000001111010011110000011
00000000000001111001011001100011
00000000000000000000011110010011
01111001000000000000000001101111
11110110000001000010010110000011
11110110010001000010010100000011
00000000000000000000000000010011
00000000101000000000011110110011
00000100000001111101001001100011
11110110100001000010011110000011
00000010000001111000000001100011
11110110010001000010010110000011
11110110100001000010010100000011
00000000000000000000000000010011
00000000101000000000011110110011
00000000000001111001011001100011
00000000000000000000011110010011
01110101100000000000000001101111
11110110110001000010011110000011
00000000000001111000100001100011
00000000000000000000010110010011
11110110110001000010010100000011
00000000000000000000000000010011
00000000000100000000011110010011
01110011110000000000000001101111
11110101110001000010010100000011
00000000000000000000000000010011
11110101110001000010010100000011
00000000000000000000000000010011
11111100101001000010001000100011
11110101110001000010010100000011
00000000000000000000000000010011
11111100101001000010000000100011
11110101110001000010010100000011
00000000000000000000000000010011
11111010101001000010111000100011
11110110110001000010011110000011
00000000000001111001101001100011
11110101110001000010010100000011
00000000000000000000000000010011
11111110101001000010001000100011
00000000110000000000000001101111
11110110110001000010011110000011
11111110111101000010001000100011
11111011110001000010011110000011
01101100000001111000000001100011
11111110010001000010011110000011
01101010000001111000110001100011
11111100010001000010011110000011
00000000000001111010011000100011
11110110000001000010010100000011
00000000000000000000000000010011
00000000101000000000011100110011
01000001111101110101011110010011
00000001101101111101011110010011
00000000111101110000011100110011
00000001111101110111011100010011
01000000111101110000011110110011
00000000111100000000011100110011
00000010000000000000011110010011
01000000111001111000011110110011
11111010111101000010110000100011
11111011100001000010011000000011
11110110000001000010010110000011
11111011110001000010010100000011
00000000000000000000000000010011
11111011110001000010011110000011
00000000000001111010011000100011
11111011100001000010011110000011
00000010000001111000011110010011
11111010111101000010110000100011
11111011100001000010011000000011
11110110010001000010010110000011
11111100000001000010010100000011
00000000000000000000000000010011
11111100000001000010011110000011
00000000000001111010011000100011
11111011110001000010011110000011
00000000010001111010011110000011
11111010111101000010101000100011
11111100000001000010011110000011
00000000010001111010011110000011
11111010111101000010100000100011
11111011000001000010011100000011
11111011010001000010011110000011
01000000111101110000011110110011
11111010111101000010011000100011
11110111000001000000011110010011
00000000111100000000010100110011
00000000000000000000000000010011
11111100000001000010011110000011
00000000000001111010011100000011
11111010110001000010011110000011
00000000001001111001011110010011
00000000111101110000011110110011
11110110111101000010100000100011
11111011010001000010011110000011
11110110111101000010101000100011
11111100000001000010011110000011
00000000100001111010011110000011
00000000000101111000011110010011
11110110111101000010110000100011
11111011110001000010011110000011
00000000000001111010011100000011
11111011010001000010011010000011
01000000000000000000011110110111
00000000000001111000011110010011
11111111111101111000011110010011
00000000111101101000011110110011
00000000001001111001011110010011
00000000111101110000011110110011
00000000000001111010011110000011
11111010111101000010010000100011
11111011010001000010011100000011
00000000000100000000011110010011
00000010111101110000100001100011
11111011110001000010011110000011
00000000000001111010011100000011
11111011010001000010011010000011
01000000000000000000011110110111
00000000000001111000011110010011
11111111111001111000011110010011
00000000111101101000011110110011
00000000001001111001011110010011
00000000111101110000011110110011
00000000000001111010011110000011
00000000100000000000000001101111
00000000000000000000011110010011
11111010111101000010001000100011
11111100000001000010011110000011
00000000000001111010011100000011
11111011000001000010011010000011
01000000000000000000011110110111
00000000000001111000011110010011
11111111111101111000011110010011
00000000111101101000011110110011
00000000001001111001011110010011
00000000111101110000011110110011
11111100111101000010111000100011
11110110010001000010011110000011
00000000110001111010011100000011
11110110000001000010011110000011
00000000110001111010011110000011
00000000111101110100011100110011
11111110010001000010011110000011
00000000111001111010011000100011
11111110010001000010011110000011
00000000100001111010011110000011
11111010110001000010011100000011
00000000111101110101101001100011
11111110010001000010011110000011
00000000000101111011011110010011
00001111111101111111011110010011
00000010010000000000000001101111
11111010110001000010011110000011
00000000000101111000011110010011
00000000111100000000010110110011
11111110010001000010010100000011
00000000000000000000000000010011
00000000101000000000011110110011
00000000000101111011011110010011
00001111111101111111011110010011
01001110000001111001101001100011
11111110010001000010011110000011
11111010110001000010011100000011
00000000111001111010001000100011
11111110010001000010011110000011
00000000000001111010011100000011
11111010110001000010011010000011
01000000000000000000011110110111
00000000000001111000011110010011
11111111111101111000011110010011
00000000111101101000011110110011
00000000001001111001011110010011
00000000111101110000011110110011
11111110111101000010000000100011
11111100010001000010011110000011
00000000100001111010011110000011
11111011010001000010011100000011
00000000111101110101101001100011
11111100010001000010011110000011
00000000000101111011011110010011
00001111111101111111011110010011
00000010010000000000000001101111
11111011010001000010011110000011
00000000000101111000011110010011
00000000111100000000010110110011
11111100010001000010010100000011
00000000000000000000000000010011
00000000101000000000011110110011
00000000000101111011011110010011
00001111111101111111011110010011
01001000000001111001001001100011
11110111000001000000011110010011
11111011110001000010010110000011
00000000111100000000010100110011
00000000000000000000000000010011
00000000101000000000011110110011
00000110000001111100010001100011
11110111000001000000011100010011
11110111000001000000011110010011
11111011110001000010011000000011
00000000111000000000010110110011
00000000111100000000010100110011
00000000000000000000000000010011
00000000101000000000011110110011
01000100000001111000101001100011
11111110000001000010011110000011
00000000000100000000011100010011
00000000111001111010000000100011
11111110010001000010011110000011
00000000000001111010011100000011
11111110010001000010011110000011
00000000010001111010011110000011
00000000111100000000011010110011
01000000000000000000011110110111
00000000000001111000011110010011
11111111111101111000011110010011
00000000111101101000011110110011
00000000001001111001011110010011
00000000111101110000011110110011
00000000000100000000011100010011
00000000111001111010000000100011
00000001100000000000000001101111
11111110010001000010011110000011
00000000010001111010011110000011
11111111111101111000011100010011
11111110010001000010011110000011
00000000111001111010001000100011
11111110000001000010011110000011
11111111110001111000011110010011
11111110111101000010000000100011
11111110000001000010011000100011
00111000100000000000000001101111
11111100000001000010101000100011
11111101110001000010011110000011
00000000000001111010011110000011
11111010111101000010000000100011
11111101110001000010011110000011
11111111110001111010011110000011
11111000111101000010111000100011
11111010000001000010011100000011
11111010100001000010011110000011
00000000111101110001100001100011
11111111111100000000011110010011
11111100111101000010110000100011
00011101010000000000000001101111
11111010100001000010011000000011
11111001110001000010010110000011
11111010000001000010010100000011
00000000000000000000000000010011
11111100101001000010110000100011
11111101100001000010011100000011
11111010100001000010011110000011
00000010111101110000011110110011
11111001110001000010011100000011
01000000111101110000011110110011
11111100111101000010101000100011
11111010010001000010011100000011
00000000000000010000011110110111
00000000000001111000011110010011
11111111111101111000011110010011
00000000111101110111011110110011
11111100111101000010100000100011
11111010010001000010011110000011
00000001000001111101011110010011
11111100111101000010011000100011
11111101100001000010011100000011
00000000000000010000011110110111
00000000000001111000011110010011
11111111111101111000011110010011
00000000111101110111011110110011
11111000111101000010110000100011
11111101100001000010011110000011
00000001000001111101011110010011
11111000111101000010101000100011
11111101000001000010011110000011
11111000111101000010100000100011
11111100110001000010011110000011
11111100111101000010010000100011
11111001010001000010011100000011
11111001000001000010011110000011
00000010111101110000011110110011
11111000111101000010011000100011
11111001000001000010011100000011
11111001100001000010011110000011
00000010111101110000011110110011
11111000111101000010100000100011
11111001100001000010011100000011
11111100100001000010011110000011
00000010111101110000011110110011
11111000111101000010010000100011
11111100100001000010011100000011
11111001010001000010011110000011
00000010111101110000011110110011
11111100111101000010010000100011
11111000110001000010011100000011
11111000100001000010011110000011
00000000111101110000011110110011
11111000111101000010011000100011
11111000110001000010011100000011
11111000100001000010011110000011
00000000111101110111110001100011
11111100100001000010011100000011
00000000000000010000011110110111
00000000000001111000011110010011
00000000111101110000011110110011
11111100111101000010010000100011
11111000110001000010011110000011
00000001000001111101011110010011
11111100100001000010011100000011
00000000111101110000011110110011
11111100111101000010010000100011
11111000110001000010011110000011
00000001000001111001011110010011
11111000111101000010010000100011
11111001000001000010011100000011
11111000100001000010011110000011
00000000111101110000011110110011
11111000111101000010100000100011
11111001000001000010011100000011
11111000100001000010011110000011
00000000111101110111100001100011
11111100100001000010011110000011
00000000000101111000011110010011
11111100111101000010010000100011
11111001000001000010011110000011
11111100111101000010100000100011
11111100100001000010011110000011
11111100111101000010011000100011
11111100110001000010011100000011
11111101010001000010011110000011
00000110111101110110111001100011
11111100110001000010011100000011
11111101010001000010011110000011
00000000111101110001110001100011
11111101110001000010011110000011
11111111100001111000011110010011
00000000000001111010011110000011
11111101000001000010011100000011
00000100111001111111111001100011
11111101100001000010011110000011
11111111111101111000011110010011
11111100111101000010110000100011
11111101010001000010011100000011
11111010100001000010011110000011
00000000111101110000011110110011
11111100111101000010101000100011
11111101010001000010011100000011
11111010100001000010011110000011
00000010111101110110100001100011
11111101000001000010011100000011
11111010010001000010011110000011
00000000111101110111100001100011
11111100110001000010011110000011
11111111111101111000011110010011
11111100111101000010011000100011
11111101000001000010011100000011
11111010010001000010011110000011
01000000111101110000011110110011
11111100111101000010100000100011
11111000010111111111000001101111
00000000000000000000000000010011
11111100010001000010011110000011
00000000000001111010011100000011
11111011110001000010011110000011
00000000000001111010011110000011
11111101100001000010011010000011
11111011010001000010011000000011
00000000111100000000010110110011
00000000111000000000010100110011
00000000000000000000000000010011
11111000101001000010001000100011
11110111000001000010011110000011
11111111110001111000011110010011
11110110111101000010100000100011
11110111010001000010011110000011
00000000000101111000011110010011
11110110111101000010101000100011
11111100010001000010011110000011
00000000000001111010011100000011
11111011010001000010011110000011
00000000001001111001011110010011
00000000111101110000011110110011
11111000010001000010011100000011
00000000111001111010000000100011
11111011010001000010011110000011
00000000000101111000011110010011
11111110111101000010010000100011
00000011110000000000000001101111
11111100010001000010011110000011
00000000000001111010011100000011
11111110100001000010011010000011
01000000000000000000011110110111
00000000000001111000011110010011
11111111111101111000011110010011
00000000111101101000011110110011
00000000001001111001011110010011
00000000111101110000011110110011
00000000000001111010011110000011
00000000000001111001111001100011
11111110100001000010011110000011
11111111111101111000011110010011
11111110111101000010010000100011
11111110100001000010011110000011
11111100111100000100001011100011
00000000100000000000000001101111
00000000000000000000000000010011
11111100010001000010011110000011
11111110100001000010011100000011
00000000111001111010001000100011
11110111010001000010011110000011
11111110111101000010010000100011
11110111000001000000011100010011
11110111000001000000011110010011
11111100010001000010011000000011
00000000111000000000010110110011
00000000111100000000010100110011
00000000000000000000000000010011
11111100000001000010011110000011
00000000010001111010011100000011
11110111010001000010011110000011
00000000111101110000011100110011
11111110100001000010011110000011
01000000111101110000011100110011
11111100000001000010011110000011
00000000111001111010001000100011
11110111110001000010011110000011
00000100000001111000100001100011
11111101100001000010011110000011
11111111111101111000011110010011
11111100111101000010110000100011
11110111010001000010011110000011
11111110111101000010010000100011
11110111000001000000011100010011
11110111000001000000011110010011
11111011110001000010011000000011
00000000111000000000010110110011
00000000111100000000010100110011
00000000000000000000000000010011
11111100000001000010011110000011
00000000010001111010011100000011
11110111010001000010011010000011
11111110100001000010011110000011
01000000111101101000011110110011
00000000111101110000011100110011
11111100000001000010011110000011
00000000111001111010001000100011
11111110000001000010011110000011
11111111110001111000011100010011
11111110111001000010000000100011
11111101100001000010011100000011
00000000111001111010000000100011
11111101110001000010011110000011
11111111110001111000011110010011
11111100111101000010111000100011
11111110110001000010011110000011
00000000000101111000011110010011
11111110111101000010011000100011
11111010110001000010011110000011
11111111111101111000011110010011
11111110110001000010011100000011
11000110111101110100100011100011
11110110100001000010011110000011
00000010000001111000001001100011
11111011100001000010011000000011
11111100000001000010010110000011
11110110100001000010010100000011
00000000000000000000000000010011
11110110010001000010011110000011
00000000110001111010011100000011
11110110100001000010011110000011
00000000111001111010011000100011
11110101110001000010010100000011
00000000000000000000000000010011
00000000000100000000011110010011
00000010110000000000000001101111
00000000000000000000000000010011
00000001100000000000000001101111
00000000000000000000000000010011
00000001000000000000000001101111
00000000000000000000000000010011
00000000100000000000000001101111
00000000000000000000000000010011
11110101110001000010010100000011
00000000000000000000000000010011
00000000000000000000011110010011
00000000111100000000010100110011
00001010110000010010000010000011
00001010100000010010010000000011
00001011000000010000000100010011
00000000000000001000000001100111
11111110000000010000000100010011
00000000000100010010111000100011
00000000100000010010110000100011
00000010000000010000010000010011
11111110101001000010011000100011
11111110101101000010010000100011
11111110110001000010001000100011
11111110110101000010000000100011
11111110000001000010011100000011
11111110010001000010011010000011
11111110100001000010011000000011
11111110110001000010010110000011
00000000000000000000010100010011
00000000000000000000000000010011
00000000101000000000011110110011
00000000111100000000010100110011
00000001110000010010000010000011
00000001100000010010010000000011
00000010000000010000000100010011
00000000000000001000000001100111
