11111100000000010000000100010011
00000010000100010010111000100011
00000010100000010010110000100011
00000100000000010000010000010011
11111100101001000010011000100011
11111110000001000010001000100011
11111100110001000010011110000011
00000000010001111010011110000011
00000000001101111001011110010011
00000000001001111000011100010011
00000100111000000000011000010011
00010000000000010000011110110111
00000001100001111000010110010011
00000000111000000000010100110011
00000000000000000000000000010011
11111100101001000010111000100011
11111101110001000010011110000011
00010010000001111000100001100011
11111101110001000010011110000011
11111110111101000010000000100011
11111100110001000010011110000011
00000000110001111010011110000011
00000000000001111000110001100011
11111110000001000010011110000011
00000000000101111000011100010011
11111110111001000010000000100011
00000010110100000000011100010011
00000000111001111000000000100011
11111100110001000010011110000011
00000000010001111010011110000011
00000000000001111001110001100011
11111110000001000010011110000011
00000000000101111000011100010011
11111110111001000010000000100011
00000011000000000000011100010011
00000000111001111000000000100011
11111100110001000010011110000011
00000000010001111010011110000011
11111111111101111000011110010011
11111110111101000010011000100011
00001100000000000000000001101111
00000001100000000000011110010011
11111110111101000010010000100011
00001010000000000000000001101111
11111100110001000010011110000011
00000000000001111010011100000011
11111110110001000010011110000011
00000000001001111001011110010011
00000000111101110000011110110011
00000000000001111010011100000011
11111110100001000010011110000011
00000000111101110101011110110011
00001111111101111111011110010011
11111100111101000010110000100011
11111110010001000010011110000011
00000000000001111001011001100011
11111101100001000010011110000011
00000100000001111000111001100011
00010000000000010000011110110111
00000001010001111010011110000011
11111101100001000010011100000011
01000000010001110101011100010011
00000000111001111000011100110011
11111110000001000010011110000011
00000000000101111000011010010011
11111110110101000010000000100011
00000000000001110100011100000011
00000000111001111000000000100011
00010000000000010000011110110111
00000001010001111010011100000011
11111101100001000010011110000011
00000000111101111111011110010011
00000000111101110000011100110011
11111110000001000010011110000011
00000000000101111000011010010011
11111110110101000010000000100011
00000000000001110100011100000011
00000000111001111000000000100011
00000000000100000000011110010011
11111110111101000010001000100011
11111110100001000010011110000011
11111111100001111000011110010011
11111110111101000010010000100011
11111110100001000010011110000011
11110110000001111101000011100011
11111110110001000010011110000011
11111111111101111000011110010011
11111110111101000010011000100011
11111110110001000010011110000011
11110100000001111101000011100011
11111110000001000010011110000011
00000000000001111000000000100011
00000000100000000000000001101111
00000000000000000000000000010011
11111101110001000010011110000011
00000000111100000000010100110011
00000011110000010010000010000011
00000011100000010010010000000011
00000100000000010000000100010011
00000000000000001000000001100111
11111100000000010000000100010011
00000010000100010010111000100011
00000010100000010010110000100011
00000100000000010000010000010011
11111100101001000010011000100011
11111110000001000010000000100011
11111100000001000010111000100011
11111110000001000010010000100011
11111100000001000010110000100011
11111100110001000010010100000011
00000000000000000000000000010011
00000000101000000000011100110011
00000000111000000000011110110011
00000000000101111001011110010011
00000000111001111000011110110011
11111110111101000010000000100011
11111110000001000010011100000011
00000000101000000000011110010011
00000010111101110100011100110011
11111110000001000010011010000011
00111110100000000000011110010011
00000010111101101100011110110011
00000000111101110000011110110011
00000000010001111000011110010011
11111100111101000010101000100011
11111101010001000010011100000011
00000000100100000000011110010011
00000010111101110100011110110011
00000000000101111000011110010011
00000000001001111001011110010011
00000000111100000000011100110011
00000111010000000000011000010011
00010000000000010000011110110111
00000001100001111000010110010011
00000000111000000000010100110011
00000000000000000000000000010011
11111100101001000010110000100011
11111101010001000010011110000011
00000000001101111000011100010011
00000111010100000000011000010011
00010000000000010000011110110111
00000001100001111000010110010011
00000000111000000000010100110011
00000000000000000000000000010011
11111100101001000010111000100011
11111101110001000010011110000011
00011100000001111000000001100011
11111101100001000010011110000011
00011010000001111000110001100011
11111100110001000010010100000011
00000000000000000000000000010011
11111110101001000010010000100011
11111110100001000010011110000011
00011010000001111000011001100011
11111101110001000010011110000011
11111110111101000010011000100011
11111101100001000010011110000011
11111110111101000010001000100011
11111110100001000010011110000011
00000000110001111010011110000011
00000000000001111000110001100011
11111110110001000010011110000011
00000000000101111000011100010011
11111110111001000010011000100011
00000010110100000000011100010011
00000000111001111000000000100011
11111110100001000010011110000011
00000000010001111010011110000011
00000010000001111001011001100011
11111110110001000010011110000011
00000000000101111000011100010011
11111110111001000010011000100011
00000011000000000000011100010011
00000000111001111000000000100011
11111110110001000010011110000011
00000000000101111000011100010011
11111110111001000010011000100011
00000000000001111000000000100011
00010100110000000000000001101111
11111110000001000010000000100011
00000011000000000000000001101111
00111011100110101101011110110111
00000000000001111000011110010011
10100000000001111000010110010011
11111110100001000010010100000011
00000000000000000000000000010011
00000000101000000000011100110011
11111110010001000010011110000011
00000000111001111010000000100011
11111110010001000010011110000011
00000000010001111000011110010011
11111110111101000010001000100011
11111110100001000010011110000011
00000000010001111010011110000011
00000010000001111000001001100011
11111110100001000010011110000011
00000000010001111010011100000011
00000000000100000000011110010011
11111010111101110001111011100011
11111110100001000010011110000011
00000000000001111010011110000011
00000000000001111010011110000011
11111010000001111001011011100011
11111110010001000010011110000011
11111111110001111000011110010011
11111110111101000010001000100011
11111101010001000010011110000011
00000000001101111000011100010011
11111110110001000010011010000011
11111101110001000010011110000011
01000000111101101000011110110011
01000000111101110000011110110011
00000000111100000000011100110011
11111110010001000010011110000011
00000000000001111010011110000011
00000000111100000000011010110011
00010000000000010000011110110111
00001011000001111000011000010011
00000000111000000000010110110011
11111110110001000010010100000011
00000000000000000000000000010011
00000001000000000000000001101111
11111110110001000010011110000011
00000000000101111000011110010011
11111110111101000010011000100011
11111110110001000010011110000011
00000000000001111100011110000011
11111110000001111001011011100011
00000110100000000000000001101111
11111110010001000010011110000011
11111111110001111000011110010011
11111110111101000010001000100011
11111101010001000010011110000011
00000000001101111000011100010011
11111110110001000010011010000011
11111101110001000010011110000011
01000000111101101000011110110011
01000000111101110000011110110011
00000000111100000000011100110011
11111110010001000010011110000011
00000000000001111010011110000011
00000000111100000000011010110011
00010000000000010000011110110111
00001011010001111000011000010011
00000000111000000000010110110011
11111110110001000010010100000011
00000000000000000000000000010011
00000001000000000000000001101111
11111110110001000010011110000011
00000000000101111000011110010011
11111110111101000010011000100011
11111110110001000010011110000011
00000000000001111100011110000011
11111110000001111001011011100011
11111110010001000010011100000011
11111101100001000010011110000011
11111000111101110001101011100011
00000001000000000000000001101111
00000000000000000000000000010011
00000000100000000000000001101111
00000000000000000000000000010011
11111101100001000010011110000011
00000000000001111000011001100011
11111101100001000010010100000011
00000000000000000000000000010011
11111110100001000010011110000011
00000000000001111000011001100011
11111110100001000010010100000011
00000000000000000000000000010011
11111101110001000010011110000011
00000000111100000000010100110011
00000011110000010010000010000011
00000011100000010010010000000011
00000100000000010000000100010011
00000000000000001000000001100111
11111011000000010000000100010011
00000100000100010010011000100011
00000100100000010010010000100011
00000101000000010000010000010011
11111010101001000010111000100011
11111010101101000010110000100011
11111110000001000010011000100011
11111110000001000010010000100011
11111110000001000010001000100011
11111011100001000010011110000011
00000000000001111000100001100011
11111011100001000010011110000011
00000000000001111100011110000011
00000000000001111001011001100011
00000000000000000000011110010011
00110011100000000000000001101111
11111011100001000010011110000011
00000000000001111100011100000011
00000010110100000000011110010011
00000000111101110001110001100011
00000000000100000000011110010011
11111110111101000010001000100011
11111011100001000010011110000011
00000000000101111000011110010011
11111010111101000010110000100011
11111100000001000010110000100011
00000001000000000000000001101111
11111101100001000010011110000011
00000000000101111000011110010011
11111100111101000010110000100011
00000000000000000000000000010011
00000000101000000000011110110011
00000000000001111010011100000011
11111101100001000010011110000011
11111011100001000010011010000011
00000000111101101000011110110011
00000000000001111100011110000011
00000000000101111001011110010011
00000000111101110000011110110011
00000000000001111101011110000011
00000000111100000000011100110011
00000000000000000001011110110111
00000000000001111000011110010011
00000000111101110111011110110011
11111010000001111001111011100011
11111101100001000010011100000011
11111110010001000010011110000011
00000000111101110000011110110011
11111100111101000010010000100011
11111011110001000010011110000011
00000000000001111001011001100011
11111100100001000010011110000011
00101010010000000000000001101111
11111011110001000010011110000011
00000000000001111010011110000011
00000000000001111001111001100011
00000000000000000000000000010011
11111110101001000010011000100011
11111110110001000010011110000011
00000010000001111001001001100011
00000000000000000000011110010011
00101000000000000000000001101111
11111011110001000010011110000011
00000000000001111010011110000011
11111110111101000010011000100011
00000000000000000000010110010011
11111110110001000010010100000011
00000000000000000000000000010011
11111101100001000010011110000011
00000000100001111000011110010011
00000000001001111001011110010011
11111111111101111000011110010011
01000001111101111101011100010011
00000001111101110111011100010011
00000000111101110000011110110011
01000000010101111101011110010011
00000000111100000000011100110011
11111110110001000010011110000011
00000000100001111010011110000011
00000010111001111101110001100011
11111101100001000010011110000011
01000001111101111101011100010011
00000000011101110111011100010011
00000000111101110000011110110011
01000000001101111101011110010011
00000000000101111000011110010011
00000000111100000000010110110011
11111110110001000010010100000011
00000000000000000000000000010011
00000000101000000000011110110011
00000000000101111011011110010011
00001111111101111111011110010011
00000001000000000000000001101111
11111110110001000010011110000011
00000000000101111011011110010011
00001111111101111111011110010011
00011100000001111001110001100011
11111101100001000010011110000011
11111100111101000010101000100011
11111100000001000010111000100011
11111110000001000010000000100011
00010001010000000000000001101111
11111101010001000010011110000011
00000000100000000000011100010011
00000000111101110101010001100011
00000000100000000000011110010011
11111100111101000010111000100011
11111110000001000010010000100011
11111101010001000010011100000011
11111101110001000010011110000011
01000000111101110000011110110011
00000000111100000000011100110011
11111011100001000010011110000011
00000000111001111000011110110011
00000000000001111100011110000011
11111100111101000010001000100011
11111100010001000010011100000011
00000010111100000000011110010011
00000010111001111101000001100011
11111100010001000010011100000011
00000011100100000000011110010011
00000000111001111100101001100011
11111100010001000010011110000011
11111101000001111000011110010011
11111100111101000010100000100011
00000101100000000000000001101111
11111100010001000010011100000011
00000110000000000000011110010011
00000010111001111101000001100011
11111100010001000010011100000011
00000110011000000000011110010011
00000000111001111100101001100011
11111100010001000010011110000011
11111010100101111000011110010011
11111100111101000010100000100011
00000011000000000000000001101111
11111100010001000010011100000011
00000100000000000000011110010011
00000010111001111101000001100011
11111100010001000010011100000011
00000100011000000000011110010011
00000000111001111100101001100011
11111100010001000010011110000011
11111100100101111000011110010011
11111100111101000010100000100011
00000000100000000000000001101111
11111100000001000010100000100011
11111110100001000010011110000011
00000000010001111001011100010011
11111101000001000010011110000011
00000000111101110110011110110011
11111110111101000010010000100011
11111101110001000010011110000011
11111111111101111000011110010011
11111100111101000010111000100011
11111101110001000010011110000011
11110100111100000100000011100011
11111110110001000010011110000011
00000000000001111010011100000011
11111110000001000010011110000011
00000000000101111000011010010011
11111110110101000010000000100011
00000000001001111001011110010011
00000000111101110000011110110011
11111110100001000010011100000011
00000000111001111010000000100011
00000000000000000000000000010011
11111101010001000010011110000011
11111111100001111000011110010011
11111100111101000010101000100011
11111101010001000010011110000011
11101110111100000100011011100011
11111110110001000010011110000011
11111110000001000010011100000011
00000000111001111010001000100011
11111110110001000010011110000011
00000000010001111010011110000011
00000110111100000101101001100011
11111110110001000010011110000011
00000000000001111010011100000011
11111110110001000010011110000011
00000000010001111010011110000011
00000000111100000000011010110011
01000000000000000000011110110111
00000000000001111000011110010011
11111111111101111000011110010011
00000000111101101000011110110011
00000000001001111001011110010011
00000000111101110000011110110011
11111100111101000010011000100011
00000010110000000000000001101111
11111100110001000010011110000011
11111111110001111000011100010011
11111100111001000010011000100011
00000000000001111010011110000011
00000010000001111001010001100011
11111110110001000010011110000011
00000000010001111010011110000011
11111111111101111000011100010011
11111110110001000010011110000011
00000000111001111010001000100011
11111110110001000010011110000011
00000000010001111010011110000011
11111100111100000100100011100011
00000000100000000000000001101111
00000000000000000000000000010011
11111110110001000010011110000011
11111110010001000010011100000011
00000000111001111010011000100011
11111011110001000010011110000011
11111110110001000010011100000011
00000000111001111010000000100011
11111100100001000010011110000011
00000010000000000000000001101111
00000000000000000000000000010011
11111011110001000010011110000011
00000000000001111010011110000011
00000000000001111001011001100011
11111110110001000010010100000011
00000000000000000000000000010011
00000000000000000000011110010011
00000000111100000000010100110011
00000100110000010010000010000011
00000100100000010010010000000011
00000101000000010000000100010011
00000000000000001000000001100111
11111100000000010000000100010011
00000010000100010010111000100011
00000010100000010010110000100011
00000100000000010000010000010011
11111100101001000010011000100011
11111100101101000010010000100011
11111110000001000010011000100011
11111110000001000010010000100011
11111110000001000010001000100011
11111100100001000010011110000011
00000000000001111000100001100011
11111100100001000010011110000011
00000000000001111100011110000011
00000000000001111001011001100011
00000000000000000000011110010011
00101100000000000000000001101111
11111100100001000010011110000011
00000000000001111100011100000011
00000010110100000000011110010011
00000000111101110001110001100011
00000000000100000000011110010011
11111110111101000010001000100011
11111100100001000010011110000011
00000000000101111000011110010011
11111100111101000010010000100011
11111110000001000010000000100011
00000001000000000000000001101111
11111110000001000010011110000011
00000000000101111000011110010011
11111110111101000010000000100011
00000000000000000000000000010011
00000000101000000000011110110011
00000000000001111010011100000011
11111110000001000010011110000011
11111100100001000010011010000011
00000000111101101000011110110011
00000000000001111100011110000011
00000000000101111001011110010011
00000000111101110000011110110011
00000000000001111101011110000011
00000000111100000000011100110011
00000000000000000001011110110111
00000000000001111000011110010011
10000000000001111000011110010011
00000000111101110111011110110011
11111010000001111001110011100011
11111110000001000010011100000011
11111110010001000010011110000011
00000000111101110000011110110011
11111100111101000010101000100011
11111100110001000010011110000011
00000000000001111001011001100011
11111101010001000010011110000011
00100010100000000000000001101111
11111100110001000010011110000011
00000000000001111010011110000011
00000000000001111001111001100011
00000000000000000000000000010011
11111110101001000010011000100011
11111110110001000010011110000011
00000010000001111001001001100011
00000000000000000000011110010011
00100000010000000000000001101111
11111100110001000010011110000011
00000000000001111010011110000011
11111110111101000010011000100011
00000000000000000000010110010011
11111110110001000010010100000011
00000000000000000000000000010011
11111110000001000010011110000011
00000000100001111000011110010011
00000000001001111001011110010011
11111111111101111000011110010011
01000001111101111101011100010011
00000001111101110111011100010011
00000000111101110000011110110011
01000000010101111101011110010011
00000000111100000000011100110011
11111110110001000010011110000011
00000000100001111010011110000011
00000010111001111101110001100011
11111110000001000010011110000011
01000001111101111101011100010011
00000000011101110111011100010011
00000000111101110000011110110011
01000000001101111101011110010011
00000000000101111000011110010011
00000000111100000000010110110011
11111110110001000010010100000011
00000000000000000000000000010011
00000000101000000000011110110011
00000000000101111011011110010011
00001111111101111111011110010011
00000001000000000000000001101111
11111110110001000010011110000011
00000000000101111011011110010011
00001111111101111111011110010011
00010100000001111001111001100011
11111110000001000010011100000011
00000000100100000000011110010011
00000010111101110110011110110011
00000000100100000000011100010011
01000000111101110000011110110011
11111100111101000010111000100011
11111101110001000010011100000011
00000000100100000000011110010011
00000000111101110001010001100011
11111100000001000010111000100011
11111110000001000010010000100011
00001000010000000000000001101111
11111110100001000010011100000011
00000000111000000000011110110011
00000000001001111001011110010011
00000000111001111000011110110011
00000000000101111001011110010011
11111110111101000010010000100011
11111100100001000010011110000011
00000000000001111100011110000011
00000000111100000000011100110011
11111110100001000010011110000011
00000000111101110000011110110011
11111101000001111000011110010011
11111110111101000010010000100011
11111100100001000010011110000011
00000000000101111000011110010011
11111100111101000010010000100011
11111101110001000010011110000011
00000000000101111000011110010011
11111100111101000010111000100011
11111101110001000010011100000011
00000000100100000000011110010011
00000010111101110001011001100011
00111011100110101101011110110111
00000000000001111000011110010011
10100000000001111000010110010011
11111110110001000010010100000011
00000000000000000000000000010011
11111110100001000010010110000011
11111110110001000010010100000011
00000000000000000000000000010011
11111110000001000010010000100011
11111100000001000010111000100011
11111100100001000010011110000011
00000000000001111100011110000011
11110110000001111001110011100011
11111110110001000010011110000011
11111110010001000010011100000011
00000000111001111010011000100011
11111110110001000010011110000011
00000000010001111010011110000011
00000110111100000101101001100011
11111110110001000010011110000011
00000000000001111010011100000011
11111110110001000010011110000011
00000000010001111010011110000011
00000000111100000000011010110011
01000000000000000000011110110111
00000000000001111000011110010011
11111111111101111000011110010011
00000000111101101000011110110011
00000000001001111001011110010011
00000000111101110000011110110011
11111100111101000010110000100011
00000010110000000000000001101111
11111101100001000010011110000011
11111111110001111000011100010011
11111100111001000010110000100011
00000000000001111010011110000011
00000010000001111001010001100011
11111110110001000010011110000011
00000000010001111010011110000011
11111111111101111000011100010011
11111110110001000010011110000011
00000000111001111010001000100011
11111110110001000010011110000011
00000000010001111010011110000011
11111100111100000100100011100011
00000000100000000000000001101111
00000000000000000000000000010011
11111100110001000010011110000011
11111110110001000010011100000011
00000000111001111010000000100011
11111101010001000010011110000011
00000010000000000000000001101111
00000000000000000000000000010011
11111100110001000010011110000011
00000000000001111010011110000011
00000000000001111001011001100011
11111110110001000010010100000011
00000000000000000000000000010011
00000000000000000000011110010011
00000000111100000000010100110011
00000011110000010010000010000011
00000011100000010010010000000011
00000100000000010000000100010011
00000000000000001000000001100111
