11110100000000010000000100010011
00001010000100010010111000100011
00001010100000010010110000100011
00001100000000010000010000010011
11110100101001000010011000100011
11110100101101000010010000100011
11110100110001000010001000100011
11111110000001000010011000100011
11110100100001000010011110000011
00000000010001111010011110000011
11111110111101000010010000100011
11111110100001000010011110000011
00000000111100000100101001100011
11110100110001000010011110000011
00000000000001111010001000100011
00000000000100000000011110010011
00110010110000000000000001101111
11110100010001000010010100000011
00000000000000000000000000010011
11110100100001000010011100000011
11110100110001000010011110000011
00000000111101110001101001100011
11110100010001000010010100000011
00000000000000000000000000010011
00000000101000000000011110110011
00000000100000000000000001101111
11110100110001000010011110000011
11111110111101000010001000100011
11110100010001000010010100000011
00000000000000000000000000010011
11111110101001000010000000100011
11111110000001000010011110000011
00101010000001111000111001100011
11111110100001000010011110000011
00000000000101111001011110010011
11111100111101000010111000100011
11111110010001000010011110000011
00000000100001111010011110000011
11111101110001000010011100000011
00000010111101110100010001100011
11111101110001000010011110000011
00000000000101111000011110010011
00000000111100000000010110110011
11111110010001000010010100000011
00000000000000000000000000010011
00000000101000000000011110110011
00000000000101111011011110010011
00001111111101111111011110010011
00000001000000000000000001101111
11111110010001000010011110000011
00000000000101111011011110010011
00001111111101111111011110010011
00100110000001111001101001100011
11110100110001000010011110000011
00000000000001111010011000100011
11111110100001000010011100000011
00000000010000000000011110010011
00000010111101110001001001100011
11111110010001000010011110000011
00000000000001111010011100000011
11110100100001000010011110000011
00000000000001111010011110000011
00000000111100000000010110110011
00000000111000000000010100110011
00000000000000000000000000010011
00011100000000000000000001101111
11111110100001000010011100000011
00000000100000000000011110010011
00000010111101110001001001100011
11111110010001000010011110000011
00000000000001111010011100000011
11110100100001000010011110000011
00000000000001111010011110000011
00000000111100000000010110110011
00000000111000000000010100110011
00000000000000000000000000010011
00011001010000000000000001101111
11111110100001000010011100000011
00000000111100000000011110010011
00000010111001111100011001100011
11111110010001000010011110000011
00000000000001111010011100000011
11110100100001000010011110000011
00000000000001111010011110000011
11110101010001000000011010010011
11111110100001000010011000000011
00000000111100000000010110110011
00000000111000000000010100110011
00000000000000000000000000010011
00010110000000000000000001101111
11111110100001000010011110000011
00000000111100000000010100110011
00000000000000000000000000010011
11111100101001000010110000100011
11111101100001000010011110000011
11111111111101111000011110010011
00000000000100000000011100010011
00000000111101110001011110110011
11111100111101000010110000100011
11111101100001000010011110000011
00000000000101111001011110010011
11111100111101000010101000100011
11111110100001000010011100000011
11111101100001000010011110000011
00001100111101110001000001100011
11111101010001000010011110000011
00000000000101111001011100010011
11110100100001000010011110000011
00000000100001111010011110000011
00000010111001111101010001100011
11111101010001000010011110000011
00000000000101111001011110010011
00000000111100000000010110110011
11110100100001000010010100000011
00000000000000000000000000010011
00000000101000000000011110110011
00000000000101111011011110010011
00001111111101111111011110010011
00000001000000000000000001101111
11110100100001000010011110000011
00000000000101111011011110010011
00001111111101111111011110010011
00010110000001111001001001100011
11111101010001000010011110000011
00000000000101111001011100010011
11111110000001000010011110000011
00000000100001111010011110000011
00000010111001111101010001100011
11111101010001000010011110000011
00000000000101111001011110010011
00000000111100000000010110110011
11111110000001000010010100000011
00000000000000000000000000010011
00000000101000000000011110110011
00000000000101111011011110010011
00001111111101111111011110010011
00000001000000000000000001101111
11111110000001000010011110000011
00000000000101111011011110010011
00001111111101111111011110010011
00010010000001111001001001100011
11111110010001000010011110000011
00000000000001111010011100000011
11110100100001000010011110000011
00000000000001111010010110000011
11111110000001000010011110000011
00000000000001111010011110000011
00000000111100000000011010110011
11111110100001000010011000000011
00000000111000000000010100110011
00000000000000000000000000010011
00000110100000000000000001101111
11111110000001000010011110000011
00000000100001111010011110000011
11111101110001000010011100000011
00000010111001111101000001100011
11111101110001000010010110000011
11111110000001000010010100000011
00000000000000000000000000010011
00000000101000000000011110110011
00000000000101111011011110010011
00001111111101111111011110010011
00000001000000000000000001101111
11111110000001000010011110000011
00000000000101111011011110010011
00001111111101111111011110010011
00001100000001111001001001100011
11111110010001000010011110000011
00000000000001111010011100000011
11110100100001000010011110000011
00000000000001111010010110000011
11111110000001000010011110000011
00000000000001111010011110000011
00000000111100000000011010110011
11111110100001000010011000000011
00000000111000000000010100110011
00000000000000000000000000010011
11111110010001000010011110000011
11111101110001000010011100000011
00000000111001111010001000100011
11111101110001000010011110000011
00000100111100000101001001100011
11111110010001000010011110000011
00000000000001111010011100000011
11111101110001000010011010000011
01000000000000000000011110110111
00000000000001111000011110010011
11111111111101111000011110010011
00000000111101101000011110110011
00000000001001111001011110010011
00000000111101110000011110110011
00000000000001111010011110000011
00000000000001111001110001100011
11111110010001000010011110000011
00000000010001111010011110000011
11111111111101111000011100010011
11111110010001000010011110000011
00000000111001111010001000100011
11111110010001000010011100000011
11110100110001000010011110000011
00000000111101110000100001100011
11111110010001000010010110000011
11110100110001000010010100000011
00000000000000000000000000010011
00000000000100000000011110010011
11111110111101000010011000100011
00000010100000000000000001101111
00000000000000000000000000010011
00000010000000000000000001101111
00000000000000000000000000010011
00000001100000000000000001101111
00000000000000000000000000010011
00000001000000000000000001101111
00000000000000000000000000010011
00000000100000000000000001101111
00000000000000000000000000010011
11110100010001000010010100000011
00000000000000000000000000010011
11111110110001000010011110000011
00000000111100000000010100110011
00001011110000010010000010000011
00001011100000010010010000000011
00001100000000010000000100010011
00000000000000001000000001100111
11111100000000010000000100010011
00000010000100010010111000100011
00000010100000010010110000100011
00000010100100010010101000100011
00000100000000010000010000010011
11111100101001000010011000100011
11111100101101000010010000100011
11111100110001000010001000100011
11111100110101000010000000100011
11111100010001000010011110000011
00000000000101111001011110010011
11111100111101000010111000100011
11111100100001000010011110000011
11111110111101000010001000100011
11111100110001000010011110000011
11111110111101000010000000100011
11111101110001000010011100000011
01000000000000000000011110110111
00000000000001111000011110010011
11111111111101111000011110010011
00000000111101110000011110110011
00000000001001111001011110010011
11111110000001000010011100000011
00000000111101110000011110110011
00000000000001111010000000100011
00000000000001111010011100000011
11111110000001000010011110000011
00000000111001111010000000100011
11111110000001000010011110000011
00000000010001111000011110010011
11111110111101000010000000100011
11111100010001000010011110000011
11111110111101000010010000100011
11111110100001000010011110000011
11111111111101111000011110010011
11111110111101000010010000100011
11111110100001000010011110000011
00000100111100000101100001100011
11111110010001000010011110000011
00000000010001111000011110010011
11111110111101000010001000100011
11111110010001000010011110000011
11111111110001111000011110010011
00000000000001111010011010000011
11111110100001000010011110000011
00000000001001111001011110010011
11111110000001000010011100000011
00000000111101110000010010110011
11111110100001000010011000000011
11111110010001000010010110000011
11111110000001000010010100000011
00000000000000000000000000010011
00000000101000000000011110110011
00000000111101001010000000100011
11111110000001000010011110000011
00000000100001111000011110010011
11111110111101000010000000100011
11111100010001000010011110000011
11111111111001111000011110010011
11111110111101000010011000100011
00000110100000000000000001101111
11111110100001000010011110000011
11111111111101111000011110010011
11111110111101000010010000100011
11111110010001000010011110000011
00000000010001111000011110010011
11111110111101000010001000100011
11111110010001000010011110000011
11111111110001111000011110010011
00000000000001111010011010000011
11111110100001000010011110000011
00000000001001111001011110010011
11111110000001000010011100000011
00000000111101110000010010110011
11111110100001000010011000000011
11111110010001000010010110000011
11111110000001000010010100000011
00000000000000000000000000010011
00000000101000000000011110110011
00000000111101001010000000100011
11111110000001000010011110000011
00000000100001111000011110010011
11111110111101000010000000100011
11111110110001000010011110000011
11111111111101111000011110010011
11111110111101000010011000100011
11111110110001000010011110000011
11111000111100000100110011100011
11111101110001000010011010000011
11111100110001000010011000000011
11111100110001000010010110000011
11111100110001000010010100000011
00000000000000000000000000010011
11111100010001000010011000000011
11111100100001000010010110000011
11111100000001000010010100000011
00000000000000000000000000010011
11111101110001000010011010000011
11111100000001000010011000000011
11111100110001000010010110000011
11111100110001000010010100000011
00000000000000000000000000010011
00000000000000000000000000010011
00000011110000010010000010000011
00000011100000010010010000000011
00000011010000010010010010000011
00000100000000010000000100010011
00000000000000001000000001100111
11111100000000010000000100010011
00000010000100010010111000100011
00000010100000010010110000100011
00000100000000010000010000010011
11111100101001000010011000100011
11111100101101000010010000100011
11111100110001000010001000100011
11111100110101000010000000100011
11111100010001000010011110000011
00000001111101111101011100010011
00000000111101110000011110110011
01000000000101111101011110010011
11111110111101000010001000100011
11111100010001000010011100000011
00000000010000000000011110010011
00000000111101110001101001100011
11111100100001000010010110000011
11111100110001000010010100000011
00000000000000000000000000010011
00101101010000000000000001101111
11111100010001000010011100000011
00000000100000000000011110010011
00000000111101110001101001100011
11111100100001000010010110000011
11111100110001000010010100000011
00000000000000000000000000010011
00101011100000000000000001101111
11111100010001000010011100000011
00000000111100000000011110010011
00000000111001111100111001100011
11111100000001000010011010000011
11111100010001000010011000000011
11111100100001000010010110000011
11111100110001000010010100000011
00000000000000000000000000010011
00101001010000000000000001101111
11111110010001000010011110000011
00000000001001111001011110010011
11111100100001000010011100000011
00000000111101110000011110110011
11111110010001000010011000000011
00000000111100000000010110110011
11111100100001000010010100000011
00000000000000000000000000010011
11111110101001000010000000100011
11111110000001000010011000100011
11111110000001000010011110000011
00000010111100000101011001100011
11111110010001000010011110000011
00000000001001111001011110010011
11111100100001000010011100000011
00000000111101110000011110110011
11111110010001000010011010000011
00000000111100000000011000110011
11111100100001000010010110000011
11111100000001000010010100000011
00000000000000000000000000010011
00000011110000000000000001101111
11111110000001000010011110000011
00000010000001111101011001100011
11111110010001000010011110000011
00000000001001111001011110010011
11111100100001000010011100000011
00000000111101110000011110110011
11111110010001000010011010000011
11111100100001000010011000000011
00000000111100000000010110110011
11111100000001000010010100000011
00000000000000000000000000010011
00000000110000000000000001101111
00000000000100000000011110010011
11111110111101000010011000100011
11111100010001000010011110000011
00000000001101111001011110010011
11111100000001000010011100000011
00000000111101110000011110110011
11111110111101000010010000100011
11111110110001000010011110000011
00000010000001111001011001100011
11111100010001000010011110000011
00000000001001111001011110010011
11111100000001000010011100000011
00000000111101110000011110110011
11111110100001000010011010000011
11111110010001000010011000000011
11111100000001000010010110000011
00000000111100000000010100110011
00000000000000000000000000010011
00000010110000000000000001101111
11111100010001000010011110000011
00000000001001111001011110010011
11111100000001000010011100000011
00000000111101110000011100110011
11111100010001000010011110000011
00000000001001111001011110010011
00000000111100000000011000110011
00000000000000000000010110010011
00000000111000000000010100110011
00000000000000000000000000010011
11111110100001000010011010000011
11111110010001000010011000000011
11111100100001000010010110000011
11111100110001000010010100000011
00000000000000000000000000010011
11111100010001000010011110000011
00000000001001111001011110010011
11111100110001000010011100000011
00000000111101110000010100110011
11111110010001000010011110000011
00000000001001111001011110010011
11111100100001000010011100000011
00000000111101110000011110110011
11111110100001000010011010000011
11111110010001000010011000000011
00000000111100000000010110110011
00000000000000000000000000010011
11111100010001000010011110000011
00000000001001111001011110010011
11111100110001000010011100000011
00000000111101110000011110110011
11111100010001000010011010000011
00000000111100000000011000110011
11111100110001000010010110000011
11111100000001000010010100000011
00000000000000000000000000010011
00000000101000000000011110110011
11111110111101000010000000100011
11111100010001000010011110000011
00000000001001111001011110010011
11111100000001000010011100000011
00000000111101110000010100110011
11111100010001000010011110000011
00000000001001111001011110010011
11111100000001000010011100000011
00000000111101110000011110110011
11111100010001000010011010000011
00000000111100000000011000110011
11111100000001000010010110000011
00000000000000000000000000010011
00000000101000000000011110110011
00000000111100000000011100110011
11111110000001000010011110000011
01000000111001111000011110110011
11111110111101000010000000100011
11111110010001000010011110000011
00000000001001111001011110010011
11111100110001000010011100000011
00000000111101110000010100110011
11111110010001000010011110000011
00000000001001111001011110010011
11111100110001000010011100000011
00000000111101110000010110110011
11111100010001000010011110000011
00000000001001111001011110010011
11111100000001000010011100000011
00000000111101110000011110110011
11111100010001000010011010000011
00000000111100000000011000110011
00000000000000000000000000010011
00000000101000000000011110110011
00000000111100000000011100110011
11111110000001000010011110000011
00000000111001111000011110110011
11111110111101000010000000100011
11111110000001000010011110000011
00001000000001111000011001100011
11111110010001000010011100000011
11111100010001000010011110000011
00000000111101110000011110110011
00000000001001111001011110010011
11111100110001000010011100000011
00000000111101110000011110110011
11111110111101000010010000100011
11111110100001000010011110000011
00000000000001111010011110000011
11111100111101000010111000100011
11111110000001000010011110000011
11111101110001000010011100000011
00000000111101110000011110110011
11111100111101000010110000100011
11111110100001000010011110000011
11111101100001000010011100000011
00000000111001111010000000100011
11111110000001000010011110000011
11111101100001000010011100000011
00000010111101110111111001100011
11111110100001000010011110000011
00000000010001111000011110010011
11111110111101000010010000100011
11111110100001000010011110000011
00000000000001111010011110000011
11111100111101000010111000100011
11111101110001000010011110000011
00000000000101111000011110010011
11111100111101000010110000100011
11111110100001000010011110000011
11111101100001000010011100000011
00000000111001111010000000100011
11111101100001000010011110000011
11111100000001111000011011100011
00000011110000010010000010000011
00000011100000010010010000000011
00000100000000010000000100010011
00000000000000001000000001100111
