11111101000000010000000100010011
00000010100000010010011000100011
00000011000000010000010000010011
11111100101001000010111000100011
11111110000001000010011000100011
00000100010000000000000001101111
11111110110001000010011110000011
11111101110001000010011100000011
00000000111101110000011110110011
00000000000001111100011110000011
00000000111100000000011010110011
11111110110001000010011110000011
11111101110001000010011100000011
00000000111101110000011110110011
00010000000000010000011100110111
00011000000001110000011100010011
00000000110101110000011100110011
00000000000001110100011100000011
00000000111001111000000000100011
11111110110001000010011110000011
00000000000101111000011110010011
11111110111101000010011000100011
00000000100000000000011110010011
11111110110001000010011100000011
11111010111101110100110011100011
00000000000000000000000000010011
00000000000000000000000000010011
00000010110000010010010000000011
00000011000000010000000100010011
00000000000000001000000001100111
11111101000000010000000100010011
00000010100000010010011000100011
00000011000000010000010000010011
11111100101001000010111000100011
11111110000001000010011000100011
00000101000000000000000001101111
11111110110001000010011110000011
11111101110001000010011100000011
00000000111101110000011110110011
00000000000001111100011100000011
11111110110001000010011110000011
11111101110001000010011010000011
00000000111101101000011110110011
00000000000001111100011110000011
00000000111100000000011010110011
00010000000000010000011110110111
00011000000001111000011110010011
00000000110101111000011110110011
00000000000001111100011110000011
00000000111101110000011001100011
00000000000000000000011110010011
00000010000000000000000001101111
11111110110001000010011110000011
00000000000101111000011110010011
11111110111101000010011000100011
00000000100000000000011110010011
11111110110001000010011100000011
11111010111101110100011011100011
00000000000100000000011110010011
00000000111100000000010100110011
00000010110000010010010000000011
00000011000000010000000100010011
00000000000000001000000001100111
11111101000000010000000100010011
00000010100000010010011000100011
00000011000000010000010000010011
11111100101001000010111000100011
11111110000001000010010000100011
11111110100001000010011100000011
00000000111100000000011110010011
00000010111001111100011001100011
11111110000001000010011000100011
00000001000000000000000001101111
11111110110001000010011110000011
00000000000101111000011110010011
11111110111101000010011000100011
00000000100000000000011110010011
11111110110001000010011100000011
11111110111101110100011011100011
00000000000100000000011110010011
00000000100000000000000001101111
00000000000000000000011110010011
00000000111100000000010100110011
00000010110000010010010000000011
00000011000000010000000100010011
00000000000000001000000001100111
11111110000000010000000100010011
00000000100000010010111000100011
00000010000000010000010000010011
11111110101001000010011000100011
11111110101101000010010000100011
11111110100001000010011110000011
00000000001101111000011110010011
11111110110001000010011100000011
00000000111101110000011110110011
00000000000001111100011110000011
00000001100001111001011100010011
11111110100001000010011110000011
00000000001001111000011110010011
11111110110001000010011010000011
00000000111101101000011110110011
00000000000001111100011110000011
00000001000001111001011110010011
00000000111101110000011100110011
11111110100001000010011110000011
00000000000101111000011110010011
11111110110001000010011010000011
00000000111101101000011110110011
00000000000001111100011110000011
00000000100001111001011110010011
00000000111101110000011110110011
11111110100001000010011100000011
11111110110001000010011010000011
00000000111001101000011100110011
00000000000001110100011100000011
00000000111001111000011110110011
00000000111100000000010100110011
00000001110000010010010000000011
00000010000000010000000100010011
00000000000000001000000001100111
11111100000000010000000100010011
00000010000100010010111000100011
00000010100000010010110000100011
00000100000000010000010000010011
11111100101001000010011000100011
11111100101101000010010000100011
11111100000001000010111000100011
11111110000001000010001000100011
11111101110001000010010110000011
11111100110001000010010100000011
00000000000000000000000000010011
11111110101001000010011000100011
11111101110001000010011110000011
00000000010001111000011110010011
00000000111100000000010110110011
11111100110001000010010100000011
00000000000000000000000000010011
11111110101001000010010000100011
11111110100001000010011110000011
00000000010001111101011100010011
11111110110001000010011110000011
00000000111101110100011100110011
00001111000011110001011110110111
00000000000001111000011110010011
11110000111101111000011110010011
00000000111101110111011110110011
11111100111101000010110000100011
11111110110001000010011100000011
11111101100001000010011110000011
00000000111101110100011110110011
11111110111101000010011000100011
11111101100001000010011110000011
00000000010001111001011110010011
11111110100001000010011100000011
00000000111101110100011110110011
11111110111101000010010000100011
11111110110001000010011110000011
00000001001001111001011100010011
11111110110001000010011110000011
00000000111101110100011100110011
11001100110011000000011110110111
00000000000001111000011110010011
00000000111101110111011110110011
11111100111101000010110000100011
11111110110001000010011100000011
11111101100001000010011110000011
00000000111101110100011100110011
11111101100001000010011110000011
00000001001001111101011110010011
00000000111101110100011110110011
11111110111101000010011000100011
11111110100001000010011110000011
00000001001001111001011100010011
11111110100001000010011110000011
00000000111101110100011100110011
11001100110011000000011110110111
00000000000001111000011110010011
00000000111101110111011110110011
11111100111101000010110000100011
11111110100001000010011100000011
11111101100001000010011110000011
00000000111101110100011100110011
11111101100001000010011110000011
00000001001001111101011110010011
00000000111101110100011110110011
11111110111101000010010000100011
11111110100001000010011110000011
00000000000101111101011100010011
11111110110001000010011110000011
00000000111101110100011100110011
01010101010101010101011110110111
00000000000001111000011110010011
01010101010101111000011110010011
00000000111101110111011110110011
11111100111101000010110000100011
11111110110001000010011100000011
11111101100001000010011110000011
00000000111101110100011110110011
11111110111101000010011000100011
11111101100001000010011110000011
00000000000101111001011110010011
11111110100001000010011100000011
00000000111101110100011110110011
11111110111101000010010000100011
11111110110001000010011110000011
00000000100001111101011100010011
11111110100001000010011110000011
00000000111101110100011100110011
00000000111111110000011110110111
00000000000001111000011110010011
00001111111101111000011110010011
00000000111101110111011110110011
11111100111101000010110000100011
11111110100001000010011100000011
11111101100001000010011110000011
00000000111101110100011110110011
11111110111101000010010000100011
11111101100001000010011110000011
00000000100001111001011110010011
11111110110001000010011100000011
00000000111101110100011110110011
11111110111101000010011000100011
11111110100001000010011110000011
00000000000101111101011100010011
11111110110001000010011110000011
00000000111101110100011100110011
01010101010101010101011110110111
00000000000001111000011110010011
01010101010101111000011110010011
00000000111101110111011110110011
11111100111101000010110000100011
11111110110001000010011100000011
11111101100001000010011110000011
00000000111101110100011110110011
11111110111101000010011000100011
11111101100001000010011110000011
00000000000101111001011110010011
11111110100001000010011100000011
00000000111101110100011110110011
11111110111101000010010000100011
11111110100001000010011110000011
00000001000001111001011100010011
00000000111111110000011110110111
00000000000001111000011110010011
00000000111101110111011100110011
11111110100001000010011010000011
00000000000000010000011110110111
00000000000001111000011110010011
11110000000001111000011110010011
00000000111101101111011110110011
00000000111101110110011100110011
11111110100001000010011110000011
00000001000001111101011110010011
00001111111101111111011110010011
00000000111101110110011100110011
11111110110001000010011110000011
00000000010001111101011010010011
00001111000000000000011110110111
00000000000001111000011110010011
00000000111101101111011110110011
00000000111101110110011110110011
11111110111101000010010000100011
11111110110001000010011100000011
00010000000000000000011110110111
00000000000001111000011110010011
11111111111101111000011110010011
00000000111101110111011110110011
11111110111101000010011000100011
11111110000001000010000000100011
00101110000000000000000001101111
00010000000000010000011110110111
00111011110001111000011100010011
11111110000001000010011110000011
00000000111101110000011110110011
00000000000001111100011110000011
00000010000001111000110001100011
11111110110001000010011110000011
00000000001001111101011100010011
11111110110001000010011110000011
00000001101001111001011110010011
00000000111101110110011110110011
11111110111101000010011000100011
11111110100001000010011110000011
00000000001001111101011100010011
11111110100001000010011110000011
00000001101001111001011110010011
00000000111101110110011110110011
11111110111101000010010000100011
00000011010000000000000001101111
11111110110001000010011110000011
00000000000101111101011100010011
11111110110001000010011110000011
00000001101101111001011110010011
00000000111101110110011110110011
11111110111101000010011000100011
11111110100001000010011110000011
00000000000101111101011100010011
11111110100001000010011110000011
00000001101101111001011110010011
00000000111101110110011110110011
11111110111101000010010000100011
11111110110001000010011100000011
00010000000000000000011110110111
00000000000001111000011110010011
11111111111101111000011110010011
00000000111101110111011110110011
11111110111101000010011000100011
11111110100001000010011100000011
00010000000000000000011110110111
00000000000001111000011110010011
11111111111101111000011110010011
00000000111101110111011110110011
11111110111101000010010000100011
11111110110001000010011110000011
00000011111101111111011110010011
00010000000000010000011100110111
00111110010001110000011100010011
00000000001001111001011110010011
00000000111101110000011110110011
00000000000001111010011100000011
11111110110001000010011110000011
00000000011001111101011110010011
00000000001101111111011010010011
11111110110001000010011110000011
00000000011101111101011110010011
00000011110001111111011110010011
00000000111101101110011110110011
00010000000000010000011010110111
00111110010001101000011010010011
00000100000001111000011110010011
00000000001001111001011110010011
00000000111101101000011110110011
00000000000001111010011110000011
00000000111101110110011100110011
11111110110001000010011110000011
00000000110101111101011110010011
00000000111101111111011010010011
11111110110001000010011110000011
00000000111001111101011110010011
00000011000001111111011110010011
00000000111101101110011110110011
00010000000000010000011010110111
00111110010001101000011010010011
00001000000001111000011110010011
00000000001001111001011110010011
00000000111101101000011110110011
00000000000001111010011110000011
00000000111101110110011100110011
11111110110001000010011110000011
00000001010001111101011110010011
00000000000101111111011010010011
11111110110001000010011110000011
00000001010101111101011110010011
00000000011001111111011110010011
00000000111101101110011010110011
11111110110001000010011110000011
00000001011001111101011110010011
00000011100001111111011110010011
00000000111101101110011110110011
00010000000000010000011010110111
00111110010001101000011010010011
00001100000001111000011110010011
00000000001001111001011110010011
00000000111101101000011110110011
00000000000001111010011110000011
00000000111101110110011110110011
11111100111101000010101000100011
11111110100001000010011110000011
00000011111101111111011110010011
00010000000000010000011100110111
00111110010001110000011100010011
00010000000001111000011110010011
00000000001001111001011110010011
00000000111101110000011110110011
00000000000001111010011100000011
11111110100001000010011110000011
00000000011101111101011110010011
00000000001101111111011010010011
11111110100001000010011110000011
00000000100001111101011110010011
00000011110001111111011110010011
00000000111101101110011110110011
00010000000000010000011010110111
00111110010001101000011010010011
00010100000001111000011110010011
00000000001001111001011110010011
00000000111101101000011110110011
00000000000001111010011110000011
00000000111101110110011100110011
11111110100001000010011110000011
00000000111101111101011110010011
00000011111101111111011110010011
00010000000000010000011010110111
00111110010001101000011010010011
00011000000001111000011110010011
00000000001001111001011110010011
00000000111101101000011110110011
00000000000001111010011110000011
00000000111101110110011100110011
11111110100001000010011110000011
00000001010101111101011110010011
00000000111101111111011010010011
11111110100001000010011110000011
00000001011001111101011110010011
00000011000001111111011110010011
00000000111101101110011110110011
00010000000000010000011010110111
00111110010001101000011010010011
00011100000001111000011110010011
00000000001001111001011110010011
00000000111101101000011110110011
00000000000001111010011110000011
00000000111101110110011110110011
11111100111101000010110000100011
11111101100001000010011110000011
00000001000001111001011010010011
11111101010001000010011100000011
00000000000000010000011110110111
00000000000001111000011110010011
11111111111101111000011110010011
00000000111101110111011100110011
11111110010001000010011110000011
00000000000101111000011000010011
11111110110001000010001000100011
00000000001001111001011110010011
11111100100001000010011000000011
00000000111101100000011110110011
00000000111001101110011100110011
00000000111001111010000000100011
11111101010001000010011110000011
00000001000001111101011100010011
11111101100001000010011010000011
11111111111111110000011110110111
00000000000001111000011110010011
00000000111101101111011110110011
00000000111101110110011110110011
11111100111101000010101000100011
11111101010001000010011110000011
00000000010001111001011100010011
00000001110001111101011110010011
00000000111101110110011110110011
11111100111101000010101000100011
11111110010001000010011110000011
00000000000101111000011100010011
11111110111001000010001000100011
00000000001001111001011110010011
11111100100001000010011100000011
00000000111101110000011110110011
11111101010001000010011100000011
00000000111001111010000000100011
11111110000001000010011110000011
00000000000101111000011110010011
11111110111101000010000000100011
11111110000001000010011100000011
00000000111100000000011110010011
11010000111001111101111011100011
00000000000100000000011110010011
00000000111100000000010100110011
00000011110000010010000010000011
00000011100000010010010000000011
00000100000000010000000100010011
00000000000000001000000001100111
11111110000000010000000100010011
00000000100000010010111000100011
00000010000000010000010000010011
11111110101001000010011000100011
11111110110001000010011110000011
00000000010001111101011100010011
00000001110001111001011110010011
00000000111001111110011110110011
00000000111100000000010100110011
00000001110000010010010000000011
00000010000000010000000100010011
00000000000000001000000001100111
11111100000000010000000100010011
00000010000100010010111000100011
00000010100000010010110000100011
00000100000000010000010000010011
11111100101001000010011000100011
11111100101101000010010000100011
00000000110000000000011110110011
11111100111101000000001110100011
11111100110001000010011110000011
00000000000001111010011110000011
11111110111101000010000000100011
11111100110001000010011110000011
00000000010001111010011110000011
11111110111101000010010000100011
11111110100001000010011110000011
00000000010001111101011100010011
11111110000001000010011110000011
00000000111101110100011100110011
00001111000011110001011110110111
00000000000001111000011110010011
11110000111101111000011110010011
00000000111101110111011110110011
11111100111101000010111000100011
11111110000001000010011100000011
11111101110001000010011110000011
00000000111101110100011110110011
11111110111101000010000000100011
11111101110001000010011110000011
00000000010001111001011110010011
11111110100001000010011100000011
00000000111101110100011110110011
11111110111101000010010000100011
11111110000001000010011110000011
00000001000001111101011100010011
11111110100001000010011110000011
00000000111101110100011100110011
00000000000000010000011110110111
00000000000001111000011110010011
11111111111101111000011110010011
00000000111101110111011110110011
11111100111101000010111000100011
11111110100001000010011100000011
11111101110001000010011110000011
00000000111101110100011110110011
11111110111101000010010000100011
11111101110001000010011110000011
00000001000001111001011110010011
11111110000001000010011100000011
00000000111101110100011110110011
11111110111101000010000000100011
11111110100001000010011110000011
00000000001001111101011100010011
11111110000001000010011110000011
00000000111101110100011100110011
00110011001100110011011110110111
00000000000001111000011110010011
00110011001101111000011110010011
00000000111101110111011110110011
11111100111101000010111000100011
11111110000001000010011100000011
11111101110001000010011110000011
00000000111101110100011110110011
11111110111101000010000000100011
11111101110001000010011110000011
00000000001001111001011110010011
11111110100001000010011100000011
00000000111101110100011110110011
11111110111101000010010000100011
11111110000001000010011110000011
00000000100001111101011100010011
11111110100001000010011110000011
00000000111101110100011100110011
00000000111111110000011110110111
00000000000001111000011110010011
00001111111101111000011110010011
00000000111101110111011110110011
11111100111101000010111000100011
11111110100001000010011100000011
11111101110001000010011110000011
00000000111101110100011110110011
11111110111101000010010000100011
11111101110001000010011110000011
00000000100001111001011110010011
11111110000001000010011100000011
00000000111101110100011110110011
11111110111101000010000000100011
11111110100001000010011110000011
00000000000101111101011100010011
11111110000001000010011110000011
00000000111101110100011100110011
01010101010101010101011110110111
00000000000001111000011110010011
01010101010101111000011110010011
00000000111101110111011110110011
11111100111101000010111000100011
11111110000001000010011100000011
11111101110001000010011110000011
00000000111101110100011110110011
11111110111101000010000000100011
11111101110001000010011110000011
00000000000101111001011110010011
11111110100001000010011100000011
00000000111101110100011110110011
11111110111101000010010000100011
11111110100001000010011110000011
00000000000101111001011100010011
00000001111101111101011110010011
00000000111101110110011110110011
11111110111101000010011000100011
11111110000001000010011110000011
00000000000101111001011100010011
00000001111101111101011110010011
00000000111101110110011110110011
11111110111101000010010000100011
11111100011101000000011110000011
01100110000001111000001001100011
11111110000001000010001000100011
01100100110000000000000001101111
11111110010001000010011110000011
00000000001001111001011110010011
11111100100001000010011100000011
00000000111101110000011110110011
00000000000001111010011110000011
11111110100001000010011100000011
00000000111101110100011110110011
11111110111101000010000000100011
11111110010001000010011110000011
00000000000101111000011110010011
00000000001001111001011110010011
11111100100001000010011100000011
00000000111101110000011110110011
00000000000001111010011110000011
11111110100001000010011100000011
00000000111101110100011110110011
11111100111101000010110000100011
11111101100001000010010100000011
00000000000000000000000000010011
11111100101001000010110000100011
11111101100001000010011110000011
00000011111101111111011110010011
00010000000000010001011100110111
10111110010001110000011100010011
00000100000001111000011110010011
00000000001001111001011110010011
00000000111101110000011110110011
00000000000001111010011100000011
11111101100001000010011110000011
00000000100001111101011110010011
00000011111101111111011110010011
00010000000000010001011010110111
10111110010001101000011010010011
00001100000001111000011110010011
00000000001001111001011110010011
00000000111101101000011110110011
00000000000001111010011110000011
00000000111101110110011100110011
11111101100001000010011110000011
00000001000001111101011110010011
00000011111101111111011110010011
00010000000000010001011010110111
10111110010001101000011010010011
00010100000001111000011110010011
00000000001001111001011110010011
00000000111101101000011110110011
00000000000001111010011110000011
00000000111101110110011100110011
11111101100001000010011110000011
00000001100001111101011110010011
00000011111101111111011110010011
00010000000000010001011010110111
10111110010001101000011010010011
00011100000001111000011110010011
00000000001001111001011110010011
00000000111101101000011110110011
00000000000001111010011110000011
00000000111101110110011100110011
11111110000001000010011110000011
00000011111101111111011110010011
00010000000000010001011010110111
10111110010001101000011010010011
00000000001001111001011110010011
00000000111101101000011110110011
00000000000001111010011110000011
00000000111101110110011100110011
11111110000001000010011110000011
00000000100001111101011110010011
00000011111101111111011110010011
00010000000000010001011010110111
10111110010001101000011010010011
00001000000001111000011110010011
00000000001001111001011110010011
00000000111101101000011110110011
00000000000001111010011110000011
00000000111101110110011100110011
11111110000001000010011110000011
00000001000001111101011110010011
00000011111101111111011110010011
00010000000000010001011010110111
10111110010001101000011010010011
00010000000001111000011110010011
00000000001001111001011110010011
00000000111101101000011110110011
00000000000001111010011110000011
00000000111101110110011100110011
11111110000001000010011110000011
00000001100001111101011110010011
00000011111101111111011110010011
00010000000000010001011010110111
10111110010001101000011010010011
00011000000001111000011110010011
00000000001001111001011110010011
00000000111101101000011110110011
00000000000001111010011110000011
00000000111101110110011110110011
11111110110001000010011100000011
00000000111101110100011110110011
11111110111101000010011000100011
11111110010001000010011110000011
00000000001001111000011110010011
00000000001001111001011110010011
11111100100001000010011100000011
00000000111101110000011110110011
00000000000001111010011110000011
11111110110001000010011100000011
00000000111101110100011110110011
11111110111101000010000000100011
11111110010001000010011110000011
00000000001101111000011110010011
00000000001001111001011110010011
11111100100001000010011100000011
00000000111101110000011110110011
00000000000001111010011110000011
11111110110001000010011100000011
00000000111101110100011110110011
11111100111101000010110000100011
11111101100001000010010100000011
00000000000000000000000000010011
11111100101001000010110000100011
11111101100001000010011110000011
00000011111101111111011110010011
00010000000000010001011100110111
10111110010001110000011100010011
00000100000001111000011110010011
00000000001001111001011110010011
00000000111101110000011110110011
00000000000001111010011100000011
11111101100001000010011110000011
00000000100001111101011110010011
00000011111101111111011110010011
00010000000000010001011010110111
10111110010001101000011010010011
00001100000001111000011110010011
00000000001001111001011110010011
00000000111101101000011110110011
00000000000001111010011110000011
00000000111101110110011100110011
11111101100001000010011110000011
00000001000001111101011110010011
00000011111101111111011110010011
00010000000000010001011010110111
10111110010001101000011010010011
00010100000001111000011110010011
00000000001001111001011110010011
00000000111101101000011110110011
00000000000001111010011110000011
00000000111101110110011100110011
11111101100001000010011110000011
00000001100001111101011110010011
00000011111101111111011110010011
00010000000000010001011010110111
10111110010001101000011010010011
00011100000001111000011110010011
00000000001001111001011110010011
00000000111101101000011110110011
00000000000001111010011110000011
00000000111101110110011100110011
11111110000001000010011110000011
00000011111101111111011110010011
00010000000000010001011010110111
10111110010001101000011010010011
00000000001001111001011110010011
00000000111101101000011110110011
00000000000001111010011110000011
00000000111101110110011100110011
11111110000001000010011110000011
00000000100001111101011110010011
00000011111101111111011110010011
00010000000000010001011010110111
10111110010001101000011010010011
00001000000001111000011110010011
00000000001001111001011110010011
00000000111101101000011110110011
00000000000001111010011110000011
00000000111101110110011100110011
11111110000001000010011110000011
00000001000001111101011110010011
00000011111101111111011110010011
00010000000000010001011010110111
10111110010001101000011010010011
00010000000001111000011110010011
00000000001001111001011110010011
00000000111101101000011110110011
00000000000001111010011110000011
00000000111101110110011100110011
11111110000001000010011110000011
00000001100001111101011110010011
00000011111101111111011110010011
00010000000000010001011010110111
10111110010001101000011010010011
00011000000001111000011110010011
00000000001001111001011110010011
00000000111101101000011110110011
00000000000001111010011110000011
00000000111101110110011110110011
11111110100001000010011100000011
00000000111101110100011110110011
11111110111101000010010000100011
11111110010001000010011110000011
00000000010001111000011110010011
00000000001001111001011110010011
11111100100001000010011100000011
00000000111101110000011110110011
00000000000001111010011110000011
11111110100001000010011100000011
00000000111101110100011110110011
11111110111101000010000000100011
11111110010001000010011110000011
00000000010101111000011110010011
00000000001001111001011110010011
11111100100001000010011100000011
00000000111101110000011110110011
00000000000001111010011110000011
11111110100001000010011100000011
00000000111101110100011110110011
11111100111101000010110000100011
11111101100001000010010100000011
00000000000000000000000000010011
11111100101001000010110000100011
11111101100001000010011110000011
00000011111101111111011110010011
00010000000000010001011100110111
10111110010001110000011100010011
00000100000001111000011110010011
00000000001001111001011110010011
00000000111101110000011110110011
00000000000001111010011100000011
11111101100001000010011110000011
00000000100001111101011110010011
00000011111101111111011110010011
00010000000000010001011010110111
10111110010001101000011010010011
00001100000001111000011110010011
00000000001001111001011110010011
00000000111101101000011110110011
00000000000001111010011110000011
00000000111101110110011100110011
11111101100001000010011110000011
00000001000001111101011110010011
00000011111101111111011110010011
00010000000000010001011010110111
10111110010001101000011010010011
00010100000001111000011110010011
00000000001001111001011110010011
00000000111101101000011110110011
00000000000001111010011110000011
00000000111101110110011100110011
11111101100001000010011110000011
00000001100001111101011110010011
00000011111101111111011110010011
00010000000000010001011010110111
10111110010001101000011010010011
00011100000001111000011110010011
00000000001001111001011110010011
00000000111101101000011110110011
00000000000001111010011110000011
00000000111101110110011100110011
11111110000001000010011110000011
00000011111101111111011110010011
00010000000000010001011010110111
10111110010001101000011010010011
00000000001001111001011110010011
00000000111101101000011110110011
00000000000001111010011110000011
00000000111101110110011100110011
11111110000001000010011110000011
00000000100001111101011110010011
00000011111101111111011110010011
00010000000000010001011010110111
10111110010001101000011010010011
00001000000001111000011110010011
00000000001001111001011110010011
00000000111101101000011110110011
00000000000001111010011110000011
00000000111101110110011100110011
11111110000001000010011110000011
00000001000001111101011110010011
00000011111101111111011110010011
00010000000000010001011010110111
10111110010001101000011010010011
00010000000001111000011110010011
00000000001001111001011110010011
00000000111101101000011110110011
00000000000001111010011110000011
00000000111101110110011100110011
11111110000001000010011110000011
00000001100001111101011110010011
00000011111101111111011110010011
00010000000000010001011010110111
10111110010001101000011010010011
00011000000001111000011110010011
00000000001001111001011110010011
00000000111101101000011110110011
00000000000001111010011110000011
00000000111101110110011110110011
11111110110001000010011100000011
00000000111101110100011110110011
11111110111101000010011000100011
11111110010001000010011110000011
00000000011001111000011110010011
00000000001001111001011110010011
11111100100001000010011100000011
00000000111101110000011110110011
00000000000001111010011110000011
11111110110001000010011100000011
00000000111101110100011110110011
11111110111101000010000000100011
11111110010001000010011110000011
00000000011101111000011110010011
00000000001001111001011110010011
11111100100001000010011100000011
00000000111101110000011110110011
00000000000001111010011110000011
11111110110001000010011100000011
00000000111101110100011110110011
11111100111101000010110000100011
11111101100001000010010100000011
00000000000000000000000000010011
11111100101001000010110000100011
11111101100001000010011110000011
00000011111101111111011110010011
00010000000000010001011100110111
10111110010001110000011100010011
00000100000001111000011110010011
00000000001001111001011110010011
00000000111101110000011110110011
00000000000001111010011100000011
11111101100001000010011110000011
00000000100001111101011110010011
00000011111101111111011110010011
00010000000000010001011010110111
10111110010001101000011010010011
00001100000001111000011110010011
00000000001001111001011110010011
00000000111101101000011110110011
00000000000001111010011110000011
00000000111101110110011100110011
11111101100001000010011110000011
00000001000001111101011110010011
00000011111101111111011110010011
00010000000000010001011010110111
10111110010001101000011010010011
00010100000001111000011110010011
00000000001001111001011110010011
00000000111101101000011110110011
00000000000001111010011110000011
00000000111101110110011100110011
11111101100001000010011110000011
00000001100001111101011110010011
00000011111101111111011110010011
00010000000000010001011010110111
10111110010001101000011010010011
00011100000001111000011110010011
00000000001001111001011110010011
00000000111101101000011110110011
00000000000001111010011110000011
00000000111101110110011100110011
11111110000001000010011110000011
00000011111101111111011110010011
00010000000000010001011010110111
10111110010001101000011010010011
00000000001001111001011110010011
00000000111101101000011110110011
00000000000001111010011110000011
00000000111101110110011100110011
11111110000001000010011110000011
00000000100001111101011110010011
00000011111101111111011110010011
00010000000000010001011010110111
10111110010001101000011010010011
00001000000001111000011110010011
00000000001001111001011110010011
00000000111101101000011110110011
00000000000001111010011110000011
00000000111101110110011100110011
11111110000001000010011110000011
00000001000001111101011110010011
00000011111101111111011110010011
00010000000000010001011010110111
10111110010001101000011010010011
00010000000001111000011110010011
00000000001001111001011110010011
00000000111101101000011110110011
00000000000001111010011110000011
00000000111101110110011100110011
11111110000001000010011110000011
00000001100001111101011110010011
00000011111101111111011110010011
00010000000000010001011010110111
10111110010001101000011010010011
00011000000001111000011110010011
00000000001001111001011110010011
00000000111101101000011110110011
00000000000001111010011110000011
00000000111101110110011110110011
11111110100001000010011100000011
00000000111101110100011110110011
11111110111101000010010000100011
11111110010001000010011110000011
00000000100001111000011110010011
11111110111101000010001000100011
11111110010001000010011100000011
00000001111100000000011110010011
10011010111001111101100011100011
01101000010000000000000001101111
00000001111000000000011110010011
11111110111101000010001000100011
01100111000000000000000001101111
11111110010001000010011110000011
00000000001001111001011110010011
11111100100001000010011100000011
00000000111101110000011110110011
00000000000001111010011110000011
11111110100001000010011100000011
00000000111101110100011110110011
11111110111101000010000000100011
11111110010001000010011110000011
00000000000101111000011110010011
00000000001001111001011110010011
11111100100001000010011100000011
00000000111101110000011110110011
00000000000001111010011110000011
11111110100001000010011100000011
00000000111101110100011110110011
11111100111101000010110000100011
11111101100001000010010100000011
00000000000000000000000000010011
11111100101001000010110000100011
11111101100001000010011110000011
00000011111101111111011110010011
00010000000000010001011100110111
10111110010001110000011100010011
00000100000001111000011110010011
00000000001001111001011110010011
00000000111101110000011110110011
00000000000001111010011100000011
11111101100001000010011110000011
00000000100001111101011110010011
00000011111101111111011110010011
00010000000000010001011010110111
10111110010001101000011010010011
00001100000001111000011110010011
00000000001001111001011110010011
00000000111101101000011110110011
00000000000001111010011110000011
00000000111101110110011100110011
11111101100001000010011110000011
00000001000001111101011110010011
00000011111101111111011110010011
00010000000000010001011010110111
10111110010001101000011010010011
00010100000001111000011110010011
00000000001001111001011110010011
00000000111101101000011110110011
00000000000001111010011110000011
00000000111101110110011100110011
11111101100001000010011110000011
00000001100001111101011110010011
00000011111101111111011110010011
00010000000000010001011010110111
10111110010001101000011010010011
00011100000001111000011110010011
00000000001001111001011110010011
00000000111101101000011110110011
00000000000001111010011110000011
00000000111101110110011100110011
11111110000001000010011110000011
00000011111101111111011110010011
00010000000000010001011010110111
10111110010001101000011010010011
00000000001001111001011110010011
00000000111101101000011110110011
00000000000001111010011110000011
00000000111101110110011100110011
11111110000001000010011110000011
00000000100001111101011110010011
00000011111101111111011110010011
00010000000000010001011010110111
10111110010001101000011010010011
00001000000001111000011110010011
00000000001001111001011110010011
00000000111101101000011110110011
00000000000001111010011110000011
00000000111101110110011100110011
11111110000001000010011110000011
00000001000001111101011110010011
00000011111101111111011110010011
00010000000000010001011010110111
10111110010001101000011010010011
00010000000001111000011110010011
00000000001001111001011110010011
00000000111101101000011110110011
00000000000001111010011110000011
00000000111101110110011100110011
11111110000001000010011110000011
00000001100001111101011110010011
00000011111101111111011110010011
00010000000000010001011010110111
10111110010001101000011010010011
00011000000001111000011110010011
00000000001001111001011110010011
00000000111101101000011110110011
00000000000001111010011110000011
00000000111101110110011110110011
11111110110001000010011100000011
00000000111101110100011110110011
11111110111101000010011000100011
11111110010001000010011100000011
01000000000000000000011110110111
00000000000001111000011110010011
11111111111001111000011110010011
00000000111101110000011110110011
00000000001001111001011110010011
11111100100001000010011100000011
00000000111101110000011110110011
00000000000001111010011110000011
11111110110001000010011100000011
00000000111101110100011110110011
11111110111101000010000000100011
11111110010001000010011110000011
11111111111101111000011110010011
00000000001001111001011110010011
11111100100001000010011100000011
00000000111101110000011110110011
00000000000001111010011110000011
11111110110001000010011100000011
00000000111101110100011110110011
11111100111101000010110000100011
11111101100001000010010100000011
00000000000000000000000000010011
11111100101001000010110000100011
11111101100001000010011110000011
00000011111101111111011110010011
00010000000000010001011100110111
10111110010001110000011100010011
00000100000001111000011110010011
00000000001001111001011110010011
00000000111101110000011110110011
00000000000001111010011100000011
11111101100001000010011110000011
00000000100001111101011110010011
00000011111101111111011110010011
00010000000000010001011010110111
10111110010001101000011010010011
00001100000001111000011110010011
00000000001001111001011110010011
00000000111101101000011110110011
00000000000001111010011110000011
00000000111101110110011100110011
11111101100001000010011110000011
00000001000001111101011110010011
00000011111101111111011110010011
00010000000000010001011010110111
10111110010001101000011010010011
00010100000001111000011110010011
00000000001001111001011110010011
00000000111101101000011110110011
00000000000001111010011110000011
00000000111101110110011100110011
11111101100001000010011110000011
00000001100001111101011110010011
00000011111101111111011110010011
00010000000000010001011010110111
10111110010001101000011010010011
00011100000001111000011110010011
00000000001001111001011110010011
00000000111101101000011110110011
00000000000001111010011110000011
00000000111101110110011100110011
11111110000001000010011110000011
00000011111101111111011110010011
00010000000000010001011010110111
10111110010001101000011010010011
00000000001001111001011110010011
00000000111101101000011110110011
00000000000001111010011110000011
00000000111101110110011100110011
11111110000001000010011110000011
00000000100001111101011110010011
00000011111101111111011110010011
00010000000000010001011010110111
10111110010001101000011010010011
00001000000001111000011110010011
00000000001001111001011110010011
00000000111101101000011110110011
00000000000001111010011110000011
00000000111101110110011100110011
11111110000001000010011110000011
00000001000001111101011110010011
00000011111101111111011110010011
00010000000000010001011010110111
10111110010001101000011010010011
00010000000001111000011110010011
00000000001001111001011110010011
00000000111101101000011110110011
00000000000001111010011110000011
00000000111101110110011100110011
11111110000001000010011110000011
00000001100001111101011110010011
00000011111101111111011110010011
00010000000000010001011010110111
10111110010001101000011010010011
00011000000001111000011110010011
00000000001001111001011110010011
00000000111101101000011110110011
00000000000001111010011110000011
00000000111101110110011110110011
11111110100001000010011100000011
00000000111101110100011110110011
11111110111101000010010000100011
11111110010001000010011100000011
01000000000000000000011110110111
00000000000001111000011110010011
11111111110001111000011110010011
00000000111101110000011110110011
00000000001001111001011110010011
11111100100001000010011100000011
00000000111101110000011110110011
00000000000001111010011110000011
11111110100001000010011100000011
00000000111101110100011110110011
11111110111101000010000000100011
11111110010001000010011110000011
11111111110101111000011110010011
00000000001001111001011110010011
11111100100001000010011100000011
00000000111101110000011110110011
00000000000001111010011110000011
11111110100001000010011100000011
00000000111101110100011110110011
11111100111101000010110000100011
11111101100001000010010100000011
00000000000000000000000000010011
11111100101001000010110000100011
11111101100001000010011110000011
00000011111101111111011110010011
00010000000000010001011100110111
10111110010001110000011100010011
00000100000001111000011110010011
00000000001001111001011110010011
00000000111101110000011110110011
00000000000001111010011100000011
11111101100001000010011110000011
00000000100001111101011110010011
00000011111101111111011110010011
00010000000000010001011010110111
10111110010001101000011010010011
00001100000001111000011110010011
00000000001001111001011110010011
00000000111101101000011110110011
00000000000001111010011110000011
00000000111101110110011100110011
11111101100001000010011110000011
00000001000001111101011110010011
00000011111101111111011110010011
00010000000000010001011010110111
10111110010001101000011010010011
00010100000001111000011110010011
00000000001001111001011110010011
00000000111101101000011110110011
00000000000001111010011110000011
00000000111101110110011100110011
11111101100001000010011110000011
00000001100001111101011110010011
00000011111101111111011110010011
00010000000000010001011010110111
10111110010001101000011010010011
00011100000001111000011110010011
00000000001001111001011110010011
00000000111101101000011110110011
00000000000001111010011110000011
00000000111101110110011100110011
11111110000001000010011110000011
00000011111101111111011110010011
00010000000000010001011010110111
10111110010001101000011010010011
00000000001001111001011110010011
00000000111101101000011110110011
00000000000001111010011110000011
00000000111101110110011100110011
11111110000001000010011110000011
00000000100001111101011110010011
00000011111101111111011110010011
00010000000000010001011010110111
10111110010001101000011010010011
00001000000001111000011110010011
00000000001001111001011110010011
00000000111101101000011110110011
00000000000001111010011110000011
00000000111101110110011100110011
11111110000001000010011110000011
00000001000001111101011110010011
00000011111101111111011110010011
00010000000000010001011010110111
10111110010001101000011010010011
00010000000001111000011110010011
00000000001001111001011110010011
00000000111101101000011110110011
00000000000001111010011110000011
00000000111101110110011100110011
11111110000001000010011110000011
00000001100001111101011110010011
00000011111101111111011110010011
00010000000000010001011010110111
10111110010001101000011010010011
00011000000001111000011110010011
00000000001001111001011110010011
00000000111101101000011110110011
00000000000001111010011110000011
00000000111101110110011110110011
11111110110001000010011100000011
00000000111101110100011110110011
11111110111101000010011000100011
11111110010001000010011100000011
01000000000000000000011110110111
00000000000001111000011110010011
11111111101001111000011110010011
00000000111101110000011110110011
00000000001001111001011110010011
11111100100001000010011100000011
00000000111101110000011110110011
00000000000001111010011110000011
11111110110001000010011100000011
00000000111101110100011110110011
11111110111101000010000000100011
11111110010001000010011110000011
11111111101101111000011110010011
00000000001001111001011110010011
11111100100001000010011100000011
00000000111101110000011110110011
00000000000001111010011110000011
11111110110001000010011100000011
00000000111101110100011110110011
11111100111101000010110000100011
11111101100001000010010100000011
00000000000000000000000000010011
11111100101001000010110000100011
11111101100001000010011110000011
00000011111101111111011110010011
00010000000000010001011100110111
10111110010001110000011100010011
00000100000001111000011110010011
00000000001001111001011110010011
00000000111101110000011110110011
00000000000001111010011100000011
11111101100001000010011110000011
00000000100001111101011110010011
00000011111101111111011110010011
00010000000000010001011010110111
10111110010001101000011010010011
00001100000001111000011110010011
00000000001001111001011110010011
00000000111101101000011110110011
00000000000001111010011110000011
00000000111101110110011100110011
11111101100001000010011110000011
00000001000001111101011110010011
00000011111101111111011110010011
00010000000000010001011010110111
10111110010001101000011010010011
00010100000001111000011110010011
00000000001001111001011110010011
00000000111101101000011110110011
00000000000001111010011110000011
00000000111101110110011100110011
11111101100001000010011110000011
00000001100001111101011110010011
00000011111101111111011110010011
00010000000000010001011010110111
10111110010001101000011010010011
00011100000001111000011110010011
00000000001001111001011110010011
00000000111101101000011110110011
00000000000001111010011110000011
00000000111101110110011100110011
11111110000001000010011110000011
00000011111101111111011110010011
00010000000000010001011010110111
10111110010001101000011010010011
00000000001001111001011110010011
00000000111101101000011110110011
00000000000001111010011110000011
00000000111101110110011100110011
11111110000001000010011110000011
00000000100001111101011110010011
00000011111101111111011110010011
00010000000000010001011010110111
10111110010001101000011010010011
00001000000001111000011110010011
00000000001001111001011110010011
00000000111101101000011110110011
00000000000001111010011110000011
00000000111101110110011100110011
11111110000001000010011110000011
00000001000001111101011110010011
00000011111101111111011110010011
00010000000000010001011010110111
10111110010001101000011010010011
00010000000001111000011110010011
00000000001001111001011110010011
00000000111101101000011110110011
00000000000001111010011110000011
00000000111101110110011100110011
11111110000001000010011110000011
00000001100001111101011110010011
00000011111101111111011110010011
00010000000000010001011010110111
10111110010001101000011010010011
00011000000001111000011110010011
00000000001001111001011110010011
00000000111101101000011110110011
00000000000001111010011110000011
00000000111101110110011110110011
11111110100001000010011100000011
00000000111101110100011110110011
11111110111101000010010000100011
11111110010001000010011110000011
11111111100001111000011110010011
11111110111101000010001000100011
11111110010001000010011110000011
10011000111100000100100011100011
11111110110001000010011110000011
00000000000101111101011100010011
00000001111101111001011110010011
00000000111101110110011110110011
11111110111101000010011000100011
11111110100001000010011110000011
00000000000101111101011100010011
00000001111101111001011110010011
00000000111101110110011110110011
11111110111101000010010000100011
11111110100001000010011110000011
00000000000101111101011100010011
11111110110001000010011110000011
00000000111101110100011100110011
01010101010101010101011110110111
00000000000001111000011110010011
01010101010101111000011110010011
00000000111101110111011110110011
11111100111101000010101000100011
11111110110001000010011100000011
11111101010001000010011110000011
00000000111101110100011110110011
11111110111101000010011000100011
11111101010001000010011110000011
00000000000101111001011110010011
11111110100001000010011100000011
00000000111101110100011110110011
11111110111101000010010000100011
11111110110001000010011110000011
00000000100001111101011100010011
11111110100001000010011110000011
00000000111101110100011100110011
00000000111111110000011110110111
00000000000001111000011110010011
00001111111101111000011110010011
00000000111101110111011110110011
11111100111101000010101000100011
11111110100001000010011100000011
11111101010001000010011110000011
00000000111101110100011110110011
11111110111101000010010000100011
11111101010001000010011110000011
00000000100001111001011110010011
11111110110001000010011100000011
00000000111101110100011110110011
11111110111101000010011000100011
11111110100001000010011110000011
00000000001001111101011100010011
11111110110001000010011110000011
00000000111101110100011100110011
00110011001100110011011110110111
00000000000001111000011110010011
00110011001101111000011110010011
00000000111101110111011110110011
11111100111101000010101000100011
11111110110001000010011100000011
11111101010001000010011110000011
00000000111101110100011110110011
11111110111101000010011000100011
11111101010001000010011110000011
00000000001001111001011110010011
11111110100001000010011100000011
00000000111101110100011110110011
11111110111101000010010000100011
11111110110001000010011110000011
00000001000001111101011100010011
11111110100001000010011110000011
00000000111101110100011100110011
00000000000000010000011110110111
00000000000001111000011110010011
11111111111101111000011110010011
00000000111101110111011110110011
11111100111101000010101000100011
11111110100001000010011100000011
11111101010001000010011110000011
00000000111101110100011110110011
11111110111101000010010000100011
11111101010001000010011110000011
00000001000001111001011110010011
11111110110001000010011100000011
00000000111101110100011110110011
11111110111101000010011000100011
11111110100001000010011110000011
00000000010001111101011100010011
11111110110001000010011110000011
00000000111101110100011100110011
00001111000011110001011110110111
00000000000001111000011110010011
11110000111101111000011110010011
00000000111101110111011110110011
11111100111101000010101000100011
11111110110001000010011100000011
11111101010001000010011110000011
00000000111101110100011110110011
11111110111101000010011000100011
11111101010001000010011110000011
00000000010001111001011110010011
11111110100001000010011100000011
00000000111101110100011110110011
11111110111101000010010000100011
11111100110001000010011110000011
11111110110001000010011100000011
00000000111001111010000000100011
11111100110001000010011110000011
00000000010001111000011110010011
11111110100001000010011100000011
00000000111001111010000000100011
11111110000001000010000000100011
11111110000001000010011110000011
11111100111101000010110000100011
11111101100001000010011110000011
11111110111101000010010000100011
11111110100001000010011110000011
11111110111101000010011000100011
00000000000000000000000000010011
00000011110000010010000010000011
00000011100000010010010000000011
00000100000000010000000100010011
00000000000000001000000001100111
11111100000000010000000100010011
00000010000100010010111000100011
00000010100000010010110000100011
00000100000000010000010000010011
11111100101001000010011000100011
11111100101101000010010000100011
00000000110000000000011110110011
11111100111101000000001110100011
11111110000001000010011000100011
11111110000001000010010000100011
11111110110001000010010110000011
11111100110001000010010100000011
00000000000000000000000000010011
11111110101001000010001000100011
11111110010001000010011110000011
11111100111101000010111000100011
11111110110001000010011110000011
00000000010001111000011110010011
00000000111100000000010110110011
11111100110001000010010100000011
00000000000000000000000000010011
11111110101001000010001000100011
11111110010001000010011110000011
11111110111101000010000000100011
11111100011101000000011100000011
11111101110001000000011110010011
00000000111000000000011000110011
11111100100001000010010110000011
00000000111100000000010100110011
00000000000000000000000000010011
11111101110001000010011110000011
11111110111101000010001000100011
11111110100001000010011110000011
00000000000101111000011100010011
11111110111001000010010000100011
00000000111100000000011100110011
11111100110001000010011110000011
00000000111001111000011110110011
11111110010001000010011100000011
00001111111101110111011100010011
00000000111001111000000000100011
11111110010001000010011110000011
00000000100001111101011010010011
11111110100001000010011110000011
00000000000101111000011100010011
11111110111001000010010000100011
00000000111100000000011100110011
11111100110001000010011110000011
00000000111001111000011110110011
00001111111101101111011100010011
00000000111001111000000000100011
11111110010001000010011110000011
00000001000001111101011010010011
11111110100001000010011110000011
00000000000101111000011100010011
11111110111001000010010000100011
00000000111100000000011100110011
11111100110001000010011110000011
00000000111001111000011110110011
00001111111101101111011100010011
00000000111001111000000000100011
11111110010001000010011110000011
00000001100001111101011010010011
11111110100001000010011110000011
00000000000101111000011100010011
11111110111001000010010000100011
00000000111100000000011100110011
11111100110001000010011110000011
00000000111001111000011110110011
00001111111101101111011100010011
00000000111001111000000000100011
11111110000001000010011110000011
11111110111101000010001000100011
11111110100001000010011110000011
00000000000101111000011100010011
11111110111001000010010000100011
00000000111100000000011100110011
11111100110001000010011110000011
00000000111001111000011110110011
11111110010001000010011100000011
00001111111101110111011100010011
00000000111001111000000000100011
11111110010001000010011110000011
00000000100001111101011010010011
11111110100001000010011110000011
00000000000101111000011100010011
11111110111001000010010000100011
00000000111100000000011100110011
11111100110001000010011110000011
00000000111001111000011110110011
00001111111101101111011100010011
00000000111001111000000000100011
11111110010001000010011110000011
00000001000001111101011010010011
11111110100001000010011110000011
00000000000101111000011100010011
11111110111001000010010000100011
00000000111100000000011100110011
11111100110001000010011110000011
00000000111001111000011110110011
00001111111101101111011100010011
00000000111001111000000000100011
11111110010001000010011110000011
00000001100001111101011010010011
11111110100001000010011110000011
00000000000101111000011100010011
11111110111001000010010000100011
00000000111100000000011100110011
11111100110001000010011110000011
00000000111001111000011110110011
00001111111101101111011100010011
00000000111001111000000000100011
00000000000000000000000000010011
00000011110000010010000010000011
00000011100000010010010000000011
00000100000000010000000100010011
00000000000000001000000001100111
11111101000000010000000100010011
00000010100000010010011000100011
00000011000000010000010000010011
11111100101001000010111000100011
11111100101101000010110000100011
11111100110001000010101000100011
11111100110101000010100000100011
11111101100001000010011100000011
00000001000000000000011110010011
00000010111101110000011001100011
11111101100001000010011100000011
00000001000000000000011110010011
00010110111001111100100001100011
11111101100001000010011100000011
00000000010000000000011110010011
00001100111101110000011001100011
11111101100001000010011100000011
00000000100000000000011110010011
00000110111101110000001001100011
00010001100000000000000001101111
11111110000001000010011000100011
00000100100000000000000001101111
11111101010001000010011100000011
11111110110001000010011110000011
00000000111101110000011110110011
00000000000001111100011010000011
11111101000001000010011100000011
11111110110001000010011110000011
00000000111101110000011110110011
00000000000001111100011100000011
11111101110001000010011000000011
11111110110001000010011110000011
00000000111101100000011110110011
00000000111001101100011100110011
00001111111101110111011100010011
00000000111001111000000000100011
11111110110001000010011110000011
00000000000101111000011110010011
11111110111101000010011000100011
11111110110001000010011100000011
00000000111100000000011110010011
11111010111001111111101011100011
00010000110000000000000001101111
11111110000001000010011000100011
00000100100000000000000001101111
11111101010001000010011100000011
11111110110001000010011110000011
00000000111101110000011110110011
00000000000001111100011010000011
11111101000001000010011100000011
11111110110001000010011110000011
00000000111101110000011110110011
00000000000001111100011100000011
11111101110001000010011000000011
11111110110001000010011110000011
00000000111101100000011110110011
00000000111001101100011100110011
00001111111101110111011100010011
00000000111001111000000000100011
11111110110001000010011110000011
00000000000101111000011110010011
11111110111101000010011000100011
11111110110001000010011100000011
00000000011100000000011110010011
11111010111001111111101011100011
00001011000000000000000001101111
11111110000001000010011000100011
00000100100000000000000001101111
11111101010001000010011100000011
11111110110001000010011110000011
00000000111101110000011110110011
00000000000001111100011010000011
11111101000001000010011100000011
11111110110001000010011110000011
00000000111101110000011110110011
00000000000001111100011100000011
11111101110001000010011000000011
11111110110001000010011110000011
00000000111101100000011110110011
00000000111001101100011100110011
00001111111101110111011100010011
00000000111001111000000000100011
11111110110001000010011110000011
00000000000101111000011110010011
11111110111101000010011000100011
11111110110001000010011100000011
00000000001100000000011110010011
11111010111001111111101011100011
00000101010000000000000001101111
00000011110000000000000001101111
11111101010001000010011110000011
00000000000101111000011100010011
11111100111001000010101000100011
00000000000001111100011010000011
11111101000001000010011110000011
00000000000101111000011100010011
11111100111001000010100000100011
00000000000001111100011100000011
11111101110001000010011110000011
00000000000101111000011000010011
11111100110001000010111000100011
00000000111001101100011100110011
00001111111101110111011100010011
00000000111001111000000000100011
11111101100001000010011110000011
11111111111101111000011100010011
11111100111001000010110000100011
11111010000001111001111011100011
00000000000000000000000000010011
00000000000000000000000000010011
00000010110000010010010000000011
00000011000000010000000100010011
00000000000000001000000001100111
11110101000000010000000100010011
00001010000100010010011000100011
00001010100000010010010000100011
00001011000000010000010000010011
11110100101001000010111000100011
11110100101101000010110000100011
11110100110001000010101000100011
11110110110001000000011110010011
00000000111100000000010110110011
11110101100001000010010100000011
00000000000000000000000000010011
11110101010001000010011110000011
11111111100001111111011110010011
11110100111101000010101000100011
11111110000001000010011000100011
00000011000000000000000001101111
11111110110001000010011110000011
11110101110001000010011100000011
00000000111101110000011110110011
11110110110001000000011100010011
00000000000100000000011000010011
00000000111000000000010110110011
00000000111100000000010100110011
00000000000000000000000000010011
11111110110001000010011110000011
00000000100001111000011110010011
11111110111101000010011000100011
11111110110001000010011100000011
11110101010001000010011110000011
11111100111101110100011011100011
00000000000000000000000000010011
00000000000000000000000000010011
00001010110000010010000010000011
00001010100000010010010000000011
00001011000000010000000100010011
00000000000000001000000001100111
11110101000000010000000100010011
00001010000100010010011000100011
00001010100000010010010000100011
00001011000000010000010000010011
11110100101001000010111000100011
11110100101101000010110000100011
11110100110001000010101000100011
11110110110001000000011110010011
00000000111100000000010110110011
11110101100001000010010100000011
00000000000000000000000000010011
11110101010001000010011110000011
11111111100001111111011110010011
11110100111101000010101000100011
11111110000001000010011000100011
00000011000000000000000001101111
11111110110001000010011110000011
11110101110001000010011100000011
00000000111101110000011110110011
11110110110001000000011100010011
00000000000000000000011000010011
00000000111000000000010110110011
00000000111100000000010100110011
00000000000000000000000000010011
11111110110001000010011110000011
00000000100001111000011110010011
11111110111101000010011000100011
11111110110001000010011100000011
11110101010001000010011110000011
11111100111101110100011011100011
00000000000000000000000000010011
00000000000000000000000000010011
00001010110000010010000010000011
00001010100000010010010000000011
00001011000000010000000100010011
00000000000000001000000001100111
11110101000000010000000100010011
00001010000100010010011000100011
00001010100000010010010000100011
00001011000000010000010000010011
11110100101001000010111000100011
11110100101101000010110000100011
11110100110001000010101000100011
11110100110101000010100000100011
11110101100001000010011110000011
11111110111101000010011000100011
11110110100001000000011110010011
00000000111100000000010110110011
11110101010001000010010100000011
00000000000000000000000000010011
11110101000001000010011110000011
11111111100001111111011110010011
11110100111101000010100000100011
11111110000001000010010000100011
00000110100000000000000001101111
11111110100001000010011110000011
11110101110001000010011100000011
00000000111101110000010100110011
11111110100001000010011110000011
11110101110001000010011100000011
00000000111101110000011110110011
11111110110001000010011010000011
00000000111100000000011000110011
00000000100000000000010110010011
00000000000000000000000000010011
11111110100001000010011110000011
11110101110001000010011100000011
00000000111101110000011110110011
11111110111101000010011000100011
11111110100001000010011110000011
11110101110001000010011100000011
00000000111101110000011110110011
11110110100001000000011100010011
00000000000100000000011000010011
00000000111000000000010110110011
00000000111100000000010100110011
00000000000000000000000000010011
11111110100001000010011110000011
00000000100001111000011110010011
11111110111101000010010000100011
11111110100001000010011100000011
11110101000001000010011110000011
11111000111101110100101011100011
00000000000000000000000000010011
00000000000000000000000000010011
00001010110000010010000010000011
00001010100000010010010000000011
00001011000000010000000100010011
00000000000000001000000001100111
11110100000000010000000100010011
00001010000100010010111000100011
00001010100000010010110000100011
00001100000000010000010000010011
11110100101001000010011000100011
11110100101101000010010000100011
11110100110001000010001000100011
11110100110101000010000000100011
11111110000001000010010000100011
11110101100001000000011110010011
00000000111100000000010110110011
11110100010001000010010100000011
00000000000000000000000000010011
11110100000001000010011110000011
11111111100001111111011110010011
11110100111101000010000000100011
11111101100001000000011100010011
11111110100001000010011110000011
00000000001101111001011110010011
00000000111101110000011110110011
00000000100000000000011000010011
11110100100001000010010110000011
00000000111100000000010100110011
00000000000000000000000000010011
11111110000001000010011000100011
00001000100000000000000001101111
00000000000100000000011100010011
11111110100001000010011110000011
01000000111101110000011110110011
11111101100001000000011100010011
00000000001101111001011110010011
00000000111101110000011110110011
00000000100000000000011000010011
11110100110001000010010110000011
00000000111100000000010100110011
00000000000000000000000000010011
11110101100001000000011110010011
00000000000000000000011000010011
00000000111100000000010110110011
11110100110001000010010100000011
00000000000000000000000000010011
11111101100001000000011100010011
11111110100001000010011110000011
00000000001101111001011110010011
00000000111101110000011110110011
00000000111100000000011010110011
11110100110001000010011000000011
00000000100000000000010110010011
11110100110001000010010100000011
00000000000000000000000000010011
11111110110001000010011110000011
00000000100001111000011110010011
11111110111101000010011000100011
11110100110001000010011110000011
00000000100001111000011110010011
11110100111101000010011000100011
11111110100001000010011110000011
00000000000101111100011110010011
11111110111101000010010000100011
11111110110001000010011100000011
11110100000001000010011110000011
11110110111101110100101011100011
00000000000000000000000000010011
00000000000000000000000000010011
00001011110000010010000010000011
00001011100000010010010000000011
00001100000000010000000100010011
00000000000000001000000001100111
11101100000000010000000100010011
00010010000100010010111000100011
00010010100000010010110000100011
00010100000000010000010000010011
11101100101001000010111000100011
11101100101101000010110000100011
11101100110001000010101000100011
11101100110101000010100000100011
11101100111001000010011000100011
11101101100001000010011110000011
11111110111101000010011000100011
11110110100001000000011110010011
00000000111100000000010110110011
11101101010001000010010100000011
00000000000000000000000000010011
11101110100001000000011110010011
00000000111100000000010110110011
11101101000001000010010100000011
00000000000000000000000000010011
11101100110001000010011110000011
11111111100001111111011110010011
11101100111101000010011000100011
11111110000001000010010000100011
00001010100000000000000001101111
11111110100001000010011110000011
11101101110001000010011100000011
00000000111101110000010100110011
11111110100001000010011110000011
11101101110001000010011100000011
00000000111101110000011110110011
11111110110001000010011010000011
00000000111100000000011000110011
00000000100000000000010110010011
00000000000000000000000000010011
11111110100001000010011110000011
11101101110001000010011100000011
00000000111101110000011110110011
11111110111101000010011000100011
11111110100001000010011110000011
11101101110001000010011100000011
00000000111101110000011110110011
11110110100001000000011100010011
00000000000100000000011000010011
00000000111000000000010110110011
00000000111100000000010100110011
00000000000000000000000000010011
11111110100001000010011110000011
11101101110001000010011100000011
00000000111101110000011110110011
11101110100001000000011100010011
00000000000000000000011000010011
00000000111000000000010110110011
00000000111100000000010100110011
00000000000000000000000000010011
11111110100001000010011110000011
11101101110001000010011100000011
00000000111101110000011110110011
11110110100001000000011100010011
00000000000100000000011000010011
00000000111000000000010110110011
00000000111100000000010100110011
00000000000000000000000000010011
11111110100001000010011110000011
00000000100001111000011110010011
11111110111101000010010000100011
11111110100001000010011100000011
11101100110001000010011110000011
11110100111101110100101011100011
00000000000000000000000000010011
00000000000000000000000000010011
00010011110000010010000010000011
00010011100000010010010000000011
00010100000000010000000100010011
00000000000000001000000001100111
11101011000000010000000100010011
00010100000100010010011000100011
00010100100000010010010000100011
00010101000000010000010000010011
11101100101001000010011000100011
11101100101101000010010000100011
11101100110001000010001000100011
11101100110101000010000000100011
11101010111001000010111000100011
11111110000001000010010000100011
11110101100001000000011110010011
00000000111100000000010110110011
11101100010001000010010100000011
00000000000000000000000000010011
11101101100001000000011110010011
00000000111100000000010110110011
11101100000001000010010100000011
00000000000000000000000000010011
11101011110001000010011110000011
11111111100001111111011110010011
11101010111101000010111000100011
11111101100001000000011100010011
11111110100001000010011110000011
00000000001101111001011110010011
00000000111101110000011110110011
00000000100000000000011000010011
11101100100001000010010110000011
00000000111100000000010100110011
00000000000000000000000000010011
11111110000001000010011000100011
00001011000000000000000001101111
00000000000100000000011100010011
11111110100001000010011110000011
01000000111101110000011110110011
11111101100001000000011100010011
00000000001101111001011110010011
00000000111101110000011110110011
00000000100000000000011000010011
11101100110001000010010110000011
00000000111100000000010100110011
00000000000000000000000000010011
11110101100001000000011110010011
00000000000000000000011000010011
00000000111100000000010110110011
11101100110001000010010100000011
00000000000000000000000000010011
11101101100001000000011110010011
00000000000100000000011000010011
00000000111100000000010110110011
11101100110001000010010100000011
00000000000000000000000000010011
11110101100001000000011110010011
00000000000000000000011000010011
00000000111100000000010110110011
11101100110001000010010100000011
00000000000000000000000000010011
11111101100001000000011100010011
11111110100001000010011110000011
00000000001101111001011110010011
00000000111101110000011110110011
00000000111100000000011010110011
11101100110001000010011000000011
00000000100000000000010110010011
11101100110001000010010100000011
00000000000000000000000000010011
11111110110001000010011110000011
00000000100001111000011110010011
11111110111101000010011000100011
11101100110001000010011110000011
00000000100001111000011110010011
11101100111101000010011000100011
11111110100001000010011110000011
00000000000101111100011110010011
11111110111101000010010000100011
11111110110001000010011100000011
11101011110001000010011110000011
11110100111101110100011011100011
00000000000000000000000000010011
00000000000000000000000000010011
00010100110000010010000010000011
00010100100000010010010000000011
00010101000000010000000100010011
00000000000000001000000001100111
11101101000000010000000100010011
00010010000100010010011000100011
00010010100000010010010000100011
00010011000000010000010000010011
11101100101001000010111000100011
11101100101101000010110000100011
11101101100001000010011110000011
00000000000001111100100010000011
00000000000101111100100000000011
00000000001001111100010100000011
00000000001101111100010110000011
00000000010001111100011000000011
00000000010101111100011010000011
00000000011001111100011100000011
00000000011101111100011110000011
11111111000101000000010000100011
11111111000001000000010010100011
11111110101001000000010100100011
11111110101101000000010110100011
11111110110001000000011000100011
11111110110101000000011010100011
11111110111001000000011100100011
11111110111101000000011110100011
11110110000001000000011100010011
11111110100001000000011110010011
00000000111000000000010110110011
00000000111100000000010100110011
00000000000000000000000000010011
11101101100001000010011110000011
00000000100001111000011110010011
00000000000001111100100010000011
00000000000101111100100000000011
00000000001001111100010100000011
00000000001101111100010110000011
00000000010001111100011000000011
00000000010101111100011010000011
00000000011001111100011100000011
00000000011101111100011110000011
11111111000101000000000000100011
11111111000001000000000010100011
11111110101001000000000100100011
11111110101101000000000110100011
11111110110001000000001000100011
11111110110101000000001010100011
11111110111001000000001100100011
11111110111101000000001110100011
11101110000001000000011100010011
11111110000001000000011110010011
00000000111000000000010110110011
00000000111100000000010100110011
00000000000000000000000000010011
11110110000001000000011110010011
00000000000000000000011000010011
00000000111100000000010110110011
11101101110001000010010100000011
00000000000000000000000000010011
11101110000001000000011110010011
00000000000100000000011000010011
00000000111100000000010110110011
11101101110001000010010100000011
00000000000000000000000000010011
11110110000001000000011110010011
00000000000000000000011000010011
00000000111100000000010110110011
11101101110001000010010100000011
00000000000000000000000000010011
00000000000000000000000000010011
00010010110000010010000010000011
00010010100000010010010000000011
00010011000000010000000100010011
00000000000000001000000001100111
11101101000000010000000100010011
00010010000100010010011000100011
00010010100000010010010000100011
00010011000000010000010000010011
11101100101001000010111000100011
11101100101101000010110000100011
11101101100001000010011110000011
00000000000001111100100010000011
00000000000101111100100000000011
00000000001001111100010100000011
00000000001101111100010110000011
00000000010001111100011000000011
00000000010101111100011010000011
00000000011001111100011100000011
00000000011101111100011110000011
11111111000101000000010000100011
11111111000001000000010010100011
11111110101001000000010100100011
11111110101101000000010110100011
11111110110001000000011000100011
11111110110101000000011010100011
11111110111001000000011100100011
11111110111101000000011110100011
11110110000001000000011100010011
11111110100001000000011110010011
00000000111000000000010110110011
00000000111100000000010100110011
00000000000000000000000000010011
11101101100001000010011110000011
00000000100001111000011110010011
00000000000001111100100010000011
00000000000101111100100000000011
00000000001001111100010100000011
00000000001101111100010110000011
00000000010001111100011000000011
00000000010101111100011010000011
00000000011001111100011100000011
00000000011101111100011110000011
11111111000101000000000000100011
11111111000001000000000010100011
11111110101001000000000100100011
11111110101101000000000110100011
11111110110001000000001000100011
11111110110101000000001010100011
11111110111001000000001100100011
11111110111101000000001110100011
11101110000001000000011100010011
11111110000001000000011110010011
00000000111000000000010110110011
00000000111100000000010100110011
00000000000000000000000000010011
11110110000001000000011110010011
00000000000100000000011000010011
00000000111100000000010110110011
11101101110001000010010100000011
00000000000000000000000000010011
11101110000001000000011110010011
00000000000000000000011000010011
00000000111100000000010110110011
11101101110001000010010100000011
00000000000000000000000000010011
11110110000001000000011110010011
00000000000100000000011000010011
00000000111100000000010110110011
11101101110001000010010100000011
00000000000000000000000000010011
00000000000000000000000000010011
00010010110000010010000010000011
00010010100000010010010000000011
00010011000000010000000100010011
00000000000000001000000001100111
