11111101000000010000000100010011
00000010100000010010011000100011
00000011000000010000010000010011
11111100101001000010111000100011
11111100101101000010110000100011
11111100110001000010101000100011
11111110000001000010011000100011
11111101100001000010011110000011
00000000000001111100011110000011
00000001100001111001011100010011
11111101100001000010011110000011
00000000000101111000011110010011
00000000000001111100011110000011
00000001000001111001011110010011
00000000111101110100011100110011
11111101100001000010011110000011
00000000001001111000011110010011
00000000000001111100011110000011
00000000100001111001011110010011
00000000111101110100011110110011
11111101100001000010011100000011
00000000001101110000011100010011
00000000000001110100011100000011
00000000111001111100011100110011
11111101110001000010011110000011
00000000111001111010000000100011
11111101100001000010011110000011
00000000010001111000011110010011
00000000000001111100011110000011
00000001100001111001011100010011
11111101100001000010011110000011
00000000010101111000011110010011
00000000000001111100011110000011
00000001000001111001011110010011
00000000111101110100011100110011
11111101100001000010011110000011
00000000011001111000011110010011
00000000000001111100011110000011
00000000100001111001011110010011
00000000111101110100011100110011
11111101100001000010011110000011
00000000011101111000011110010011
00000000000001111100011110000011
00000000111100000000011010110011
11111101110001000010011110000011
00000000010001111000011110010011
00000000110101110100011100110011
00000000111001111010000000100011
11111101100001000010011110000011
00000000100001111000011110010011
00000000000001111100011110000011
00000001100001111001011100010011
11111101100001000010011110000011
00000000100101111000011110010011
00000000000001111100011110000011
00000001000001111001011110010011
00000000111101110100011100110011
11111101100001000010011110000011
00000000101001111000011110010011
00000000000001111100011110000011
00000000100001111001011110010011
00000000111101110100011100110011
11111101100001000010011110000011
00000000101101111000011110010011
00000000000001111100011110000011
00000000111100000000011010110011
11111101110001000010011110000011
00000000100001111000011110010011
00000000110101110100011100110011
00000000111001111010000000100011
11111101100001000010011110000011
00000000110001111000011110010011
00000000000001111100011110000011
00000001100001111001011100010011
11111101100001000010011110000011
00000000110101111000011110010011
00000000000001111100011110000011
00000001000001111001011110010011
00000000111101110100011100110011
11111101100001000010011110000011
00000000111001111000011110010011
00000000000001111100011110000011
00000000100001111001011110010011
00000000111101110100011100110011
11111101100001000010011110000011
00000000111101111000011110010011
00000000000001111100011110000011
00000000111100000000011010110011
11111101110001000010011110000011
00000000110001111000011110010011
00000000110101110100011100110011
00000000111001111010000000100011
11111101010001000010011100000011
00000001000000000000011110010011
00011000111101110001111001100011
11111101110001000010011110000011
00000000110001111010011110000011
11111110111101000010010000100011
11111101110001000010011110000011
00000000000001111010011100000011
11111110100001000010011110000011
00000001000001111101011110010011
00001111111101111111011110010011
00010000000000010001011010110111
00000000000001101000011010010011
00000000001001111001011110010011
00000000111101101000011110110011
00000000000001111010011010000011
11111111000000000000011110110111
00000000000001111000011110010011
00000000111101101111011110110011
00000000111101110100011100110011
11111110100001000010011110000011
00000000100001111101011110010011
00001111111101111111011110010011
00010000000000010001011010110111
00000000000001101000011010010011
00000000001001111001011110010011
00000000111101101000011110110011
00000000000001111010011010000011
00000000111111110000011110110111
00000000000001111000011110010011
00000000111101101111011110110011
00000000111101110100011100110011
11111110100001000010011110000011
00001111111101111111011110010011
00010000000000010001011010110111
00000000000001101000011010010011
00000000001001111001011110010011
00000000111101101000011110110011
00000000000001111010011010000011
00000000000000010000011110110111
00000000000001111000011110010011
11110000000001111000011110010011
00000000111101101111011110110011
00000000111101110100011100110011
11111110100001000010011110000011
00000001100001111101011110010011
00010000000000010001011010110111
00000000000001101000011010010011
00000000001001111001011110010011
00000000111101101000011110110011
00000000000001111010011110000011
00001111111101111111011110010011
00000000111101110100011010110011
00010000000000010011011110110111
10000000000001111000011100010011
11111110110001000010011110000011
00000000001001111001011110010011
00000000111101110000011110110011
00000000000001111010011100000011
11111101110001000010011110000011
00000001000001111000011110010011
00000000111001101100011100110011
00000000111001111010000000100011
11111101110001000010011110000011
00000000010001111000011110010011
00000000000001111010011010000011
11111101110001000010011110000011
00000001000001111000011110010011
00000000000001111010011100000011
11111101110001000010011110000011
00000001010001111000011110010011
00000000111001101100011100110011
00000000111001111010000000100011
11111101110001000010011110000011
00000000100001111000011110010011
00000000000001111010011010000011
11111101110001000010011110000011
00000001010001111000011110010011
00000000000001111010011100000011
11111101110001000010011110000011
00000001100001111000011110010011
00000000111001101100011100110011
00000000111001111010000000100011
11111101110001000010011110000011
00000000110001111000011110010011
00000000000001111010011010000011
11111101110001000010011110000011
00000001100001111000011110010011
00000000000001111010011100000011
11111101110001000010011110000011
00000001110001111000011110010011
00000000111001101100011100110011
00000000111001111010000000100011
11111110110001000010011110000011
00000000000101111000011110010011
11111110111101000010011000100011
11111110110001000010011100000011
00000000101000000000011110010011
00000000111101110001011001100011
00000000101000000000011110010011
01100110000000000000000001101111
11111101110001000010011110000011
00000001000001111000011110010011
11111100111101000010111000100011
11100110110111111111000001101111
11111101100001000010011110000011
00000001000001111000011110010011
00000000000001111100011110000011
00000001100001111001011100010011
11111101100001000010011110000011
00000001000101111000011110010011
00000000000001111100011110000011
00000001000001111001011110010011
00000000111101110100011100110011
11111101100001000010011110000011
00000001001001111000011110010011
00000000000001111100011110000011
00000000100001111001011110010011
00000000111101110100011100110011
11111101100001000010011110000011
00000001001101111000011110010011
00000000000001111100011110000011
00000000111100000000011010110011
11111101110001000010011110000011
00000001000001111000011110010011
00000000110101110100011100110011
00000000111001111010000000100011
11111101100001000010011110000011
00000001010001111000011110010011
00000000000001111100011110000011
00000001100001111001011100010011
11111101100001000010011110000011
00000001010101111000011110010011
00000000000001111100011110000011
00000001000001111001011110010011
00000000111101110100011100110011
11111101100001000010011110000011
00000001011001111000011110010011
00000000000001111100011110000011
00000000100001111001011110010011
00000000111101110100011100110011
11111101100001000010011110000011
00000001011101111000011110010011
00000000000001111100011110000011
00000000111100000000011010110011
11111101110001000010011110000011
00000001010001111000011110010011
00000000110101110100011100110011
00000000111001111010000000100011
11111101010001000010011100000011
00000001100000000000011110010011
00011110111101110001011001100011
11111101110001000010011110000011
00000001010001111010011110000011
11111110111101000010010000100011
11111101110001000010011110000011
00000000000001111010011100000011
11111110100001000010011110000011
00000001000001111101011110010011
00001111111101111111011110010011
00010000000000010001011010110111
00000000000001101000011010010011
00000000001001111001011110010011
00000000111101101000011110110011
00000000000001111010011010000011
11111111000000000000011110110111
00000000000001111000011110010011
00000000111101101111011110110011
00000000111101110100011100110011
11111110100001000010011110000011
00000000100001111101011110010011
00001111111101111111011110010011
00010000000000010001011010110111
00000000000001101000011010010011
00000000001001111001011110010011
00000000111101101000011110110011
00000000000001111010011010000011
00000000111111110000011110110111
00000000000001111000011110010011
00000000111101101111011110110011
00000000111101110100011100110011
11111110100001000010011110000011
00001111111101111111011110010011
00010000000000010001011010110111
00000000000001101000011010010011
00000000001001111001011110010011
00000000111101101000011110110011
00000000000001111010011010000011
00000000000000010000011110110111
00000000000001111000011110010011
11110000000001111000011110010011
00000000111101101111011110110011
00000000111101110100011100110011
11111110100001000010011110000011
00000001100001111101011110010011
00010000000000010001011010110111
00000000000001101000011010010011
00000000001001111001011110010011
00000000111101101000011110110011
00000000000001111010011110000011
00001111111101111111011110010011
00000000111101110100011010110011
00010000000000010011011110110111
10000000000001111000011100010011
11111110110001000010011110000011
00000000001001111001011110010011
00000000111101110000011110110011
00000000000001111010011100000011
11111101110001000010011110000011
00000001100001111000011110010011
00000000111001101100011100110011
00000000111001111010000000100011
11111101110001000010011110000011
00000000010001111000011110010011
00000000000001111010011010000011
11111101110001000010011110000011
00000001100001111000011110010011
00000000000001111010011100000011
11111101110001000010011110000011
00000001110001111000011110010011
00000000111001101100011100110011
00000000111001111010000000100011
11111101110001000010011110000011
00000000100001111000011110010011
00000000000001111010011010000011
11111101110001000010011110000011
00000001110001111000011110010011
00000000000001111010011100000011
11111101110001000010011110000011
00000010000001111000011110010011
00000000111001101100011100110011
00000000111001111010000000100011
11111101110001000010011110000011
00000000110001111000011110010011
00000000000001111010011010000011
11111101110001000010011110000011
00000010000001111000011110010011
00000000000001111010011100000011
11111101110001000010011110000011
00000010010001111000011110010011
00000000111001101100011100110011
00000000111001111010000000100011
11111110110001000010011110000011
00000000000101111000011110010011
11111110111101000010011000100011
11111110110001000010011100000011
00000000100000000000011110010011
00000000111101110001011001100011
00000000110000000000011110010011
01000000110000000000000001101111
11111101110001000010011110000011
00000001000001111000011110010011
00000000000001111010011010000011
11111101110001000010011110000011
00000010010001111000011110010011
00000000000001111010011100000011
11111101110001000010011110000011
00000010100001111000011110010011
00000000111001101100011100110011
00000000111001111010000000100011
11111101110001000010011110000011
00000001010001111000011110010011
00000000000001111010011010000011
11111101110001000010011110000011
00000010100001111000011110010011
00000000000001111010011100000011
11111101110001000010011110000011
00000010110001111000011110010011
00000000111001101100011100110011
00000000111001111010000000100011
11111101110001000010011110000011
00000001100001111000011110010011
11111100111101000010111000100011
11100001110111111111000001101111
11111101100001000010011110000011
00000001100001111000011110010011
00000000000001111100011110000011
00000001100001111001011100010011
11111101100001000010011110000011
00000001100101111000011110010011
00000000000001111100011110000011
00000001000001111001011110010011
00000000111101110100011100110011
11111101100001000010011110000011
00000001101001111000011110010011
00000000000001111100011110000011
00000000100001111001011110010011
00000000111101110100011100110011
11111101100001000010011110000011
00000001101101111000011110010011
00000000000001111100011110000011
00000000111100000000011010110011
11111101110001000010011110000011
00000001100001111000011110010011
00000000110101110100011100110011
00000000111001111010000000100011
11111101100001000010011110000011
00000001110001111000011110010011
00000000000001111100011110000011
00000001100001111001011100010011
11111101100001000010011110000011
00000001110101111000011110010011
00000000000001111100011110000011
00000001000001111001011110010011
00000000111101110100011100110011
11111101100001000010011110000011
00000001111001111000011110010011
00000000000001111100011110000011
00000000100001111001011110010011
00000000111101110100011100110011
11111101100001000010011110000011
00000001111101111000011110010011
00000000000001111100011110000011
00000000111100000000011010110011
11111101110001000010011110000011
00000001110001111000011110010011
00000000110101110100011100110011
00000000111001111010000000100011
11111101010001000010011100000011
00000010000000000000011110010011
00101110111101110001011001100011
11111101110001000010011110000011
00000001110001111010011110000011
11111110111101000010010000100011
11111101110001000010011110000011
00000000000001111010011100000011
11111110100001000010011110000011
00000001000001111101011110010011
00001111111101111111011110010011
00010000000000010001011010110111
00000000000001101000011010010011
00000000001001111001011110010011
00000000111101101000011110110011
00000000000001111010011010000011
11111111000000000000011110110111
00000000000001111000011110010011
00000000111101101111011110110011
00000000111101110100011100110011
11111110100001000010011110000011
00000000100001111101011110010011
00001111111101111111011110010011
00010000000000010001011010110111
00000000000001101000011010010011
00000000001001111001011110010011
00000000111101101000011110110011
00000000000001111010011010000011
00000000111111110000011110110111
00000000000001111000011110010011
00000000111101101111011110110011
00000000111101110100011100110011
11111110100001000010011110000011
00001111111101111111011110010011
00010000000000010001011010110111
00000000000001101000011010010011
00000000001001111001011110010011
00000000111101101000011110110011
00000000000001111010011010000011
00000000000000010000011110110111
00000000000001111000011110010011
11110000000001111000011110010011
00000000111101101111011110110011
00000000111101110100011100110011
11111110100001000010011110000011
00000001100001111101011110010011
00010000000000010001011010110111
00000000000001101000011010010011
00000000001001111001011110010011
00000000111101101000011110110011
00000000000001111010011110000011
00001111111101111111011110010011
00000000111101110100011010110011
00010000000000010011011110110111
10000000000001111000011100010011
11111110110001000010011110000011
00000000001001111001011110010011
00000000111101110000011110110011
00000000000001111010011100000011
11111101110001000010011110000011
00000010000001111000011110010011
00000000111001101100011100110011
00000000111001111010000000100011
11111101110001000010011110000011
00000000010001111000011110010011
00000000000001111010011010000011
11111101110001000010011110000011
00000010000001111000011110010011
00000000000001111010011100000011
11111101110001000010011110000011
00000010010001111000011110010011
00000000111001101100011100110011
00000000111001111010000000100011
11111101110001000010011110000011
00000000100001111000011110010011
00000000000001111010011010000011
11111101110001000010011110000011
00000010010001111000011110010011
00000000000001111010011100000011
11111101110001000010011110000011
00000010100001111000011110010011
00000000111001101100011100110011
00000000111001111010000000100011
11111101110001000010011110000011
00000000110001111000011110010011
00000000000001111010011010000011
11111101110001000010011110000011
00000010100001111000011110010011
00000000000001111010011100000011
11111101110001000010011110000011
00000010110001111000011110010011
00000000111001101100011100110011
00000000111001111010000000100011
11111110110001000010011110000011
00000000000101111000011110010011
11111110111101000010011000100011
11111110110001000010011100000011
00000000011100000000011110010011
00000000111101110001011001100011
00000000111000000000011110010011
00010110100000000000000001101111
11111101110001000010011110000011
00000010110001111010011110000011
11111110111101000010010000100011
11111101110001000010011110000011
00000001000001111000011110010011
00000000000001111010011100000011
11111110100001000010011110000011
00000001100001111101011110010011
00010000000000010001011010110111
00000000000001101000011010010011
00000000001001111001011110010011
00000000111101101000011110110011
00000000000001111010011010000011
11111111000000000000011110110111
00000000000001111000011110010011
00000000111101101111011110110011
00000000111101110100011100110011
11111110100001000010011110000011
00000001000001111101011110010011
00001111111101111111011110010011
00010000000000010001011010110111
00000000000001101000011010010011
00000000001001111001011110010011
00000000111101101000011110110011
00000000000001111010011010000011
00000000111111110000011110110111
00000000000001111000011110010011
00000000111101101111011110110011
00000000111101110100011100110011
11111110100001000010011110000011
00000000100001111101011110010011
00001111111101111111011110010011
00010000000000010001011010110111
00000000000001101000011010010011
00000000001001111001011110010011
00000000111101101000011110110011
00000000000001111010011010000011
00000000000000010000011110110111
00000000000001111000011110010011
11110000000001111000011110010011
00000000111101101111011110110011
00000000111101110100011010110011
11111110100001000010011110000011
00001111111101111111011110010011
00010000000000010001011100110111
00000000000001110000011100010011
00000000001001111001011110010011
00000000111101110000011110110011
00000000000001111010011110000011
00001111111101111111011100010011
11111101110001000010011110000011
00000011000001111000011110010011
00000000111001101100011100110011
00000000111001111010000000100011
11111101110001000010011110000011
00000001010001111000011110010011
00000000000001111010011010000011
11111101110001000010011110000011
00000011000001111000011110010011
00000000000001111010011100000011
11111101110001000010011110000011
00000011010001111000011110010011
00000000111001101100011100110011
00000000111001111010000000100011
11111101110001000010011110000011
00000001100001111000011110010011
00000000000001111010011010000011
11111101110001000010011110000011
00000011010001111000011110010011
00000000000001111010011100000011
11111101110001000010011110000011
00000011100001111000011110010011
00000000111001101100011100110011
00000000111001111010000000100011
11111101110001000010011110000011
00000001110001111000011110010011
00000000000001111010011010000011
11111101110001000010011110000011
00000011100001111000011110010011
00000000000001111010011100000011
11111101110001000010011110000011
00000011110001111000011110010011
00000000111001101100011100110011
00000000111001111010000000100011
11111101110001000010011110000011
00000010000001111000011110010011
11111100111101000010111000100011
11010001110111111111000001101111
00000000000000000000011110010011
00000000111100000000010100110011
00000010110000010010010000000011
00000011000000010000000100010011
00000000000000001000000001100111
11111101000000010000000100010011
00000010000100010010011000100011
00000010100000010010010000100011
00000011000000010000010000010011
11111100101001000010111000100011
11111100101101000010110000100011
11111100110001000010101000100011
11111100110101000010100000100011
11111101000001000010011000000011
11111101010001000010010110000011
11111101110001000010010100000011
00000000000000000000000000010011
11111110101001000010010000100011
11111110100001000010011110000011
00000000010001111001011110010011
11111101100001000010011100000011
00000000111101110000011110110011
11111100111101000010110000100011
11111101110001000010011110000011
00000000000001111010011100000011
11111101100001000010011110000011
00000000111001111010000000100011
11111101100001000010011110000011
00000000010001111000011110010011
11111101110001000010011100000011
00000000010001110010011100000011
00000000111001111010000000100011
11111101100001000010011110000011
00000000100001111000011110010011
11111101110001000010011100000011
00000000100001110010011100000011
00000000111001111010000000100011
11111101100001000010011110000011
00000000110001111000011110010011
11111101110001000010011100000011
00000000110001110010011100000011
00000000111001111010000000100011
00000000000100000000011110010011
11111110111101000010011000100011
01000101010000000000000001101111
11111101100001000010011110000011
11111111000001111000011110010011
11111100111101000010110000100011
11111101110001000010011110000011
00000001000001111000011110010011
11111100111101000010111000100011
11111101110001000010011110000011
00000000000001111010011110000011
00000001100001111101011110010011
00010000000000010001011100110111
00000000000001110000011100010011
00000000001001111001011110010011
00000000111101110000011110110011
00000000000001111010011110000011
00001111111101111111011110010011
00010000000000010001011100110111
01000000000001110000011100010011
00000000001001111001011110010011
00000000111101110000011110110011
00000000000001111010011100000011
11111101110001000010011110000011
00000000000001111010011110000011
00000001000001111101011110010011
00001111111101111111011110010011
00010000000000010001011010110111
00000000000001101000011010010011
00000000001001111001011110010011
00000000111101101000011110110011
00000000000001111010011110000011
00001111111101111111011110010011
00010000000000010010011010110111
10000000000001101000011010010011
00000000001001111001011110010011
00000000111101101000011110110011
00000000000001111010011110000011
00000000111101110100011100110011
11111101110001000010011110000011
00000000000001111010011110000011
00000000100001111101011110010011
00001111111101111111011110010011
00010000000000010001011010110111
00000000000001101000011010010011
00000000001001111001011110010011
00000000111101101000011110110011
00000000000001111010011110000011
00001111111101111111011110010011
00010000000000010010011010110111
11000000000001101000011010010011
00000000001001111001011110010011
00000000111101101000011110110011
00000000000001111010011110000011
00000000111101110100011100110011
11111101110001000010011110000011
00000000000001111010011110000011
00001111111101111111011110010011
00010000000000010001011010110111
00000000000001101000011010010011
00000000001001111001011110010011
00000000111101101000011110110011
00000000000001111010011110000011
00001111111101111111011110010011
00010000000000010010011010110111
00000000000001101000011010010011
00000000001001111001011110010011
00000000111101101000011110110011
00000000000001111010011110000011
00000000111101110100011100110011
11111101100001000010011110000011
00000000111001111010000000100011
11111101110001000010011110000011
00000000010001111000011110010011
00000000000001111010011110000011
00000001100001111101011110010011
00010000000000010001011100110111
00000000000001110000011100010011
00000000001001111001011110010011
00000000111101110000011110110011
00000000000001111010011110000011
00001111111101111111011110010011
00010000000000010001011100110111
01000000000001110000011100010011
00000000001001111001011110010011
00000000111101110000011110110011
00000000000001111010011100000011
11111101110001000010011110000011
00000000010001111000011110010011
00000000000001111010011110000011
00000001000001111101011110010011
00001111111101111111011110010011
00010000000000010001011010110111
00000000000001101000011010010011
00000000001001111001011110010011
00000000111101101000011110110011
00000000000001111010011110000011
00001111111101111111011110010011
00010000000000010010011010110111
10000000000001101000011010010011
00000000001001111001011110010011
00000000111101101000011110110011
00000000000001111010011110000011
00000000111101110100011100110011
11111101110001000010011110000011
00000000010001111000011110010011
00000000000001111010011110000011
00000000100001111101011110010011
00001111111101111111011110010011
00010000000000010001011010110111
00000000000001101000011010010011
00000000001001111001011110010011
00000000111101101000011110110011
00000000000001111010011110000011
00001111111101111111011110010011
00010000000000010010011010110111
11000000000001101000011010010011
00000000001001111001011110010011
00000000111101101000011110110011
00000000000001111010011110000011
00000000111101110100011010110011
11111101110001000010011110000011
00000000010001111000011110010011
00000000000001111010011110000011
00001111111101111111011110010011
00010000000000010001011100110111
00000000000001110000011100010011
00000000001001111001011110010011
00000000111101110000011110110011
00000000000001111010011110000011
00001111111101111111011110010011
00010000000000010010011100110111
00000000000001110000011100010011
00000000001001111001011110010011
00000000111101110000011110110011
00000000000001111010011100000011
11111101100001000010011110000011
00000000010001111000011110010011
00000000111001101100011100110011
00000000111001111010000000100011
11111101110001000010011110000011
00000000100001111000011110010011
00000000000001111010011110000011
00000001100001111101011110010011
00010000000000010001011100110111
00000000000001110000011100010011
00000000001001111001011110010011
00000000111101110000011110110011
00000000000001111010011110000011
00001111111101111111011110010011
00010000000000010001011100110111
01000000000001110000011100010011
00000000001001111001011110010011
00000000111101110000011110110011
00000000000001111010011100000011
11111101110001000010011110000011
00000000100001111000011110010011
00000000000001111010011110000011
00000001000001111101011110010011
00001111111101111111011110010011
00010000000000010001011010110111
00000000000001101000011010010011
00000000001001111001011110010011
00000000111101101000011110110011
00000000000001111010011110000011
00001111111101111111011110010011
00010000000000010010011010110111
10000000000001101000011010010011
00000000001001111001011110010011
00000000111101101000011110110011
00000000000001111010011110000011
00000000111101110100011100110011
11111101110001000010011110000011
00000000100001111000011110010011
00000000000001111010011110000011
00000000100001111101011110010011
00001111111101111111011110010011
00010000000000010001011010110111
00000000000001101000011010010011
00000000001001111001011110010011
00000000111101101000011110110011
00000000000001111010011110000011
00001111111101111111011110010011
00010000000000010010011010110111
11000000000001101000011010010011
00000000001001111001011110010011
00000000111101101000011110110011
00000000000001111010011110000011
00000000111101110100011010110011
11111101110001000010011110000011
00000000100001111000011110010011
00000000000001111010011110000011
00001111111101111111011110010011
00010000000000010001011100110111
00000000000001110000011100010011
00000000001001111001011110010011
00000000111101110000011110110011
00000000000001111010011110000011
00001111111101111111011110010011
00010000000000010010011100110111
00000000000001110000011100010011
00000000001001111001011110010011
00000000111101110000011110110011
00000000000001111010011100000011
11111101100001000010011110000011
00000000100001111000011110010011
00000000111001101100011100110011
00000000111001111010000000100011
11111101110001000010011110000011
00000000110001111000011110010011
00000000000001111010011110000011
00000001100001111101011110010011
00010000000000010001011100110111
00000000000001110000011100010011
00000000001001111001011110010011
00000000111101110000011110110011
00000000000001111010011110000011
00001111111101111111011110010011
00010000000000010001011100110111
01000000000001110000011100010011
00000000001001111001011110010011
00000000111101110000011110110011
00000000000001111010011100000011
11111101110001000010011110000011
00000000110001111000011110010011
00000000000001111010011110000011
00000001000001111101011110010011
00001111111101111111011110010011
00010000000000010001011010110111
00000000000001101000011010010011
00000000001001111001011110010011
00000000111101101000011110110011
00000000000001111010011110000011
00001111111101111111011110010011
00010000000000010010011010110111
10000000000001101000011010010011
00000000001001111001011110010011
00000000111101101000011110110011
00000000000001111010011110000011
00000000111101110100011100110011
11111101110001000010011110000011
00000000110001111000011110010011
00000000000001111010011110000011
00000000100001111101011110010011
00001111111101111111011110010011
00010000000000010001011010110111
00000000000001101000011010010011
00000000001001111001011110010011
00000000111101101000011110110011
00000000000001111010011110000011
00001111111101111111011110010011
00010000000000010010011010110111
11000000000001101000011010010011
00000000001001111001011110010011
00000000111101101000011110110011
00000000000001111010011110000011
00000000111101110100011010110011
11111101110001000010011110000011
00000000110001111000011110010011
00000000000001111010011110000011
00001111111101111111011110010011
00010000000000010001011100110111
00000000000001110000011100010011
00000000001001111001011110010011
00000000111101110000011110110011
00000000000001111010011110000011
00001111111101111111011110010011
00010000000000010010011100110111
00000000000001110000011100010011
00000000001001111001011110010011
00000000111101110000011110110011
00000000000001111010011100000011
11111101100001000010011110000011
00000000110001111000011110010011
00000000111001101100011100110011
00000000111001111010000000100011
11111110110001000010011110000011
00000000000101111000011110010011
11111110111101000010011000100011
11111110110001000010011100000011
11111110100001000010011110000011
10111010111101110100010011100011
11111101100001000010011110000011
11111111000001111000011110010011
11111100111101000010110000100011
11111101110001000010011110000011
00000001000001111000011110010011
11111100111101000010111000100011
11111101110001000010011110000011
00000000000001111010011100000011
11111101100001000010011110000011
00000000111001111010000000100011
11111101100001000010011110000011
00000000010001111000011110010011
11111101110001000010011100000011
00000000010001110010011100000011
00000000111001111010000000100011
11111101100001000010011110000011
00000000100001111000011110010011
11111101110001000010011100000011
00000000100001110010011100000011
00000000111001111010000000100011
11111101100001000010011110000011
00000000110001111000011110010011
11111101110001000010011100000011
00000000110001110010011100000011
00000000111001111010000000100011
11111110100001000010011110000011
00000000111100000000010100110011
00000010110000010010000010000011
00000010100000010010010000000011
00000011000000010000000100010011
00000000000000001000000001100111
11111011000000010000000100010011
00000100100000010010011000100011
00000101000000010000010000010011
11111010101001000010111000100011
11111010101101000010110000100011
11111010110001000010101000100011
11111011110001000010011110000011
11111100111101000010111000100011
11111011110001000010011110000011
00011110000001111000011110010011
11111100111101000010101000100011
11111011100001000010011110000011
00000000000001111100011110000011
00000001100001111001011100010011
11111011100001000010011110000011
00000000000101111000011110010011
00000000000001111100011110000011
00000001000001111001011110010011
00000000111101110100011100110011
11111011100001000010011110000011
00000000001001111000011110010011
00000000000001111100011110000011
00000000100001111001011110010011
00000000111101110100011110110011
11111011100001000010011100000011
00000000001101110000011100010011
00000000000001110100011100000011
00000000111001111100011100110011
11111101110001000010011110000011
00000000000001111010011110000011
00000000111101110100011110110011
11111110111101000010011000100011
11111011100001000010011110000011
00000000010001111000011110010011
00000000000001111100011110000011
00000001100001111001011100010011
11111011100001000010011110000011
00000000010101111000011110010011
00000000000001111100011110000011
00000001000001111001011110010011
00000000111101110100011100110011
11111011100001000010011110000011
00000000011001111000011110010011
00000000000001111100011110000011
00000000100001111001011110010011
00000000111101110100011110110011
11111011100001000010011100000011
00000000011101110000011100010011
00000000000001110100011100000011
00000000111001111100011100110011
11111101110001000010011110000011
00000000010001111000011110010011
00000000000001111010011110000011
00000000111101110100011110110011
11111110111101000010010000100011
11111011100001000010011110000011
00000000100001111000011110010011
00000000000001111100011110000011
00000001100001111001011100010011
11111011100001000010011110000011
00000000100101111000011110010011
00000000000001111100011110000011
00000001000001111001011110010011
00000000111101110100011100110011
11111011100001000010011110000011
00000000101001111000011110010011
00000000000001111100011110000011
00000000100001111001011110010011
00000000111101110100011110110011
11111011100001000010011100000011
00000000101101110000011100010011
00000000000001110100011100000011
00000000111001111100011100110011
11111101110001000010011110000011
00000000100001111000011110010011
00000000000001111010011110000011
00000000111101110100011110110011
11111110111101000010001000100011
11111011100001000010011110000011
00000000110001111000011110010011
00000000000001111100011110000011
00000001100001111001011100010011
11111011100001000010011110000011
00000000110101111000011110010011
00000000000001111100011110000011
00000001000001111001011110010011
00000000111101110100011100110011
11111011100001000010011110000011
00000000111001111000011110010011
00000000000001111100011110000011
00000000100001111001011110010011
00000000111101110100011110110011
11111011100001000010011100000011
00000000111101110000011100010011
00000000000001110100011100000011
00000000111001111100011100110011
11111101110001000010011110000011
00000000110001111000011110010011
00000000000001111010011110000011
00000000111101110100011110110011
11111110111101000010000000100011
11111011110001000010011110000011
00011111000101111100011110000011
00000110000001111000000001100011
11111101010001000010011110000011
00000000000001111010011110000011
11111110110001000010011100000011
00000000111101110100011110110011
11111110111101000010011000100011
11111101010001000010011110000011
00000000010001111000011110010011
00000000000001111010011110000011
11111110100001000010011100000011
00000000111101110100011110110011
11111110111101000010010000100011
11111101010001000010011110000011
00000000100001111000011110010011
00000000000001111010011110000011
11111110010001000010011100000011
00000000111101110100011110110011
11111110111101000010001000100011
11111101010001000010011110000011
00000000110001111000011110010011
00000000000001111010011110000011
11111110000001000010011100000011
00000000111101110100011110110011
11111110111101000010000000100011
11111011110001000010011110000011
00011111000001111100011110000011
00000000000101111101011110010011
00001111111101111111011110010011
11111100111101000010110000100011
11111110110001000010011110000011
00000001100001111101011110010011
00010000000000010000011100110111
00000000000001110000011100010011
00000000001001111001011110010011
00000000111101110000011110110011
00000000000001111010011100000011
11111110100001000010011110000011
00000001000001111101011110010011
00001111111101111111011110010011
00010000000000010000011010110111
01000000000001101000011010010011
00000000001001111001011110010011
00000000111101101000011110110011
00000000000001111010011110000011
00000000111101110100011100110011
11111110010001000010011110000011
00000000100001111101011110010011
00001111111101111111011110010011
00010000000000010001011010110111
10000000000001101000011010010011
00000000001001111001011110010011
00000000111101101000011110110011
00000000000001111010011110000011
00000000111101110100011100110011
11111110000001000010011110000011
00001111111101111111011110010011
00010000000000010001011010110111
11000000000001101000011010010011
00000000001001111001011110010011
00000000111101101000011110110011
00000000000001111010011110000011
00000000111101110100011100110011
11111101110001000010011110000011
00000001000001111000011110010011
00000000000001111010011110000011
00000000111101110100011110110011
11111100111101000010100000100011
11111110100001000010011110000011
00000001100001111101011110010011
00010000000000010000011100110111
00000000000001110000011100010011
00000000001001111001011110010011
00000000111101110000011110110011
00000000000001111010011100000011
11111110010001000010011110000011
00000001000001111101011110010011
00001111111101111111011110010011
00010000000000010000011010110111
01000000000001101000011010010011
00000000001001111001011110010011
00000000111101101000011110110011
00000000000001111010011110000011
00000000111101110100011100110011
11111110000001000010011110000011
00000000100001111101011110010011
00001111111101111111011110010011
00010000000000010001011010110111
10000000000001101000011010010011
00000000001001111001011110010011
00000000111101101000011110110011
00000000000001111010011110000011
00000000111101110100011100110011
11111110110001000010011110000011
00001111111101111111011110010011
00010000000000010001011010110111
11000000000001101000011010010011
00000000001001111001011110010011
00000000111101101000011110110011
00000000000001111010011110000011
00000000111101110100011100110011
11111101110001000010011110000011
00000001010001111000011110010011
00000000000001111010011110000011
00000000111101110100011110110011
11111100111101000010011000100011
11111110010001000010011110000011
00000001100001111101011110010011
00010000000000010000011100110111
00000000000001110000011100010011
00000000001001111001011110010011
00000000111101110000011110110011
00000000000001111010011100000011
11111110000001000010011110000011
00000001000001111101011110010011
00001111111101111111011110010011
00010000000000010000011010110111
01000000000001101000011010010011
00000000001001111001011110010011
00000000111101101000011110110011
00000000000001111010011110000011
00000000111101110100011100110011
11111110110001000010011110000011
00000000100001111101011110010011
00001111111101111111011110010011
00010000000000010001011010110111
10000000000001101000011010010011
00000000001001111001011110010011
00000000111101101000011110110011
00000000000001111010011110000011
00000000111101110100011100110011
11111110100001000010011110000011
00001111111101111111011110010011
00010000000000010001011010110111
11000000000001101000011010010011
00000000001001111001011110010011
00000000111101101000011110110011
00000000000001111010011110000011
00000000111101110100011100110011
11111101110001000010011110000011
00000001100001111000011110010011
00000000000001111010011110000011
00000000111101110100011110110011
11111100111101000010010000100011
11111110000001000010011110000011
00000001100001111101011110010011
00010000000000010000011100110111
00000000000001110000011100010011
00000000001001111001011110010011
00000000111101110000011110110011
00000000000001111010011100000011
11111110110001000010011110000011
00000001000001111101011110010011
00001111111101111111011110010011
00010000000000010000011010110111
01000000000001101000011010010011
00000000001001111001011110010011
00000000111101101000011110110011
00000000000001111010011110000011
00000000111101110100011100110011
11111110100001000010011110000011
00000000100001111101011110010011
00001111111101111111011110010011
00010000000000010001011010110111
10000000000001101000011010010011
00000000001001111001011110010011
00000000111101101000011110110011
00000000000001111010011110000011
00000000111101110100011100110011
11111110010001000010011110000011
00001111111101111111011110010011
00010000000000010001011010110111
11000000000001101000011010010011
00000000001001111001011110010011
00000000111101101000011110110011
00000000000001111010011110000011
00000000111101110100011100110011
11111101110001000010011110000011
00000001110001111000011110010011
00000000000001111010011110000011
00000000111101110100011110110011
11111100111101000010001000100011
11111101110001000010011110000011
00000010000001111000011110010011
11111100111101000010111000100011
11111101100001000010011110000011
11111111111101111000011110010011
11111100111101000010110000100011
11111101100001000010011110000011
00100110000001111000001001100011
11111101000001000010011110000011
00000001100001111101011110010011
00010000000000010000011100110111
00000000000001110000011100010011
00000000001001111001011110010011
00000000111101110000011110110011
00000000000001111010011100000011
11111100110001000010011110000011
00000001000001111101011110010011
00001111111101111111011110010011
00010000000000010000011010110111
01000000000001101000011010010011
00000000001001111001011110010011
00000000111101101000011110110011
00000000000001111010011110000011
00000000111101110100011100110011
11111100100001000010011110000011
00000000100001111101011110010011
00001111111101111111011110010011
00010000000000010001011010110111
10000000000001101000011010010011
00000000001001111001011110010011
00000000111101101000011110110011
00000000000001111010011110000011
00000000111101110100011100110011
11111100010001000010011110000011
00001111111101111111011110010011
00010000000000010001011010110111
11000000000001101000011010010011
00000000001001111001011110010011
00000000111101101000011110110011
00000000000001111010011110000011
00000000111101110100011100110011
11111101110001000010011110000011
00000000000001111010011110000011
00000000111101110100011110110011
11111110111101000010011000100011
11111100110001000010011110000011
00000001100001111101011110010011
00010000000000010000011100110111
00000000000001110000011100010011
00000000001001111001011110010011
00000000111101110000011110110011
00000000000001111010011100000011
11111100100001000010011110000011
00000001000001111101011110010011
00001111111101111111011110010011
00010000000000010000011010110111
01000000000001101000011010010011
00000000001001111001011110010011
00000000111101101000011110110011
00000000000001111010011110000011
00000000111101110100011100110011
11111100010001000010011110000011
00000000100001111101011110010011
00001111111101111111011110010011
00010000000000010001011010110111
10000000000001101000011010010011
00000000001001111001011110010011
00000000111101101000011110110011
00000000000001111010011110000011
00000000111101110100011100110011
11111101000001000010011110000011
00001111111101111111011110010011
00010000000000010001011010110111
11000000000001101000011010010011
00000000001001111001011110010011
00000000111101101000011110110011
00000000000001111010011110000011
00000000111101110100011100110011
11111101110001000010011110000011
00000000010001111000011110010011
00000000000001111010011110000011
00000000111101110100011110110011
11111110111101000010010000100011
11111100100001000010011110000011
00000001100001111101011110010011
00010000000000010000011100110111
00000000000001110000011100010011
00000000001001111001011110010011
00000000111101110000011110110011
00000000000001111010011100000011
11111100010001000010011110000011
00000001000001111101011110010011
00001111111101111111011110010011
00010000000000010000011010110111
01000000000001101000011010010011
00000000001001111001011110010011
00000000111101101000011110110011
00000000000001111010011110000011
00000000111101110100011100110011
11111101000001000010011110000011
00000000100001111101011110010011
00001111111101111111011110010011
00010000000000010001011010110111
10000000000001101000011010010011
00000000001001111001011110010011
00000000111101101000011110110011
00000000000001111010011110000011
00000000111101110100011100110011
11111100110001000010011110000011
00001111111101111111011110010011
00010000000000010001011010110111
11000000000001101000011010010011
00000000001001111001011110010011
00000000111101101000011110110011
00000000000001111010011110000011
00000000111101110100011100110011
11111101110001000010011110000011
00000000100001111000011110010011
00000000000001111010011110000011
00000000111101110100011110110011
11111110111101000010001000100011
11111100010001000010011110000011
00000001100001111101011110010011
00010000000000010000011100110111
00000000000001110000011100010011
00000000001001111001011110010011
00000000111101110000011110110011
00000000000001111010011100000011
11111101000001000010011110000011
00000001000001111101011110010011
00001111111101111111011110010011
00010000000000010000011010110111
01000000000001101000011010010011
00000000001001111001011110010011
00000000111101101000011110110011
00000000000001111010011110000011
00000000111101110100011100110011
11111100110001000010011110000011
00000000100001111101011110010011
00001111111101111111011110010011
00010000000000010001011010110111
10000000000001101000011010010011
00000000001001111001011110010011
00000000111101101000011110110011
00000000000001111010011110000011
00000000111101110100011100110011
11111100100001000010011110000011
00001111111101111111011110010011
00010000000000010001011010110111
11000000000001101000011010010011
00000000001001111001011110010011
00000000111101101000011110110011
00000000000001111010011110000011
00000000111101110100011100110011
11111101110001000010011110000011
00000000110001111000011110010011
00000000000001111010011110000011
00000000111101110100011110110011
11111110111101000010000000100011
10110010010111111111000001101111
00000000000000000000000000010011
11111101000001000010011110000011
00000001100001111101011110010011
00010000000000010001011100110111
00000000000001110000011100010011
00000000001001111001011110010011
00000000111101110000011110110011
00000000000001111010011100000011
11111111000000000000011110110111
00000000000001111000011110010011
00000000111101110111011100110011
11111100110001000010011110000011
00000001000001111101011110010011
00001111111101111111011110010011
00010000000000010001011010110111
00000000000001101000011010010011
00000000001001111001011110010011
00000000111101101000011110110011
00000000000001111010011010000011
00000000111111110000011110110111
00000000000001111000011110010011
00000000111101101111011110110011
00000000111101110110011100110011
11111100100001000010011110000011
00000000100001111101011110010011
00001111111101111111011110010011
00010000000000010001011010110111
00000000000001101000011010010011
00000000001001111001011110010011
00000000111101101000011110110011
00000000000001111010011010000011
00000000000000010000011110110111
00000000000001111000011110010011
11110000000001111000011110010011
00000000111101101111011110110011
00000000111101110100011100110011
11111100010001000010011110000011
00001111111101111111011110010011
00010000000000010001011010110111
00000000000001101000011010010011
00000000001001111001011110010011
00000000111101101000011110110011
00000000000001111010011110000011
00001111111101111111011110010011
00000000111101110100011100110011
11111101110001000010011110000011
00000000000001111010011110000011
00000000111101110100011110110011
11111110111101000010011000100011
11111110110001000010011110000011
00000001100001111101011110010011
00001111111101111111011100010011
11111011010001000010011110000011
00000000111001111000000000100011
11111110110001000010011110000011
00000001000001111101011100010011
11111011010001000010011110000011
00000000000101111000011110010011
00001111111101110111011100010011
00000000111001111000000000100011
11111110110001000010011110000011
00000000100001111101011100010011
11111011010001000010011110000011
00000000001001111000011110010011
00001111111101110111011100010011
00000000111001111000000000100011
11111011010001000010011110000011
00000000001101111000011110010011
11111110110001000010011100000011
00001111111101110111011100010011
00000000111001111000000000100011
11111100110001000010011110000011
00000001100001111101011110010011
00010000000000010001011100110111
00000000000001110000011100010011
00000000001001111001011110010011
00000000111101110000011110110011
00000000000001111010011100000011
11111111000000000000011110110111
00000000000001111000011110010011
00000000111101110111011100110011
11111100100001000010011110000011
00000001000001111101011110010011
00001111111101111111011110010011
00010000000000010001011010110111
00000000000001101000011010010011
00000000001001111001011110010011
00000000111101101000011110110011
00000000000001111010011010000011
00000000111111110000011110110111
00000000000001111000011110010011
00000000111101101111011110110011
00000000111101110110011100110011
11111100010001000010011110000011
00000000100001111101011110010011
00001111111101111111011110010011
00010000000000010001011010110111
00000000000001101000011010010011
00000000001001111001011110010011
00000000111101101000011110110011
00000000000001111010011010000011
00000000000000010000011110110111
00000000000001111000011110010011
11110000000001111000011110010011
00000000111101101111011110110011
00000000111101110100011100110011
11111101000001000010011110000011
00001111111101111111011110010011
00010000000000010001011010110111
00000000000001101000011010010011
00000000001001111001011110010011
00000000111101101000011110110011
00000000000001111010011110000011
00001111111101111111011110010011
00000000111101110100011100110011
11111101110001000010011110000011
00000000010001111000011110010011
00000000000001111010011110000011
00000000111101110100011110110011
11111110111101000010010000100011
11111110100001000010011110000011
00000001100001111101011100010011
11111011010001000010011110000011
00000000010001111000011110010011
00001111111101110111011100010011
00000000111001111000000000100011
11111110100001000010011110000011
00000001000001111101011100010011
11111011010001000010011110000011
00000000010101111000011110010011
00001111111101110111011100010011
00000000111001111000000000100011
11111110100001000010011110000011
00000000100001111101011100010011
11111011010001000010011110000011
00000000011001111000011110010011
00001111111101110111011100010011
00000000111001111000000000100011
11111011010001000010011110000011
00000000011101111000011110010011
11111110100001000010011100000011
00001111111101110111011100010011
00000000111001111000000000100011
11111100100001000010011110000011
00000001100001111101011110010011
00010000000000010001011100110111
00000000000001110000011100010011
00000000001001111001011110010011
00000000111101110000011110110011
00000000000001111010011100000011
11111111000000000000011110110111
00000000000001111000011110010011
00000000111101110111011100110011
11111100010001000010011110000011
00000001000001111101011110010011
00001111111101111111011110010011
00010000000000010001011010110111
00000000000001101000011010010011
00000000001001111001011110010011
00000000111101101000011110110011
00000000000001111010011010000011
00000000111111110000011110110111
00000000000001111000011110010011
00000000111101101111011110110011
00000000111101110110011100110011
11111101000001000010011110000011
00000000100001111101011110010011
00001111111101111111011110010011
00010000000000010001011010110111
00000000000001101000011010010011
00000000001001111001011110010011
00000000111101101000011110110011
00000000000001111010011010000011
00000000000000010000011110110111
00000000000001111000011110010011
11110000000001111000011110010011
00000000111101101111011110110011
00000000111101110100011100110011
11111100110001000010011110000011
00001111111101111111011110010011
00010000000000010001011010110111
00000000000001101000011010010011
00000000001001111001011110010011
00000000111101101000011110110011
00000000000001111010011110000011
00001111111101111111011110010011
00000000111101110100011100110011
11111101110001000010011110000011
00000000100001111000011110010011
00000000000001111010011110000011
00000000111101110100011110110011
11111110111101000010001000100011
11111110010001000010011110000011
00000001100001111101011100010011
11111011010001000010011110000011
00000000100001111000011110010011
00001111111101110111011100010011
00000000111001111000000000100011
11111110010001000010011110000011
00000001000001111101011100010011
11111011010001000010011110000011
00000000100101111000011110010011
00001111111101110111011100010011
00000000111001111000000000100011
11111110010001000010011110000011
00000000100001111101011100010011
11111011010001000010011110000011
00000000101001111000011110010011
00001111111101110111011100010011
00000000111001111000000000100011
11111011010001000010011110000011
00000000101101111000011110010011
11111110010001000010011100000011
00001111111101110111011100010011
00000000111001111000000000100011
11111100010001000010011110000011
00000001100001111101011110010011
00010000000000010001011100110111
00000000000001110000011100010011
00000000001001111001011110010011
00000000111101110000011110110011
00000000000001111010011100000011
11111111000000000000011110110111
00000000000001111000011110010011
00000000111101110111011100110011
11111101000001000010011110000011
00000001000001111101011110010011
00001111111101111111011110010011
00010000000000010001011010110111
00000000000001101000011010010011
00000000001001111001011110010011
00000000111101101000011110110011
00000000000001111010011010000011
00000000111111110000011110110111
00000000000001111000011110010011
00000000111101101111011110110011
00000000111101110110011100110011
11111100110001000010011110000011
00000000100001111101011110010011
00001111111101111111011110010011
00010000000000010001011010110111
00000000000001101000011010010011
00000000001001111001011110010011
00000000111101101000011110110011
00000000000001111010011010000011
00000000000000010000011110110111
00000000000001111000011110010011
11110000000001111000011110010011
00000000111101101111011110110011
00000000111101110100011100110011
11111100100001000010011110000011
00001111111101111111011110010011
00010000000000010001011010110111
00000000000001101000011010010011
00000000001001111001011110010011
00000000111101101000011110110011
00000000000001111010011110000011
00001111111101111111011110010011
00000000111101110100011100110011
11111101110001000010011110000011
00000000110001111000011110010011
00000000000001111010011110000011
00000000111101110100011110110011
11111110111101000010000000100011
11111110000001000010011110000011
00000001100001111101011100010011
11111011010001000010011110000011
00000000110001111000011110010011
00001111111101110111011100010011
00000000111001111000000000100011
11111110000001000010011110000011
00000001000001111101011100010011
11111011010001000010011110000011
00000000110101111000011110010011
00001111111101110111011100010011
00000000111001111000000000100011
11111110000001000010011110000011
00000000100001111101011100010011
11111011010001000010011110000011
00000000111001111000011110010011
00001111111101110111011100010011
00000000111001111000000000100011
11111011010001000010011110000011
00000000111101111000011110010011
11111110000001000010011100000011
00001111111101110111011100010011
00000000111001111000000000100011
11111011110001000010011110000011
00011111000101111100011110000011
00000100000001111000000001100011
11111101010001000010011110000011
11111110110001000010011100000011
00000000111001111010000000100011
11111101010001000010011110000011
00000000010001111000011110010011
11111110100001000010011100000011
00000000111001111010000000100011
11111101010001000010011110000011
00000000100001111000011110010011
11111110010001000010011100000011
00000000111001111010000000100011
11111101010001000010011110000011
00000000110001111000011110010011
11111110000001000010011100000011
00000000111001111010000000100011
00000000000000000000000000010011
00000100110000010010010000000011
00000101000000010000000100010011
00000000000000001000000001100111
11111010000000010000000100010011
00000100100000010010111000100011
00000110000000010000010000010011
11111010101001000010011000100011
11111010101101000010010000100011
11111010110001000010001000100011
11111010110001000010011110000011
00001111000001111000011110010011
11111100111101000010111000100011
11111010110001000010011110000011
00011110000001111000011110010011
11111100111101000010101000100011
11111010100001000010011110000011
00000000000001111100011110000011
00000001100001111001011100010011
11111010100001000010011110000011
00000000000101111000011110010011
00000000000001111100011110000011
00000001000001111001011110010011
00000000111101110100011100110011
11111010100001000010011110000011
00000000001001111000011110010011
00000000000001111100011110000011
00000000100001111001011110010011
00000000111101110100011110110011
11111010100001000010011100000011
00000000001101110000011100010011
00000000000001110100011100000011
00000000111001111100011110110011
11111100111101000010100000100011
11111101110001000010011110000011
00000000000001111010011110000011
11111101000001000010011100000011
00000000111101110100011110110011
11111110111101000010011000100011
11111010100001000010011110000011
00000000010001111000011110010011
00000000000001111100011110000011
00000001100001111001011100010011
11111010100001000010011110000011
00000000010101111000011110010011
00000000000001111100011110000011
00000001000001111001011110010011
00000000111101110100011100110011
11111010100001000010011110000011
00000000011001111000011110010011
00000000000001111100011110000011
00000000100001111001011110010011
00000000111101110100011110110011
11111010100001000010011100000011
00000000011101110000011100010011
00000000000001110100011100000011
00000000111001111100011110110011
11111100111101000010011000100011
11111101110001000010011110000011
00000000010001111000011110010011
00000000000001111010011110000011
11111100110001000010011100000011
00000000111101110100011110110011
11111110111101000010010000100011
11111010100001000010011110000011
00000000100001111000011110010011
00000000000001111100011110000011
00000001100001111001011100010011
11111010100001000010011110000011
00000000100101111000011110010011
00000000000001111100011110000011
00000001000001111001011110010011
00000000111101110100011100110011
11111010100001000010011110000011
00000000101001111000011110010011
00000000000001111100011110000011
00000000100001111001011110010011
00000000111101110100011110110011
11111010100001000010011100000011
00000000101101110000011100010011
00000000000001110100011100000011
00000000111001111100011110110011
11111100111101000010010000100011
11111101110001000010011110000011
00000000100001111000011110010011
00000000000001111010011110000011
11111100100001000010011100000011
00000000111101110100011110110011
11111110111101000010001000100011
11111010100001000010011110000011
00000000110001111000011110010011
00000000000001111100011110000011
00000001100001111001011100010011
11111010100001000010011110000011
00000000110101111000011110010011
00000000000001111100011110000011
00000001000001111001011110010011
00000000111101110100011100110011
11111010100001000010011110000011
00000000111001111000011110010011
00000000000001111100011110000011
00000000100001111001011110010011
00000000111101110100011110110011
11111010100001000010011100000011
00000000111101110000011100010011
00000000000001110100011100000011
00000000111001111100011110110011
11111100111101000010001000100011
11111101110001000010011110000011
00000000110001111000011110010011
00000000000001111010011110000011
11111100010001000010011100000011
00000000111101110100011110110011
11111110111101000010000000100011
11111010110001000010011110000011
00011111000001111100011110000011
00000000000101111101011110010011
00001111111101111111011110010011
11111100111101000010110000100011
11111110110001000010011110000011
00000001100001111101011110010011
00010000000000010001011100110111
01000000000001110000011100010011
00000000001001111001011110010011
00000000111101110000011110110011
00000000000001111010011100000011
11111110000001000010011110000011
00000001000001111101011110010011
00001111111101111111011110010011
00010000000000010010011010110111
10000000000001101000011010010011
00000000001001111001011110010011
00000000111101101000011110110011
00000000000001111010011110000011
00000000111101110100011100110011
11111110010001000010011110000011
00000000100001111101011110010011
00001111111101111111011110010011
00010000000000010010011010110111
11000000000001101000011010010011
00000000001001111001011110010011
00000000111101101000011110110011
00000000000001111010011110000011
00000000111101110100011100110011
11111110100001000010011110000011
00001111111101111111011110010011
00010000000000010010011010110111
00000000000001101000011010010011
00000000001001111001011110010011
00000000111101101000011110110011
00000000000001111010011110000011
00000000111101110100011100110011
11111101110001000010011110000011
00000001000001111000011110010011
00000000000001111010011110000011
00000000111101110100011110110011
11111100111101000010000000100011
11111110100001000010011110000011
00000001100001111101011110010011
00010000000000010001011100110111
01000000000001110000011100010011
00000000001001111001011110010011
00000000111101110000011110110011
00000000000001111010011100000011
11111110110001000010011110000011
00000001000001111101011110010011
00001111111101111111011110010011
00010000000000010010011010110111
10000000000001101000011010010011
00000000001001111001011110010011
00000000111101101000011110110011
00000000000001111010011110000011
00000000111101110100011100110011
11111110000001000010011110000011
00000000100001111101011110010011
00001111111101111111011110010011
00010000000000010010011010110111
11000000000001101000011010010011
00000000001001111001011110010011
00000000111101101000011110110011
00000000000001111010011110000011
00000000111101110100011100110011
11111110010001000010011110000011
00001111111101111111011110010011
00010000000000010010011010110111
00000000000001101000011010010011
00000000001001111001011110010011
00000000111101101000011110110011
00000000000001111010011110000011
00000000111101110100011100110011
11111101110001000010011110000011
00000001010001111000011110010011
00000000000001111010011110000011
00000000111101110100011110110011
11111010111101000010111000100011
11111110010001000010011110000011
00000001100001111101011110010011
00010000000000010001011100110111
01000000000001110000011100010011
00000000001001111001011110010011
00000000111101110000011110110011
00000000000001111010011100000011
11111110100001000010011110000011
00000001000001111101011110010011
00001111111101111111011110010011
00010000000000010010011010110111
10000000000001101000011010010011
00000000001001111001011110010011
00000000111101101000011110110011
00000000000001111010011110000011
00000000111101110100011100110011
11111110110001000010011110000011
00000000100001111101011110010011
00001111111101111111011110010011
00010000000000010010011010110111
11000000000001101000011010010011
00000000001001111001011110010011
00000000111101101000011110110011
00000000000001111010011110000011
00000000111101110100011100110011
11111110000001000010011110000011
00001111111101111111011110010011
00010000000000010010011010110111
00000000000001101000011010010011
00000000001001111001011110010011
00000000111101101000011110110011
00000000000001111010011110000011
00000000111101110100011100110011
11111101110001000010011110000011
00000001100001111000011110010011
00000000000001111010011110000011
00000000111101110100011110110011
11111010111101000010110000100011
11111110000001000010011110000011
00000001100001111101011110010011
00010000000000010001011100110111
01000000000001110000011100010011
00000000001001111001011110010011
00000000111101110000011110110011
00000000000001111010011100000011
11111110010001000010011110000011
00000001000001111101011110010011
00001111111101111111011110010011
00010000000000010010011010110111
10000000000001101000011010010011
00000000001001111001011110010011
00000000111101101000011110110011
00000000000001111010011110000011
00000000111101110100011100110011
11111110100001000010011110000011
00000000100001111101011110010011
00001111111101111111011110010011
00010000000000010010011010110111
11000000000001101000011010010011
00000000001001111001011110010011
00000000111101101000011110110011
00000000000001111010011110000011
00000000111101110100011100110011
11111110110001000010011110000011
00001111111101111111011110010011
00010000000000010010011010110111
00000000000001101000011010010011
00000000001001111001011110010011
00000000111101101000011110110011
00000000000001111010011110000011
00000000111101110100011100110011
11111101110001000010011110000011
00000001110001111000011110010011
00000000000001111010011110000011
00000000111101110100011110110011
11111010111101000010101000100011
11111101110001000010011110000011
00000010000001111000011110010011
11111100111101000010111000100011
11111101100001000010011110000011
11111111111101111000011110010011
11111100111101000010110000100011
11111101100001000010011110000011
00100110000001111000001001100011
11111100000001000010011110000011
00000001100001111101011110010011
00010000000000010001011100110111
01000000000001110000011100010011
00000000001001111001011110010011
00000000111101110000011110110011
00000000000001111010011100000011
11111011010001000010011110000011
00000001000001111101011110010011
00001111111101111111011110010011
00010000000000010010011010110111
10000000000001101000011010010011
00000000001001111001011110010011
00000000111101101000011110110011
00000000000001111010011110000011
00000000111101110100011100110011
11111011100001000010011110000011
00000000100001111101011110010011
00001111111101111111011110010011
00010000000000010010011010110111
11000000000001101000011010010011
00000000001001111001011110010011
00000000111101101000011110110011
00000000000001111010011110000011
00000000111101110100011100110011
11111011110001000010011110000011
00001111111101111111011110010011
00010000000000010010011010110111
00000000000001101000011010010011
00000000001001111001011110010011
00000000111101101000011110110011
00000000000001111010011110000011
00000000111101110100011100110011
11111101110001000010011110000011
00000000000001111010011110000011
00000000111101110100011110110011
11111110111101000010011000100011
11111011110001000010011110000011
00000001100001111101011110010011
00010000000000010001011100110111
01000000000001110000011100010011
00000000001001111001011110010011
00000000111101110000011110110011
00000000000001111010011100000011
11111100000001000010011110000011
00000001000001111101011110010011
00001111111101111111011110010011
00010000000000010010011010110111
10000000000001101000011010010011
00000000001001111001011110010011
00000000111101101000011110110011
00000000000001111010011110000011
00000000111101110100011100110011
11111011010001000010011110000011
00000000100001111101011110010011
00001111111101111111011110010011
00010000000000010010011010110111
11000000000001101000011010010011
00000000001001111001011110010011
00000000111101101000011110110011
00000000000001111010011110000011
00000000111101110100011100110011
11111011100001000010011110000011
00001111111101111111011110010011
00010000000000010010011010110111
00000000000001101000011010010011
00000000001001111001011110010011
00000000111101101000011110110011
00000000000001111010011110000011
00000000111101110100011100110011
11111101110001000010011110000011
00000000010001111000011110010011
00000000000001111010011110000011
00000000111101110100011110110011
11111110111101000010010000100011
11111011100001000010011110000011
00000001100001111101011110010011
00010000000000010001011100110111
01000000000001110000011100010011
00000000001001111001011110010011
00000000111101110000011110110011
00000000000001111010011100000011
11111011110001000010011110000011
00000001000001111101011110010011
00001111111101111111011110010011
00010000000000010010011010110111
10000000000001101000011010010011
00000000001001111001011110010011
00000000111101101000011110110011
00000000000001111010011110000011
00000000111101110100011100110011
11111100000001000010011110000011
00000000100001111101011110010011
00001111111101111111011110010011
00010000000000010010011010110111
11000000000001101000011010010011
00000000001001111001011110010011
00000000111101101000011110110011
00000000000001111010011110000011
00000000111101110100011100110011
11111011010001000010011110000011
00001111111101111111011110010011
00010000000000010010011010110111
00000000000001101000011010010011
00000000001001111001011110010011
00000000111101101000011110110011
00000000000001111010011110000011
00000000111101110100011100110011
11111101110001000010011110000011
00000000100001111000011110010011
00000000000001111010011110000011
00000000111101110100011110110011
11111110111101000010001000100011
11111011010001000010011110000011
00000001100001111101011110010011
00010000000000010001011100110111
01000000000001110000011100010011
00000000001001111001011110010011
00000000111101110000011110110011
00000000000001111010011100000011
11111011100001000010011110000011
00000001000001111101011110010011
00001111111101111111011110010011
00010000000000010010011010110111
10000000000001101000011010010011
00000000001001111001011110010011
00000000111101101000011110110011
00000000000001111010011110000011
00000000111101110100011100110011
11111011110001000010011110000011
00000000100001111101011110010011
00001111111101111111011110010011
00010000000000010010011010110111
11000000000001101000011010010011
00000000001001111001011110010011
00000000111101101000011110110011
00000000000001111010011110000011
00000000111101110100011100110011
11111100000001000010011110000011
00001111111101111111011110010011
00010000000000010010011010110111
00000000000001101000011010010011
00000000001001111001011110010011
00000000111101101000011110110011
00000000000001111010011110000011
00000000111101110100011100110011
11111101110001000010011110000011
00000000110001111000011110010011
00000000000001111010011110000011
00000000111101110100011110110011
11111110111101000010000000100011
10110010010111111111000001101111
00000000000000000000000000010011
11111100000001000010011110000011
00000001100001111101011110010011
00010000000000010010011100110111
01000000000001110000011100010011
00000000001001111001011110010011
00000000111101110000011110110011
00000000000001111010011100000011
11111111000000000000011110110111
00000000000001111000011110010011
00000000111101110111011100110011
11111011010001000010011110000011
00000001000001111101011110010011
00001111111101111111011110010011
00010000000000010010011010110111
01000000000001101000011010010011
00000000001001111001011110010011
00000000111101101000011110110011
00000000000001111010011010000011
00000000111111110000011110110111
00000000000001111000011110010011
00000000111101101111011110110011
00000000111101110110011100110011
11111011100001000010011110000011
00000000100001111101011110010011
00001111111101111111011110010011
00010000000000010010011010110111
01000000000001101000011010010011
00000000001001111001011110010011
00000000111101101000011110110011
00000000000001111010011010000011
00000000000000010000011110110111
00000000000001111000011110010011
11110000000001111000011110010011
00000000111101101111011110110011
00000000111101110100011100110011
11111011110001000010011110000011
00001111111101111111011110010011
00010000000000010010011010110111
01000000000001101000011010010011
00000000001001111001011110010011
00000000111101101000011110110011
00000000000001111010011110000011
00001111111101111111011110010011
00000000111101110100011100110011
11111101110001000010011110000011
00000000000001111010011110000011
00000000111101110100011110110011
11111110111101000010011000100011
11111011110001000010011110000011
00000001100001111101011110010011
00010000000000010010011100110111
01000000000001110000011100010011
00000000001001111001011110010011
00000000111101110000011110110011
00000000000001111010011100000011
11111111000000000000011110110111
00000000000001111000011110010011
00000000111101110111011100110011
11111100000001000010011110000011
00000001000001111101011110010011
00001111111101111111011110010011
00010000000000010010011010110111
01000000000001101000011010010011
00000000001001111001011110010011
00000000111101101000011110110011
00000000000001111010011010000011
00000000111111110000011110110111
00000000000001111000011110010011
00000000111101101111011110110011
00000000111101110110011100110011
11111011010001000010011110000011
00000000100001111101011110010011
00001111111101111111011110010011
00010000000000010010011010110111
01000000000001101000011010010011
00000000001001111001011110010011
00000000111101101000011110110011
00000000000001111010011010000011
00000000000000010000011110110111
00000000000001111000011110010011
11110000000001111000011110010011
00000000111101101111011110110011
00000000111101110100011100110011
11111011100001000010011110000011
00001111111101111111011110010011
00010000000000010010011010110111
01000000000001101000011010010011
00000000001001111001011110010011
00000000111101101000011110110011
00000000000001111010011110000011
00001111111101111111011110010011
00000000111101110100011100110011
11111101110001000010011110000011
00000000010001111000011110010011
00000000000001111010011110000011
00000000111101110100011110110011
11111110111101000010010000100011
11111011100001000010011110000011
00000001100001111101011110010011
00010000000000010010011100110111
01000000000001110000011100010011
00000000001001111001011110010011
00000000111101110000011110110011
00000000000001111010011100000011
11111111000000000000011110110111
00000000000001111000011110010011
00000000111101110111011100110011
11111011110001000010011110000011
00000001000001111101011110010011
00001111111101111111011110010011
00010000000000010010011010110111
01000000000001101000011010010011
00000000001001111001011110010011
00000000111101101000011110110011
00000000000001111010011010000011
00000000111111110000011110110111
00000000000001111000011110010011
00000000111101101111011110110011
00000000111101110110011100110011
11111100000001000010011110000011
00000000100001111101011110010011
00001111111101111111011110010011
00010000000000010010011010110111
01000000000001101000011010010011
00000000001001111001011110010011
00000000111101101000011110110011
00000000000001111010011010000011
00000000000000010000011110110111
00000000000001111000011110010011
11110000000001111000011110010011
00000000111101101111011110110011
00000000111101110100011100110011
11111011010001000010011110000011
00001111111101111111011110010011
00010000000000010010011010110111
01000000000001101000011010010011
00000000001001111001011110010011
00000000111101101000011110110011
00000000000001111010011110000011
00001111111101111111011110010011
00000000111101110100011100110011
11111101110001000010011110000011
00000000100001111000011110010011
00000000000001111010011110000011
00000000111101110100011110110011
11111110111101000010001000100011
11111011010001000010011110000011
00000001100001111101011110010011
00010000000000010010011100110111
01000000000001110000011100010011
00000000001001111001011110010011
00000000111101110000011110110011
00000000000001111010011100000011
11111111000000000000011110110111
00000000000001111000011110010011
00000000111101110111011100110011
11111011100001000010011110000011
00000001000001111101011110010011
00001111111101111111011110010011
00010000000000010010011010110111
01000000000001101000011010010011
00000000001001111001011110010011
00000000111101101000011110110011
00000000000001111010011010000011
00000000111111110000011110110111
00000000000001111000011110010011
00000000111101101111011110110011
00000000111101110110011100110011
11111011110001000010011110000011
00000000100001111101011110010011
00001111111101111111011110010011
00010000000000010010011010110111
01000000000001101000011010010011
00000000001001111001011110010011
00000000111101101000011110110011
00000000000001111010011010000011
00000000000000010000011110110111
00000000000001111000011110010011
11110000000001111000011110010011
00000000111101101111011110110011
00000000111101110100011100110011
11111100000001000010011110000011
00001111111101111111011110010011
00010000000000010010011010110111
01000000000001101000011010010011
00000000001001111001011110010011
00000000111101101000011110110011
00000000000001111010011110000011
00001111111101111111011110010011
00000000111101110100011100110011
11111101110001000010011110000011
00000000110001111000011110010011
00000000000001111010011110000011
00000000111101110100011110110011
11111110111101000010000000100011
11111010110001000010011110000011
00011111000101111100011110000011
00001000000001111000111001100011
11111101010001000010011110000011
00000000000001111010011110000011
11111110110001000010011100000011
00000000111101110100011110110011
11111110111101000010011000100011
11111101010001000010011110000011
11111101000001000010011100000011
00000000111001111010000000100011
11111101010001000010011110000011
00000000010001111000011110010011
00000000000001111010011110000011
11111110100001000010011100000011
00000000111101110100011110110011
11111110111101000010010000100011
11111101010001000010011110000011
00000000010001111000011110010011
11111100110001000010011100000011
00000000111001111010000000100011
11111101010001000010011110000011
00000000100001111000011110010011
00000000000001111010011110000011
11111110010001000010011100000011
00000000111101110100011110110011
11111110111101000010001000100011
11111101010001000010011110000011
00000000100001111000011110010011
11111100100001000010011100000011
00000000111001111010000000100011
11111101010001000010011110000011
00000000110001111000011110010011
00000000000001111010011110000011
11111110000001000010011100000011
00000000111101110100011110110011
11111110111101000010000000100011
11111101010001000010011110000011
00000000110001111000011110010011
11111100010001000010011100000011
00000000111001111010000000100011
11111110110001000010011110000011
00000001100001111101011110010011
00001111111101111111011100010011
11111010010001000010011110000011
00000000111001111000000000100011
11111110110001000010011110000011
00000001000001111101011100010011
11111010010001000010011110000011
00000000000101111000011110010011
00001111111101110111011100010011
00000000111001111000000000100011
11111110110001000010011110000011
00000000100001111101011100010011
11111010010001000010011110000011
00000000001001111000011110010011
00001111111101110111011100010011
00000000111001111000000000100011
11111010010001000010011110000011
00000000001101111000011110010011
11111110110001000010011100000011
00001111111101110111011100010011
00000000111001111000000000100011
11111110100001000010011110000011
00000001100001111101011100010011
11111010010001000010011110000011
00000000010001111000011110010011
00001111111101110111011100010011
00000000111001111000000000100011
11111110100001000010011110000011
00000001000001111101011100010011
11111010010001000010011110000011
00000000010101111000011110010011
00001111111101110111011100010011
00000000111001111000000000100011
11111110100001000010011110000011
00000000100001111101011100010011
11111010010001000010011110000011
00000000011001111000011110010011
00001111111101110111011100010011
00000000111001111000000000100011
11111010010001000010011110000011
00000000011101111000011110010011
11111110100001000010011100000011
00001111111101110111011100010011
00000000111001111000000000100011
11111110010001000010011110000011
00000001100001111101011100010011
11111010010001000010011110000011
00000000100001111000011110010011
00001111111101110111011100010011
00000000111001111000000000100011
11111110010001000010011110000011
00000001000001111101011100010011
11111010010001000010011110000011
00000000100101111000011110010011
00001111111101110111011100010011
00000000111001111000000000100011
11111110010001000010011110000011
00000000100001111101011100010011
11111010010001000010011110000011
00000000101001111000011110010011
00001111111101110111011100010011
00000000111001111000000000100011
11111010010001000010011110000011
00000000101101111000011110010011
11111110010001000010011100000011
00001111111101110111011100010011
00000000111001111000000000100011
11111110000001000010011110000011
00000001100001111101011100010011
11111010010001000010011110000011
00000000110001111000011110010011
00001111111101110111011100010011
00000000111001111000000000100011
11111110000001000010011110000011
00000001000001111101011100010011
11111010010001000010011110000011
00000000110101111000011110010011
00001111111101110111011100010011
00000000111001111000000000100011
11111110000001000010011110000011
00000000100001111101011100010011
11111010010001000010011110000011
00000000111001111000011110010011
00001111111101110111011100010011
00000000111001111000000000100011
11111010010001000010011110000011
00000000111101111000011110010011
11111110000001000010011100000011
00001111111101110111011100010011
00000000111001111000000000100011
00000000000000000000000000010011
00000101110000010010010000000011
00000110000000010000000100010011
00000000000000001000000001100111
11111101000000010000000100010011
00000010000100010010011000100011
00000010100000010010010000100011
00000011000000010000010000010011
11111110101001000010011000100011
11111110101101000010010000100011
11111110110001000010001000100011
11111110110101000010000000100011
00000000111000000000011110110011
11111100111101000000111110100011
11111110010001000010011110000011
00000010000001111000100001100011
11111110110001000010011110000011
00000010000001111000010001100011
11111110000001000010011100000011
00000001000000000000011110010011
00000010111101110000001001100011
11111110000001000010011100000011
00000001100000000000011110010011
00000000111101110000110001100011
11111110000001000010011100000011
00000010000000000000011110010011
00000000111101110000011001100011
11111111111100000000011110010011
00011000100000000000000001101111
11111110110001000010011100000011
11111110110001000010011110000011
00001111000001111000011110010011
11111110000001000010011010000011
11111110010001000010011000000011
00000000111100000000010110110011
00000000111000000000010100110011
00000000000000000000000000010011
00000000101000000000011110110011
00001111111101111111011100010011
11111110110001000010011110000011
00011110111001111000100000100011
11111110100001000010011110000011
00010100000001111000000001100011
11111110100001000010011110000011
00000000000001111100011110000011
00000001100001111001011100010011
11111110100001000010011110000011
00000000000101111000011110010011
00000000000001111100011110000011
00000001000001111001011110010011
00000000111101110100011100110011
11111110100001000010011110000011
00000000001001111000011110010011
00000000000001111100011110000011
00000000100001111001011110010011
00000000111101110100011110110011
11111110100001000010011100000011
00000000001101110000011100010011
00000000000001110100011100000011
00000000111001111100011100110011
11111110110001000010011110000011
00011110111001111010000000100011
11111110100001000010011110000011
00000000010001111000011110010011
00000000000001111100011110000011
00000001100001111001011100010011
11111110100001000010011110000011
00000000010101111000011110010011
00000000000001111100011110000011
00000001000001111001011110010011
00000000111101110100011100110011
11111110100001000010011110000011
00000000011001111000011110010011
00000000000001111100011110000011
00000000100001111001011110010011
00000000111101110100011110110011
11111110100001000010011100000011
00000000011101110000011100010011
00000000000001110100011100000011
00000000111001111100011100110011
11111110110001000010011110000011
00011110111001111010001000100011
11111110100001000010011110000011
00000000100001111000011110010011
00000000000001111100011110000011
00000001100001111001011100010011
11111110100001000010011110000011
00000000100101111000011110010011
00000000000001111100011110000011
00000001000001111001011110010011
00000000111101110100011100110011
11111110100001000010011110000011
00000000101001111000011110010011
00000000000001111100011110000011
00000000100001111001011110010011
00000000111101110100011110110011
11111110100001000010011100000011
00000000101101110000011100010011
00000000000001110100011100000011
00000000111001111100011100110011
11111110110001000010011110000011
00011110111001111010010000100011
11111110100001000010011110000011
00000000110001111000011110010011
00000000000001111100011110000011
00000001100001111001011100010011
11111110100001000010011110000011
00000000110101111000011110010011
00000000000001111100011110000011
00000001000001111001011110010011
00000000111101110100011100110011
11111110100001000010011110000011
00000000111001111000011110010011
00000000000001111100011110000011
00000000100001111001011110010011
00000000111101110100011110110011
11111110100001000010011100000011
00000000111101110000011100010011
00000000000001110100011100000011
00000000111001111100011100110011
11111110110001000010011110000011
00011110111001111010011000100011
11111110110001000010011110000011
11111101111101000100011100000011
00011110111001111000100010100011
00000000000000000000011110010011
00000000111100000000010100110011
00000010110000010010000010000011
00000010100000010010010000000011
00000011000000010000000100010011
00000000000000001000000001100111
11111101000000010000000100010011
00000010000100010010011000100011
00000010100000010010010000100011
00000011000000010000010000010011
11111100101001000010111000100011
11111100101101000010110000100011
11111100110001000010101000100011
11111100110101000010100000100011
11111101100001000010011110000011
00000010000001111000000001100011
11111101010001000010011110000011
00000000000001111000110001100011
11111101110001000010011110000011
00000000000001111000100001100011
11111101000001000010011110000011
00000000111101111111011110010011
00000000000001111000011001100011
11111111111100000000011110010011
00000101000000000000000001101111
11111110000001000010011000100011
00000011100000000000000001101111
11111101010001000010011000000011
11111101100001000010010110000011
11111101110001000010010100000011
00000000000000000000000000010011
11111101010001000010011110000011
00000001000001111000011110010011
11111100111101000010101000100011
11111101100001000010011110000011
00000001000001111000011110010011
11111100111101000010110000100011
11111110110001000010011110000011
00000001000001111000011110010011
11111110111101000010011000100011
11111110110001000010011100000011
11111101000001000010011110000011
11111100111101110110001011100011
11111101000001000010011110000011
00000000111100000000010100110011
00000010110000010010000010000011
00000010100000010010010000000011
00000011000000010000000100010011
00000000000000001000000001100111
11111101000000010000000100010011
00000010000100010010011000100011
00000010100000010010010000100011
00000011000000010000010000010011
11111100101001000010111000100011
11111100101101000010110000100011
11111100110001000010101000100011
11111100110101000010100000100011
11111101010001000010011110000011
00000010000001111000000001100011
11111101100001000010011110000011
00000000000001111000110001100011
11111101110001000010011110000011
00000000000001111000100001100011
11111101000001000010011110000011
00000000111101111111011110010011
00000000000001111000011001100011
11111111111100000000011110010011
00000101000000000000000001101111
11111110000001000010011000100011
00000011100000000000000001101111
11111101010001000010011000000011
11111101100001000010010110000011
11111101110001000010010100000011
00000000000000000000000000010011
11111101100001000010011110000011
00000001000001111000011110010011
11111100111101000010110000100011
11111101010001000010011110000011
00000001000001111000011110010011
11111100111101000010101000100011
11111110110001000010011110000011
00000001000001111000011110010011
11111110111101000010011000100011
11111110110001000010011100000011
11111101000001000010011110000011
11111100111101110110001011100011
11111101000001000010011110000011
00000000111100000000010100110011
00000010110000010010000010000011
00000010100000010010010000000011
00000011000000010000000100010011
00000000000000001000000001100111
