11111011000000010000000100010011
00000100000100010010011000100011
00000100100000010010010000100011
00000100100100010010001000100011
00000101001000010010000000100011
00000011001100010010111000100011
00000011010000010010110000100011
00000011010100010010101000100011
00000101000000010000010000010011
11111100101001000010011000100011
11111100101101000010010000100011
11111100110001000010001000100011
11111100110101000010000000100011
11111010111001000010111000100011
11111010111101000010110000100011
11111100010001000010101010000011
11111011100001000010011110000011
01010000000001111000111001100011
11111011110001000010011110000011
00000000000101111000011100010011
11111010111001000010111000100011
00000000000001111100011110000011
00000001100001111001100110010011
11111011110001000010011110000011
00000000000101111000011100010011
11111010111001000010111000100011
00000000000001111100011110000011
00000001000001111001011110010011
00000000111110011110100110110011
11111011110001000010011110000011
00000000000101111000011100010011
11111010111001000010111000100011
00000000000001111100011110000011
00000000100001111001011110010011
00000000111110011110100110110011
11111011110001000010011110000011
00000000000101111000011100010011
11111010111001000010111000100011
00000000000001111100011110000011
00000000111110011110100110110011
11111011110001000010011110000011
00000000000101111000011100010011
11111010111001000010111000100011
00000000000001111100011110000011
00000001100001111001101000010011
11111011110001000010011110000011
00000000000101111000011100010011
11111010111001000010111000100011
00000000000001111100011110000011
00000001000001111001011110010011
00000000111110100110101000110011
11111011110001000010011110000011
00000000000101111000011100010011
11111010111001000010111000100011
00000000000001111100011110000011
00000000100001111001011110010011
00000000111110100110101000110011
11111011110001000010011110000011
00000000000101111000011100010011
11111010111001000010111000100011
00000000000001111100011110000011
00000000111110100110101000110011
11111011110001000010011110000011
11111111100001111000011110010011
11111010111101000010111000100011
11111111100010101000101010010011
00011001100000000000000001101111
11111100110001000010011110000011
00000000000101111000011100010011
11111100111001000010011000100011
00000000000001111100011110000011
00000001100001111001100100010011
11111100110001000010011110000011
00000000000101111000011100010011
11111100111001000010011000100011
00000000000001111100011110000011
00000001000001111001011110010011
00000000111110010110100100110011
11111100110001000010011110000011
00000000000101111000011100010011
11111100111001000010011000100011
00000000000001111100011110000011
00000000100001111001011110010011
00000000111110010110100100110011
11111100110001000010011110000011
00000000000101111000011100010011
11111100111001000010011000100011
00000000000001111100011110000011
00000000111110010110100100110011
11111100110001000010011110000011
00000000000101111000011100010011
11111100111001000010011000100011
00000000000001111100011110000011
00000001100001111001010010010011
11111100110001000010011110000011
00000000000101111000011100010011
11111100111001000010011000100011
00000000000001111100011110000011
00000001000001111001011110010011
00000000111101001110010010110011
11111100110001000010011110000011
00000000000101111000011100010011
11111100111001000010011000100011
00000000000001111100011110000011
00000000100001111001011110010011
00000000111101001110010010110011
11111100110001000010011110000011
00000000000101111000011100010011
11111100111001000010011000100011
00000000000001111100011110000011
00000000111101001110010010110011
00000001001110010100100100110011
00000001010001001100010010110011
11111101001001000010110000100011
11111100100101000010111000100011
11111101100001000000011110010011
11111100000001000010010110000011
00000000111100000000010100110011
00000000000000000000000000010011
11111101100001000010100110000011
00000001100010011101011010010011
11111100100001000010011110000011
00000000000101111000011100010011
11111100111001000010010000100011
00001111111101101111011100010011
00000000111001111000000000100011
00000001000010011101011010010011
11111100100001000010011110000011
00000000000101111000011100010011
11111100111001000010010000100011
00001111111101101111011100010011
00000000111001111000000000100011
00000000100010011101011010010011
11111100100001000010011110000011
00000000000101111000011100010011
11111100111001000010010000100011
00001111111101101111011100010011
00000000111001111000000000100011
11111100100001000010011110000011
00000000000101111000011100010011
11111100111001000010010000100011
00001111111110011111011100010011
00000000111001111000000000100011
11111101110001000010101000000011
00000001100010100101011010010011
11111100100001000010011110000011
00000000000101111000011100010011
11111100111001000010010000100011
00001111111101101111011100010011
00000000111001111000000000100011
00000001000010100101011010010011
11111100100001000010011110000011
00000000000101111000011100010011
11111100111001000010010000100011
00001111111101101111011100010011
00000000111001111000000000100011
00000000100010100101011010010011
11111100100001000010011110000011
00000000000101111000011100010011
11111100111001000010010000100011
00001111111101101111011100010011
00000000111001111000000000100011
11111100100001000010011110000011
00000000000101111000011100010011
11111100111001000010010000100011
00001111111110100111011100010011
00000000111001111000000000100011
11111111100010101000101010010011
11100110000010101101011011100011
11111111100000000000011110010011
00011110111110101000111001100011
00000001010100000000011110110011
00000000100001111000011110010011
11111100110001000010011100000011
00000000111101110000011110110011
11111100111101000010011000100011
00000000000000000000010010010011
00000000100100000000100100110011
00000000100010101000011110010011
00000000100000000000011100010011
00001110111101110110101001100011
00000000001001111001011100010011
00010000000000010000011110110111
00000000000001111000011110010011
00000000111101110000011110110011
00000000000001111010011110000011
00000000000001111000000001100111
11111100110001000010011110000011
11111111111101111000011110010011
11111100111101000010011000100011
11111100110001000010011110000011
00000000000001111100011110000011
00000000111100000000010010110011
11111100110001000010011110000011
11111111111101111000011110010011
11111100111101000010011000100011
11111100110001000010011110000011
00000000000001111100011110000011
00000000100001111001011110010011
00000000111101001110010010110011
11111100110001000010011110000011
11111111111101111000011110010011
11111100111101000010011000100011
11111100110001000010011110000011
00000000000001111100011110000011
00000001000001111001011110010011
00000000111101001110010010110011
11111100110001000010011110000011
11111111111101111000011110010011
11111100111101000010011000100011
11111100110001000010011110000011
00000000000001111100011110000011
00000001100001111001011110010011
00000000111101001110010010110011
11111100110001000010011110000011
11111111111101111000011110010011
11111100111101000010011000100011
11111100110001000010011110000011
00000000000001111100011110000011
00000000111100000000100100110011
11111100110001000010011110000011
11111111111101111000011110010011
11111100111101000010011000100011
11111100110001000010011110000011
00000000000001111100011110000011
00000000100001111001011110010011
00000000111110010110100100110011
11111100110001000010011110000011
11111111111101111000011110010011
11111100111101000010011000100011
11111100110001000010011110000011
00000000000001111100011110000011
00000001000001111001011110010011
00000000111110010110100100110011
11111100110001000010011110000011
11111111111101111000011110010011
11111100111101000010011000100011
11111100110001000010011110000011
00000000000001111100011110000011
00000001100001111001011110010011
00000000111110010110100100110011
00000001001110010100100100110011
00000001010001001100010010110011
11111101001001000010110000100011
11111100100101000010111000100011
11111101100001000000011110010011
11111100000001000010010110000011
00000000111100000000010100110011
00000000000000000000000000010011
11111101100001000010100110000011
00000001100010011101011010010011
11111100100001000010011110000011
00000000000101111000011100010011
11111100111001000010010000100011
00001111111101101111011100010011
00000000111001111000000000100011
00000001000010011101011010010011
11111100100001000010011110000011
00000000000101111000011100010011
11111100111001000010010000100011
00001111111101101111011100010011
00000000111001111000000000100011
00000000100010011101011010010011
11111100100001000010011110000011
00000000000101111000011100010011
11111100111001000010010000100011
00001111111101101111011100010011
00000000111001111000000000100011
11111100100001000010011110000011
00000000000101111000011100010011
11111100111001000010010000100011
00001111111110011111011100010011
00000000111001111000000000100011
11111101110001000010101000000011
00000001100010100101011010010011
11111100100001000010011110000011
00000000000101111000011100010011
11111100111001000010010000100011
00001111111101101111011100010011
00000000111001111000000000100011
00000001000010100101011010010011
11111100100001000010011110000011
00000000000101111000011100010011
11111100111001000010010000100011
00001111111101101111011100010011
00000000111001111000000000100011
00000000100010100101011010010011
11111100100001000010011110000011
00000000000101111000011100010011
11111100111001000010010000100011
00001111111101101111011100010011
00000000111001111000000000100011
11111100100001000010011110000011
00000000000101111000011100010011
11111100111001000010010000100011
00001111111110100111011100010011
00000000111001111000000000100011
00000001100010011101011010010011
11111011110001000010011110000011
00000000000101111000011100010011
11111010111001000010111000100011
00001111111101101111011100010011
00000000111001111000000000100011
00000001000010011101011010010011
11111011110001000010011110000011
00000000000101111000011100010011
11111010111001000010111000100011
00001111111101101111011100010011
00000000111001111000000000100011
00000000100010011101011010010011
11111011110001000010011110000011
00000000000101111000011100010011
11111010111001000010111000100011
00001111111101101111011100010011
00000000111001111000000000100011
11111011110001000010011110000011
00000000000101111000011100010011
11111010111001000010111000100011
00001111111110011111011100010011
00000000111001111000000000100011
00000001100010100101011010010011
11111011110001000010011110000011
00000000000101111000011100010011
11111010111001000010111000100011
00001111111101101111011100010011
00000000111001111000000000100011
00000001000010100101011010010011
11111011110001000010011110000011
00000000000101111000011100010011
11111010111001000010111000100011
00001111111101101111011100010011
00000000111001111000000000100011
00000000100010100101011010010011
11111011110001000010011110000011
00000000000101111000011100010011
11111010111001000010111000100011
00001111111101101111011100010011
00000000111001111000000000100011
11111011110001000010011110000011
00000000000101111000011100010011
11111010111001000010111000100011
00001111111110100111011100010011
00000000111001111000000000100011
01010001100000000000000001101111
11111011110001000010011110000011
00000000000101111000011100010011
11111010111001000010111000100011
00000000000001111100011110000011
00000001100001111001100110010011
11111011110001000010011110000011
00000000000101111000011100010011
11111010111001000010111000100011
00000000000001111100011110000011
00000001000001111001011110010011
00000000111110011110100110110011
11111011110001000010011110000011
00000000000101111000011100010011
11111010111001000010111000100011
00000000000001111100011110000011
00000000100001111001011110010011
00000000111110011110100110110011
11111011110001000010011110000011
00000000000101111000011100010011
11111010111001000010111000100011
00000000000001111100011110000011
00000000111110011110100110110011
11111011110001000010011110000011
00000000000101111000011100010011
11111010111001000010111000100011
00000000000001111100011110000011
00000001100001111001101000010011
11111011110001000010011110000011
00000000000101111000011100010011
11111010111001000010111000100011
00000000000001111100011110000011
00000001000001111001011110010011
00000000111110100110101000110011
11111011110001000010011110000011
00000000000101111000011100010011
11111010111001000010111000100011
00000000000001111100011110000011
00000000100001111001011110010011
00000000111110100110101000110011
11111011110001000010011110000011
00000000000101111000011100010011
11111010111001000010111000100011
00000000000001111100011110000011
00000000111110100110101000110011
11111011110001000010011110000011
11111111100001111000011110010011
11111010111101000010111000100011
11111111100010101000101010010011
00011010000000000000000001101111
11111100110001000010011110000011
00000000000101111000011100010011
11111100111001000010011000100011
00000000000001111100011110000011
00000001100001111001100100010011
11111100110001000010011110000011
00000000000101111000011100010011
11111100111001000010011000100011
00000000000001111100011110000011
00000001000001111001011110010011
00000000111110010110100100110011
11111100110001000010011110000011
00000000000101111000011100010011
11111100111001000010011000100011
00000000000001111100011110000011
00000000100001111001011110010011
00000000111110010110100100110011
11111100110001000010011110000011
00000000000101111000011100010011
11111100111001000010011000100011
00000000000001111100011110000011
00000000111110010110100100110011
11111101001001000010110000100011
11111100110001000010011110000011
00000000000101111000011100010011
11111100111001000010011000100011
00000000000001111100011110000011
00000001100001111001010010010011
11111100110001000010011110000011
00000000000101111000011100010011
11111100111001000010011000100011
00000000000001111100011110000011
00000001000001111001011110010011
00000000111101001110010010110011
11111100110001000010011110000011
00000000000101111000011100010011
11111100111001000010011000100011
00000000000001111100011110000011
00000000100001111001011110010011
00000000111101001110010010110011
11111100110001000010011110000011
00000000000101111000011100010011
11111100111001000010011000100011
00000000000001111100011110000011
00000000111101001110010010110011
11111100100101000010111000100011
11111101100001000000011110010011
11111100000001000010010110000011
00000000111100000000010100110011
00000000000000000000000000010011
11111101100001000010011110000011
00000000111110011100100110110011
11111101110001000010011110000011
00000000111110100100101000110011
00000001100010011101011010010011
11111100100001000010011110000011
00000000000101111000011100010011
11111100111001000010010000100011
00001111111101101111011100010011
00000000111001111000000000100011
00000001000010011101011010010011
11111100100001000010011110000011
00000000000101111000011100010011
11111100111001000010010000100011
00001111111101101111011100010011
00000000111001111000000000100011
00000000100010011101011010010011
11111100100001000010011110000011
00000000000101111000011100010011
11111100111001000010010000100011
00001111111101101111011100010011
00000000111001111000000000100011
11111100100001000010011110000011
00000000000101111000011100010011
11111100111001000010010000100011
00001111111110011111011100010011
00000000111001111000000000100011
00000001100010100101011010010011
11111100100001000010011110000011
00000000000101111000011100010011
11111100111001000010010000100011
00001111111101101111011100010011
00000000111001111000000000100011
00000001000010100101011010010011
11111100100001000010011110000011
00000000000101111000011100010011
11111100111001000010010000100011
00001111111101101111011100010011
00000000111001111000000000100011
00000000100010100101011010010011
11111100100001000010011110000011
00000000000101111000011100010011
11111100111001000010010000100011
00001111111101101111011100010011
00000000111001111000000000100011
11111100100001000010011110000011
00000000000101111000011100010011
11111100111001000010010000100011
00001111111110100111011100010011
00000000111001111000000000100011
00000001001000000000100110110011
00000000100100000000101000110011
11111111100010101000101010010011
11100110000010101101001011100011
11111111100000000000011110010011
00011110111110101000101001100011
11111100110001000010011110000011
00000000000101111000011100010011
11111100111001000010011000100011
00000000000001111100011110000011
00000001100001111001100100010011
11111100110001000010011110000011
00000000000101111000011100010011
11111100111001000010011000100011
00000000000001111100011110000011
00000001000001111001011110010011
00000000111110010110100100110011
11111100110001000010011110000011
00000000000101111000011100010011
11111100111001000010011000100011
00000000000001111100011110000011
00000000100001111001011110010011
00000000111110010110100100110011
11111100110001000010011110000011
00000000000101111000011100010011
11111100111001000010011000100011
00000000000001111100011110000011
00000000111110010110100100110011
11111101001001000010110000100011
11111100110001000010011110000011
00000000000101111000011100010011
11111100111001000010011000100011
00000000000001111100011110000011
00000001100001111001010010010011
11111100110001000010011110000011
00000000000101111000011100010011
11111100111001000010011000100011
00000000000001111100011110000011
00000001000001111001011110010011
00000000111101001110010010110011
11111100110001000010011110000011
00000000000101111000011100010011
11111100111001000010011000100011
00000000000001111100011110000011
00000000100001111001011110010011
00000000111101001110010010110011
11111100110001000010011110000011
00000000000101111000011100010011
11111100111001000010011000100011
00000000000001111100011110000011
00000000111101001110010010110011
11111100100101000010111000100011
11111101100001000000011110010011
11111100000001000010010110000011
00000000111100000000010100110011
00000000000000000000000000010011
11111101100001000010011110000011
00000000111110011100100110110011
11111101110001000010011110000011
00000000111110100100101000110011
00000001010100000000011110110011
00000000100001111000011110010011
11111100100001000010011100000011
00000000111101110000011110110011
11111100111101000010010000100011
00000000100010101000011110010011
00000000100000000000011100010011
00001110111101110110101001100011
00000000001001111001011100010011
00010000000000010000011110110111
00000010010001111000011110010011
00000000111101110000011110110011
00000000000001111010011110000011
00000000000001111000000001100111
11111100100001000010011110000011
11111111111101111000011110010011
11111100111101000010010000100011
00001111111110100111011100010011
11111100100001000010011110000011
00000000111001111000000000100011
00000000100010100101011100010011
11111100100001000010011110000011
11111111111101111000011110010011
11111100111101000010010000100011
00001111111101110111011100010011
11111100100001000010011110000011
00000000111001111000000000100011
00000001000010100101011100010011
11111100100001000010011110000011
11111111111101111000011110010011
11111100111101000010010000100011
00001111111101110111011100010011
11111100100001000010011110000011
00000000111001111000000000100011
00000001100010100101011100010011
11111100100001000010011110000011
11111111111101111000011110010011
11111100111101000010010000100011
00001111111101110111011100010011
11111100100001000010011110000011
00000000111001111000000000100011
11111100100001000010011110000011
11111111111101111000011110010011
11111100111101000010010000100011
00001111111110011111011100010011
11111100100001000010011110000011
00000000111001111000000000100011
00000000100010011101011100010011
11111100100001000010011110000011
11111111111101111000011110010011
11111100111101000010010000100011
00001111111101110111011100010011
11111100100001000010011110000011
00000000111001111000000000100011
00000001000010011101011100010011
11111100100001000010011110000011
11111111111101111000011110010011
11111100111101000010010000100011
00001111111101110111011100010011
11111100100001000010011110000011
00000000111001111000000000100011
00000001100010011101011100010011
11111100100001000010011110000011
11111111111101111000011110010011
11111100111101000010010000100011
00001111111101110111011100010011
11111100100001000010011110000011
00000000111001111000000000100011
00000001001000000000100110110011
00000000100100000000101000110011
00000001100010011101011010010011
11111011110001000010011110000011
00000000000101111000011100010011
11111010111001000010111000100011
00001111111101101111011100010011
00000000111001111000000000100011
00000001000010011101011010010011
11111011110001000010011110000011
00000000000101111000011100010011
11111010111001000010111000100011
00001111111101101111011100010011
00000000111001111000000000100011
00000000100010011101011010010011
11111011110001000010011110000011
00000000000101111000011100010011
11111010111001000010111000100011
00001111111101101111011100010011
00000000111001111000000000100011
11111011110001000010011110000011
00000000000101111000011100010011
11111010111001000010111000100011
00001111111110011111011100010011
00000000111001111000000000100011
00000001100010100101011010010011
11111011110001000010011110000011
00000000000101111000011100010011
11111010111001000010111000100011
00001111111101101111011100010011
00000000111001111000000000100011
00000001000010100101011010010011
11111011110001000010011110000011
00000000000101111000011100010011
11111010111001000010111000100011
00001111111101101111011100010011
00000000111001111000000000100011
00000000100010100101011010010011
11111011110001000010011110000011
00000000000101111000011100010011
11111010111001000010111000100011
00001111111101101111011100010011
00000000111001111000000000100011
11111011110001000010011110000011
00000000000101111000011100010011
11111010111001000010111000100011
00001111111110100111011100010011
00000000111001111000000000100011
11111100000001000010111000100011
11111101110001000010011110000011
11111100111101000010110000100011
00000000000000000000000000010011
00000100110000010010000010000011
00000100100000010010010000000011
00000100010000010010010010000011
00000100000000010010100100000011
00000011110000010010100110000011
00000011100000010010101000000011
00000011010000010010101010000011
00000101000000010000000100010011
00000000000000001000000001100111
11111100000000010000000100010011
00000010100000010010111000100011
00000010100100010010110000100011
00000011001000010010101000100011
00000011001100010010100000100011
00000011010000010010011000100011
00000011010100010010010000100011
00000011011000010010001000100011
00000011011100010010000000100011
00000001100000010010111000100011
00000100000000010000010000010011
11111100101001000010011000100011
11111100101101000010010000100011
11111100110001000010011110000011
00000000000001111010101110000011
00000001000010111101101000010011
11111100110001000010011110000011
00000000010001111010100110000011
00000001000010011101110000010011
11111100100001000010010010000011
00000000000000010000011110110111
00000000000001111000011110010011
11111111111101111000011110010011
00000000111110100111101000110011
00000000000001001010011110000011
00000010111110100000100100110011
00000010000010010000010001100011
00000000000000010000011110110111
00000000000001111000011110010011
11111111111101111000011110010011
00000000111110010111011100110011
00000001000010010101011110010011
01000000111101110000101000110011
00000001000010100101011110010011
01000000111110100000101000110011
00000001110000000000000001101111
00000001010000000000011110110011
01000000111100000000011110110011
00000000111100000000011100110011
00000000000001001010011110000011
01000000111101110000011110110011
00000000000101111000101000010011
00000000010001001000010010010011
00000000100100000000011110110011
00000000010001111000010010010011
00000000000001111010011110000011
00000000111110111000101110110011
00000000100100000000011110110011
00000000010001111000010010010011
00000000000001111010011110000011
00000000111111000000110000110011
00000000000000010000011110110111
00000000000001111000011110010011
11111111111101111000011110010011
00000000111110011111100110110011
00000000000001001010011110000011
00000010111110011000100100110011
00000010000010010000010001100011
00000000000000010000011110110111
00000000000001111000011110010011
11111111111101111000011110010011
00000000111110010111011100110011
00000001000010010101011110010011
01000000111101110000100110110011
00000001000010011101011110010011
01000000111110011000100110110011
00000001110000000000000001101111
00000001001100000000011110110011
01000000111100000000011110110011
00000000111100000000011100110011
00000000000001001010011110000011
01000000111101110000011110110011
00000000000101111000100110010011
00000000010001001000010010010011
00000001100010100100011100110011
00000000000000010000011110110111
00000000000001111000011110010011
11111111111101111000011110010011
00000000111101110111101010110011
00000000000001001010011110000011
00000010111110101000100100110011
00000010000010010000010001100011
00000000000000010000011110110111
00000000000001111000011110010011
11111111111101111000011110010011
00000000111110010111011100110011
00000001000010010101011110010011
01000000111101110000101010110011
00000001000010101101011110010011
01000000111110101000101010110011
00000001110000000000000001101111
00000001010100000000011110110011
01000000111100000000011110110011
00000000111100000000011100110011
00000000000001001010011110000011
01000000111101110000011110110011
00000000000101111000101010010011
00000000010001001000010010010011
00000001001110111100011110110011
00000000111110101000011100110011
00000000000000010000011110110111
00000000000001111000011110010011
11111111111101111000011110010011
00000000111101110111101100110011
00000000000001001010011110000011
00000010111110110000100100110011
00000010000010010000010001100011
00000000000000010000011110110111
00000000000001111000011110010011
11111111111101111000011110010011
00000000111110010111011100110011
00000001000010010101011110010011
01000000111101110000101100110011
00000001000010110101011110010011
01000000111110110000101100110011
00000001110000000000000001101111
00000001011000000000011110110011
01000000111100000000011110110011
00000000111100000000011100110011
00000000000001001010011110000011
01000000111101110000011110110011
00000000000101111000101100010011
00000000010001001000010010010011
00000001011010101000101010110011
00000001011010100100101000110011
00000001010110011100100110110011
00000001010110111100100100110011
00000001011011000100101110110011
00000001001000000000110000110011
00000000000000010000011110110111
00000000000001111000011110010011
11111111111101111000011110010011
00000000111110100111101000110011
00000000000001001010011110000011
00000010111110100000100100110011
00000010000010010000010001100011
00000000000000010000011110110111
00000000000001111000011110010011
11111111111101111000011110010011
00000000111110010111011100110011
00000001000010010101011110010011
01000000111101110000101000110011
00000001000010100101011110010011
01000000111110100000101000110011
00000001110000000000000001101111
00000001010000000000011110110011
01000000111100000000011110110011
00000000111100000000011100110011
00000000000001001010011110000011
01000000111101110000011110110011
00000000000101111000101000010011
00000000010001001000010010010011
00000000100100000000011110110011
00000000010001111000010010010011
00000000000001111010011110000011
00000000111110111000101110110011
00000000100100000000011110110011
00000000010001111000010010010011
00000000000001111010011110000011
00000000111111000000110000110011
00000000000000010000011110110111
00000000000001111000011110010011
11111111111101111000011110010011
00000000111110011111100110110011
00000000000001001010011110000011
00000010111110011000100100110011
00000010000010010000010001100011
00000000000000010000011110110111
00000000000001111000011110010011
11111111111101111000011110010011
00000000111110010111011100110011
00000001000010010101011110010011
01000000111101110000100110110011
00000001000010011101011110010011
01000000111110011000100110110011
00000001110000000000000001101111
00000001001100000000011110110011
01000000111100000000011110110011
00000000111100000000011100110011
00000000000001001010011110000011
01000000111101110000011110110011
00000000000101111000100110010011
00000000010001001000010010010011
00000001100010100100011100110011
00000000000000010000011110110111
00000000000001111000011110010011
11111111111101111000011110010011
00000000111101110111101010110011
00000000000001001010011110000011
00000010111110101000100100110011
00000010000010010000010001100011
00000000000000010000011110110111
00000000000001111000011110010011
11111111111101111000011110010011
00000000111110010111011100110011
00000001000010010101011110010011
01000000111101110000101010110011
00000001000010101101011110010011
01000000111110101000101010110011
00000001110000000000000001101111
00000001010100000000011110110011
01000000111100000000011110110011
00000000111100000000011100110011
00000000000001001010011110000011
01000000111101110000011110110011
00000000000101111000101010010011
00000000010001001000010010010011
00000001001110111100011110110011
00000000111110101000011100110011
00000000000000010000011110110111
00000000000001111000011110010011
11111111111101111000011110010011
00000000111101110111101100110011
00000000000001001010011110000011
00000010111110110000100100110011
00000010000010010000010001100011
00000000000000010000011110110111
00000000000001111000011110010011
11111111111101111000011110010011
00000000111110010111011100110011
00000001000010010101011110010011
01000000111101110000101100110011
00000001000010110101011110010011
01000000111110110000101100110011
00000001110000000000000001101111
00000001011000000000011110110011
01000000111100000000011110110011
00000000111100000000011100110011
00000000000001001010011110000011
01000000111101110000011110110011
00000000000101111000101100010011
00000000010001001000010010010011
00000001011010101000101010110011
00000001011010100100101000110011
00000001010110011100100110110011
00000001010110111100100100110011
00000001011011000100101110110011
00000001001000000000110000110011
00000000000000010000011110110111
00000000000001111000011110010011
11111111111101111000011110010011
00000000111110100111101000110011
00000000000001001010011110000011
00000010111110100000100100110011
00000010000010010000010001100011
00000000000000010000011110110111
00000000000001111000011110010011
11111111111101111000011110010011
00000000111110010111011100110011
00000001000010010101011110010011
01000000111101110000101000110011
00000001000010100101011110010011
01000000111110100000101000110011
00000001110000000000000001101111
00000001010000000000011110110011
01000000111100000000011110110011
00000000111100000000011100110011
00000000000001001010011110000011
01000000111101110000011110110011
00000000000101111000101000010011
00000000010001001000010010010011
00000000100100000000011110110011
00000000010001111000010010010011
00000000000001111010011110000011
00000000111110111000101110110011
00000000100100000000011110110011
00000000010001111000010010010011
00000000000001111010011110000011
00000000111111000000110000110011
00000000000000010000011110110111
00000000000001111000011110010011
11111111111101111000011110010011
00000000111110011111100110110011
00000000000001001010011110000011
00000010111110011000100100110011
00000010000010010000010001100011
00000000000000010000011110110111
00000000000001111000011110010011
11111111111101111000011110010011
00000000111110010111011100110011
00000001000010010101011110010011
01000000111101110000100110110011
00000001000010011101011110010011
01000000111110011000100110110011
00000001110000000000000001101111
00000001001100000000011110110011
01000000111100000000011110110011
00000000111100000000011100110011
00000000000001001010011110000011
01000000111101110000011110110011
00000000000101111000100110010011
00000000010001001000010010010011
00000001100010100100011100110011
00000000000000010000011110110111
00000000000001111000011110010011
11111111111101111000011110010011
00000000111101110111101010110011
00000000000001001010011110000011
00000010111110101000100100110011
00000010000010010000010001100011
00000000000000010000011110110111
00000000000001111000011110010011
11111111111101111000011110010011
00000000111110010111011100110011
00000001000010010101011110010011
01000000111101110000101010110011
00000001000010101101011110010011
01000000111110101000101010110011
00000001110000000000000001101111
00000001010100000000011110110011
01000000111100000000011110110011
00000000111100000000011100110011
00000000000001001010011110000011
01000000111101110000011110110011
00000000000101111000101010010011
00000000010001001000010010010011
00000001001110111100011110110011
00000000111110101000011100110011
00000000000000010000011110110111
00000000000001111000011110010011
11111111111101111000011110010011
00000000111101110111101100110011
00000000000001001010011110000011
00000010111110110000100100110011
00000010000010010000010001100011
00000000000000010000011110110111
00000000000001111000011110010011
11111111111101111000011110010011
00000000111110010111011100110011
00000001000010010101011110010011
01000000111101110000101100110011
00000001000010110101011110010011
01000000111110110000101100110011
00000001110000000000000001101111
00000001011000000000011110110011
01000000111100000000011110110011
00000000111100000000011100110011
00000000000001001010011110000011
01000000111101110000011110110011
00000000000101111000101100010011
00000000010001001000010010010011
00000001011010101000101010110011
00000001011010100100101000110011
00000001010110011100100110110011
00000001010110111100100100110011
00000001011011000100101110110011
00000001001000000000110000110011
00000000000000010000011110110111
00000000000001111000011110010011
11111111111101111000011110010011
00000000111110100111101000110011
00000000000001001010011110000011
00000010111110100000100100110011
00000010000010010000010001100011
00000000000000010000011110110111
00000000000001111000011110010011
11111111111101111000011110010011
00000000111110010111011100110011
00000001000010010101011110010011
01000000111101110000101000110011
00000001000010100101011110010011
01000000111110100000101000110011
00000001110000000000000001101111
00000001010000000000011110110011
01000000111100000000011110110011
00000000111100000000011100110011
00000000000001001010011110000011
01000000111101110000011110110011
00000000000101111000101000010011
00000000010001001000010010010011
00000000100100000000011110110011
00000000010001111000010010010011
00000000000001111010011110000011
00000000111110111000101110110011
00000000100100000000011110110011
00000000010001111000010010010011
00000000000001111010011110000011
00000000111111000000110000110011
00000000000000010000011110110111
00000000000001111000011110010011
11111111111101111000011110010011
00000000111110011111100110110011
00000000000001001010011110000011
00000010111110011000100100110011
00000010000010010000010001100011
00000000000000010000011110110111
00000000000001111000011110010011
11111111111101111000011110010011
00000000111110010111011100110011
00000001000010010101011110010011
01000000111101110000100110110011
00000001000010011101011110010011
01000000111110011000100110110011
00000001110000000000000001101111
00000001001100000000011110110011
01000000111100000000011110110011
00000000111100000000011100110011
00000000000001001010011110000011
01000000111101110000011110110011
00000000000101111000100110010011
00000000010001001000010010010011
00000001100010100100011100110011
00000000000000010000011110110111
00000000000001111000011110010011
11111111111101111000011110010011
00000000111101110111101010110011
00000000000001001010011110000011
00000010111110101000100100110011
00000010000010010000010001100011
00000000000000010000011110110111
00000000000001111000011110010011
11111111111101111000011110010011
00000000111110010111011100110011
00000001000010010101011110010011
01000000111101110000101010110011
00000001000010101101011110010011
01000000111110101000101010110011
00000001110000000000000001101111
00000001010100000000011110110011
01000000111100000000011110110011
00000000111100000000011100110011
00000000000001001010011110000011
01000000111101110000011110110011
00000000000101111000101010010011
00000000010001001000010010010011
00000001001110111100011110110011
00000000111110101000011100110011
00000000000000010000011110110111
00000000000001111000011110010011
11111111111101111000011110010011
00000000111101110111101100110011
00000000000001001010011110000011
00000010111110110000100100110011
00000010000010010000010001100011
00000000000000010000011110110111
00000000000001111000011110010011
11111111111101111000011110010011
00000000111110010111011100110011
00000001000010010101011110010011
01000000111101110000101100110011
00000001000010110101011110010011
01000000111110110000101100110011
00000001110000000000000001101111
00000001011000000000011110110011
01000000111100000000011110110011
00000000111100000000011100110011
00000000000001001010011110000011
01000000111101110000011110110011
00000000000101111000101100010011
00000000010001001000010010010011
00000001011010101000101010110011
00000001011010100100101000110011
00000001010110011100100110110011
00000001010110111100100100110011
00000001011011000100101110110011
00000001001000000000110000110011
00000000000000010000011110110111
00000000000001111000011110010011
11111111111101111000011110010011
00000000111110100111101000110011
00000000000001001010011110000011
00000010111110100000100100110011
00000010000010010000010001100011
00000000000000010000011110110111
00000000000001111000011110010011
11111111111101111000011110010011
00000000111110010111011100110011
00000001000010010101011110010011
01000000111101110000101000110011
00000001000010100101011110010011
01000000111110100000101000110011
00000001110000000000000001101111
00000001010000000000011110110011
01000000111100000000011110110011
00000000111100000000011100110011
00000000000001001010011110000011
01000000111101110000011110110011
00000000000101111000101000010011
00000000010001001000010010010011
00000000100100000000011110110011
00000000010001111000010010010011
00000000000001111010011110000011
00000000111110111000101110110011
00000000100100000000011110110011
00000000010001111000010010010011
00000000000001111010011110000011
00000000111111000000110000110011
00000000000000010000011110110111
00000000000001111000011110010011
11111111111101111000011110010011
00000000111110011111100110110011
00000000000001001010011110000011
00000010111110011000100100110011
00000010000010010000010001100011
00000000000000010000011110110111
00000000000001111000011110010011
11111111111101111000011110010011
00000000111110010111011100110011
00000001000010010101011110010011
01000000111101110000100110110011
00000001000010011101011110010011
01000000111110011000100110110011
00000001110000000000000001101111
00000001001100000000011110110011
01000000111100000000011110110011
00000000111100000000011100110011
00000000000001001010011110000011
01000000111101110000011110110011
00000000000101111000100110010011
00000000010001001000010010010011
00000001100010100100011100110011
00000000000000010000011110110111
00000000000001111000011110010011
11111111111101111000011110010011
00000000111101110111101010110011
00000000000001001010011110000011
00000010111110101000100100110011
00000010000010010000010001100011
00000000000000010000011110110111
00000000000001111000011110010011
11111111111101111000011110010011
00000000111110010111011100110011
00000001000010010101011110010011
01000000111101110000101010110011
00000001000010101101011110010011
01000000111110101000101010110011
00000001110000000000000001101111
00000001010100000000011110110011
01000000111100000000011110110011
00000000111100000000011100110011
00000000000001001010011110000011
01000000111101110000011110110011
00000000000101111000101010010011
00000000010001001000010010010011
00000001001110111100011110110011
00000000111110101000011100110011
00000000000000010000011110110111
00000000000001111000011110010011
11111111111101111000011110010011
00000000111101110111101100110011
00000000000001001010011110000011
00000010111110110000100100110011
00000010000010010000010001100011
00000000000000010000011110110111
00000000000001111000011110010011
11111111111101111000011110010011
00000000111110010111011100110011
00000001000010010101011110010011
01000000111101110000101100110011
00000001000010110101011110010011
01000000111110110000101100110011
00000001110000000000000001101111
00000001011000000000011110110011
01000000111100000000011110110011
00000000111100000000011100110011
00000000000001001010011110000011
01000000111101110000011110110011
00000000000101111000101100010011
00000000010001001000010010010011
00000001011010101000101010110011
00000001011010100100101000110011
00000001010110011100100110110011
00000001010110111100100100110011
00000001011011000100101110110011
00000001001000000000110000110011
00000000000000010000011110110111
00000000000001111000011110010011
11111111111101111000011110010011
00000000111110100111101000110011
00000000000001001010011110000011
00000010111110100000100100110011
00000010000010010000010001100011
00000000000000010000011110110111
00000000000001111000011110010011
11111111111101111000011110010011
00000000111110010111011100110011
00000001000010010101011110010011
01000000111101110000101000110011
00000001000010100101011110010011
01000000111110100000101000110011
00000001110000000000000001101111
00000001010000000000011110110011
01000000111100000000011110110011
00000000111100000000011100110011
00000000000001001010011110000011
01000000111101110000011110110011
00000000000101111000101000010011
00000000010001001000010010010011
00000000100100000000011110110011
00000000010001111000010010010011
00000000000001111010011110000011
00000000111110111000101110110011
00000000100100000000011110110011
00000000010001111000010010010011
00000000000001111010011110000011
00000000111111000000110000110011
00000000000000010000011110110111
00000000000001111000011110010011
11111111111101111000011110010011
00000000111110011111100110110011
00000000000001001010011110000011
00000010111110011000100100110011
00000010000010010000010001100011
00000000000000010000011110110111
00000000000001111000011110010011
11111111111101111000011110010011
00000000111110010111011100110011
00000001000010010101011110010011
01000000111101110000100110110011
00000001000010011101011110010011
01000000111110011000100110110011
00000001110000000000000001101111
00000001001100000000011110110011
01000000111100000000011110110011
00000000111100000000011100110011
00000000000001001010011110000011
01000000111101110000011110110011
00000000000101111000100110010011
00000000010001001000010010010011
00000001100010100100011100110011
00000000000000010000011110110111
00000000000001111000011110010011
11111111111101111000011110010011
00000000111101110111101010110011
00000000000001001010011110000011
00000010111110101000100100110011
00000010000010010000010001100011
00000000000000010000011110110111
00000000000001111000011110010011
11111111111101111000011110010011
00000000111110010111011100110011
00000001000010010101011110010011
01000000111101110000101010110011
00000001000010101101011110010011
01000000111110101000101010110011
00000001110000000000000001101111
00000001010100000000011110110011
01000000111100000000011110110011
00000000111100000000011100110011
00000000000001001010011110000011
01000000111101110000011110110011
00000000000101111000101010010011
00000000010001001000010010010011
00000001001110111100011110110011
00000000111110101000011100110011
00000000000000010000011110110111
00000000000001111000011110010011
11111111111101111000011110010011
00000000111101110111101100110011
00000000000001001010011110000011
00000010111110110000100100110011
00000010000010010000010001100011
00000000000000010000011110110111
00000000000001111000011110010011
11111111111101111000011110010011
00000000111110010111011100110011
00000001000010010101011110010011
01000000111101110000101100110011
00000001000010110101011110010011
01000000111110110000101100110011
00000001110000000000000001101111
00000001011000000000011110110011
01000000111100000000011110110011
00000000111100000000011100110011
00000000000001001010011110000011
01000000111101110000011110110011
00000000000101111000101100010011
00000000010001001000010010010011
00000001011010101000101010110011
00000001011010100100101000110011
00000001010110011100100110110011
00000001010110111100100100110011
00000001011011000100101110110011
00000001001000000000110000110011
00000000000000010000011110110111
00000000000001111000011110010011
11111111111101111000011110010011
00000000111110100111101000110011
00000000000001001010011110000011
00000010111110100000100100110011
00000010000010010000010001100011
00000000000000010000011110110111
00000000000001111000011110010011
11111111111101111000011110010011
00000000111110010111011100110011
00000001000010010101011110010011
01000000111101110000101000110011
00000001000010100101011110010011
01000000111110100000101000110011
00000001110000000000000001101111
00000001010000000000011110110011
01000000111100000000011110110011
00000000111100000000011100110011
00000000000001001010011110000011
01000000111101110000011110110011
00000000000101111000101000010011
00000000010001001000010010010011
00000000100100000000011110110011
00000000010001111000010010010011
00000000000001111010011110000011
00000000111110111000101110110011
00000000100100000000011110110011
00000000010001111000010010010011
00000000000001111010011110000011
00000000111111000000110000110011
00000000000000010000011110110111
00000000000001111000011110010011
11111111111101111000011110010011
00000000111110011111100110110011
00000000000001001010011110000011
00000010111110011000100100110011
00000010000010010000010001100011
00000000000000010000011110110111
00000000000001111000011110010011
11111111111101111000011110010011
00000000111110010111011100110011
00000001000010010101011110010011
01000000111101110000100110110011
00000001000010011101011110010011
01000000111110011000100110110011
00000001110000000000000001101111
00000001001100000000011110110011
01000000111100000000011110110011
00000000111100000000011100110011
00000000000001001010011110000011
01000000111101110000011110110011
00000000000101111000100110010011
00000000010001001000010010010011
00000001100010100100011100110011
00000000000000010000011110110111
00000000000001111000011110010011
11111111111101111000011110010011
00000000111101110111101010110011
00000000000001001010011110000011
00000010111110101000100100110011
00000010000010010000010001100011
00000000000000010000011110110111
00000000000001111000011110010011
11111111111101111000011110010011
00000000111110010111011100110011
00000001000010010101011110010011
01000000111101110000101010110011
00000001000010101101011110010011
01000000111110101000101010110011
00000001110000000000000001101111
00000001010100000000011110110011
01000000111100000000011110110011
00000000111100000000011100110011
00000000000001001010011110000011
01000000111101110000011110110011
00000000000101111000101010010011
00000000010001001000010010010011
00000001001110111100011110110011
00000000111110101000011100110011
00000000000000010000011110110111
00000000000001111000011110010011
11111111111101111000011110010011
00000000111101110111101100110011
00000000000001001010011110000011
00000010111110110000100100110011
00000010000010010000010001100011
00000000000000010000011110110111
00000000000001111000011110010011
11111111111101111000011110010011
00000000111110010111011100110011
00000001000010010101011110010011
01000000111101110000101100110011
00000001000010110101011110010011
01000000111110110000101100110011
00000001110000000000000001101111
00000001011000000000011110110011
01000000111100000000011110110011
00000000111100000000011100110011
00000000000001001010011110000011
01000000111101110000011110110011
00000000000101111000101100010011
00000000010001001000010010010011
00000001011010101000101010110011
00000001011010100100101000110011
00000001010110011100100110110011
00000001010110111100100100110011
00000001011011000100101110110011
00000001001000000000110000110011
00000000000000010000011110110111
00000000000001111000011110010011
11111111111101111000011110010011
00000000111110100111101000110011
00000000000001001010011110000011
00000010111110100000100100110011
00000010000010010000010001100011
00000000000000010000011110110111
00000000000001111000011110010011
11111111111101111000011110010011
00000000111110010111011100110011
00000001000010010101011110010011
01000000111101110000101000110011
00000001000010100101011110010011
01000000111110100000101000110011
00000001110000000000000001101111
00000001010000000000011110110011
01000000111100000000011110110011
00000000111100000000011100110011
00000000000001001010011110000011
01000000111101110000011110110011
00000000000101111000101000010011
00000000010001001000010010010011
00000000100100000000011110110011
00000000010001111000010010010011
00000000000001111010011110000011
00000000111110111000101110110011
00000000100100000000011110110011
00000000010001111000010010010011
00000000000001111010011110000011
00000000111111000000110000110011
00000000000000010000011110110111
00000000000001111000011110010011
11111111111101111000011110010011
00000000111110011111100110110011
00000000000001001010011110000011
00000010111110011000100100110011
00000010000010010000010001100011
00000000000000010000011110110111
00000000000001111000011110010011
11111111111101111000011110010011
00000000111110010111011100110011
00000001000010010101011110010011
01000000111101110000100110110011
00000001000010011101011110010011
01000000111110011000100110110011
00000001110000000000000001101111
00000001001100000000011110110011
01000000111100000000011110110011
00000000111100000000011100110011
00000000000001001010011110000011
01000000111101110000011110110011
00000000000101111000100110010011
00000000010001001000010010010011
00000001100010100100011100110011
00000000000000010000011110110111
00000000000001111000011110010011
11111111111101111000011110010011
00000000111101110111101010110011
00000000000001001010011110000011
00000010111110101000100100110011
00000010000010010000010001100011
00000000000000010000011110110111
00000000000001111000011110010011
11111111111101111000011110010011
00000000111110010111011100110011
00000001000010010101011110010011
01000000111101110000101010110011
00000001000010101101011110010011
01000000111110101000101010110011
00000001110000000000000001101111
00000001010100000000011110110011
01000000111100000000011110110011
00000000111100000000011100110011
00000000000001001010011110000011
01000000111101110000011110110011
00000000000101111000101010010011
00000000010001001000010010010011
00000001001110111100011110110011
00000000111110101000011100110011
00000000000000010000011110110111
00000000000001111000011110010011
11111111111101111000011110010011
00000000111101110111101100110011
00000000000001001010011110000011
00000010111110110000100100110011
00000010000010010000010001100011
00000000000000010000011110110111
00000000000001111000011110010011
11111111111101111000011110010011
00000000111110010111011100110011
00000001000010010101011110010011
01000000111101110000101100110011
00000001000010110101011110010011
01000000111110110000101100110011
00000001110000000000000001101111
00000001011000000000011110110011
01000000111100000000011110110011
00000000111100000000011100110011
00000000000001001010011110000011
01000000111101110000011110110011
00000000000101111000101100010011
00000000010001001000010010010011
00000001011010101000101010110011
00000001011010100100101000110011
00000001010110011100100110110011
00000001010110111100100100110011
00000001011011000100101110110011
00000001001000000000110000110011
00000000000000010000011110110111
00000000000001111000011110010011
11111111111101111000011110010011
00000000111110100111101000110011
00000000000001001010011110000011
00000010111110100000100100110011
00000010000010010000010001100011
00000000000000010000011110110111
00000000000001111000011110010011
11111111111101111000011110010011
00000000111110010111011100110011
00000001000010010101011110010011
01000000111101110000101000110011
00000001000010100101011110010011
01000000111110100000101000110011
00000001110000000000000001101111
00000001010000000000011110110011
01000000111100000000011110110011
00000000111100000000011100110011
00000000000001001010011110000011
01000000111101110000011110110011
00000000000101111000101000010011
00000000010001001000010010010011
00000000100100000000011110110011
00000000010001111000010010010011
00000000000001111010011110000011
00000000111111000000101010110011
00000000100100000000011110110011
00000000010001111000010010010011
00000000000001111010011110000011
00000000111110111000101100110011
00000000000000010000011110110111
00000000000001111000011110010011
11111111111101111000011110010011
00000000111110011111100110110011
00000000000001001010011110000011
00000010111110011000100100110011
00000010000010010000010001100011
00000000000000010000011110110111
00000000000001111000011110010011
11111111111101111000011110010011
00000000111110010111011100110011
00000001000010010101011110010011
01000000111101110000100110110011
00000001000010011101011110010011
01000000111110011000100110110011
00000001110000000000000001101111
00000001001100000000011110110011
01000000111100000000011110110011
00000000111100000000011100110011
00000000000001001010011110000011
01000000111101110000011110110011
00000000000101111000100110010011
00000000000000010000011110110111
00000000000001111000011110010011
11111111111101111000011110010011
00000000111110101111011100110011
00000001000010100001011110010011
00000000111101110110011100110011
11111100110001000010011110000011
00000000111001111010000000100011
00000000000000010000011110110111
00000000000001111000011110010011
11111111111101111000011110010011
00000000111110011111011010110011
00000001000010110001011100010011
11111100110001000010011110000011
00000000010001111000011110010011
00000000111001101110011100110011
00000000111001111010000000100011
00000000000000000000000000010011
00000011110000010010010000000011
00000011100000010010010010000011
00000011010000010010100100000011
00000011000000010010100110000011
00000010110000010010101000000011
00000010100000010010101010000011
00000010010000010010101100000011
00000010000000010010101110000011
00000001110000010010110000000011
00000100000000010000000100010011
00000000000000001000000001100111
