11111010000000010000000100010011
00000100100000010010111000100011
00000110000000010000010000010011
11111010101001000010011000100011
11111010101101000010010000100011
11111010110001000010001000100011
11111010100001000010011110000011
00000000001101111000011110010011
01000001111101111101011100010011
00000000001101110111011100010011
00000000111101110000011110110011
01000000001001111101011110010011
11111111111101111000011110010011
00000000001001111001011110010011
11111111000001000000011100010011
00000000111101110000011110110011
11111100000001111010010000100011
11111010100001000010011110000011
11111111111101111000011110010011
11111110111101000010011000100011
00000111010000000000000001101111
11111110110001000010011110000011
01000001111101111101011100010011
00000000001101110111011100010011
00000000111101110000011110110011
01000000001001111101011110010011
00000000001001111001011110010011
11111111000001000000011100010011
00000000111101110000011110110011
11111100100001111010011110000011
00000000100001111001011100010011
11111110110001000010011110000011
11111010110001000010011010000011
00000000111101101000011110110011
00000000000001111100011110000011
00000000111100000000011000110011
11111110110001000010011110000011
01000001111101111101011010010011
00000000001101101111011010010011
00000000111101101000011110110011
01000000001001111101011110010011
00000000110001110000011100110011
00000000001001111001011110010011
11111111000001000000011010010011
00000000111101101000011110110011
11111100111001111010010000100011
11111110110001000010011110000011
11111111111101111000011110010011
11111110111101000010011000100011
11111110110001000010011110000011
11111000000001111101011011100011
11111010010001000010011110000011
10110111111000010101011100110111
00000000000001110000011100010011
00010110001101110000011100010011
00000000111001111010000000100011
00000000000100000000011110010011
11111110111101000010011000100011
00000101100000000000000001101111
11111110110001000010011100000011
01000000000000000000011110110111
00000000000001111000011110010011
11111111111101111000011110010011
00000000111101110000011110110011
00000000001001111001011110010011
11111010010001000010011100000011
00000000111101110000011110110011
00000000000001111010011010000011
11111110110001000010011110000011
00000000001001111001011110010011
11111010010001000010011100000011
00000000111101110000011110110011
10011110001101111000011100110111
00000000000001110000011100010011
10011011100101110000011100010011
00000000111001101000011100110011
00000000111001111010000000100011
11111110110001000010011110000011
00000000000101111000011110010011
11111110111101000010011000100011
11111110110001000010011100000011
00000010101100000000011110010011
11111010111001111101001011100011
11111110000001000010010000100011
11111110100001000010011110000011
11111110111101000010011000100011
11111110110001000010011110000011
11111100111101000010110000100011
11111101100001000010011110000011
11111100111101000010111000100011
00000010110000000000011110010011
11111110111101000010000000100011
11111010100001000010011110000011
00000000001101111000011110010011
01000001111101111101011100010011
00000000001101110111011100010011
00000000111101110000011110110011
01000000001001111101011110010011
00000000111100000000011100110011
11111110000001000010011110000011
00000010111001111101000001100011
11111010100001000010011110000011
00000000001101111000011110010011
01000001111101111101011100010011
00000000001101110111011100010011
00000000111101110000011110110011
01000000001001111101011110010011
11111110111101000010000000100011
11111110000001000010011100000011
00000000111000000000011110110011
00000000000101111001011110010011
00000000111001111000011110110011
11111110111101000010000000100011
00000000000100000000011110010011
11111110111101000010001000100011
00010000110000000000000001101111
11111110110001000010011110000011
00000000001001111001011110010011
11111010010001000010011100000011
00000000111101110000011110110011
00000000000001111010011100000011
11111101110001000010011110000011
00000000111101110000011100110011
11111101100001000010011110000011
00000000111101110000011110110011
11111110110001000010011100000011
00000000001001110001011100010011
11111010010001000010011010000011
00000000111001101000011100110011
00000000001101111001011010010011
00000001110101111101011110010011
00000000110101111110011110110011
00000000111101110010000000100011
00000000000001110010011110000011
11111100111101000010111000100011
11111110100001000010011110000011
00000000001001111001011110010011
11111111000001000000011100010011
00000000111101110000011110110011
11111100100001111010011100000011
11111101110001000010011110000011
00000000111101110000011100110011
11111101100001000010011110000011
00000000111101110000011110110011
11111101110001000010011010000011
11111101100001000010011100000011
00000000111001101000011100110011
00000001111101110111011100010011
00000000111001111001011010110011
01000000111000000000011100110011
00000001111101110111011100010011
00000000111001111101011100110011
00000000110101110110011100110011
11111110100001000010011110000011
00000000001001111001011110010011
11111111000001000000011010010011
00000000111101101000011110110011
11111100111001111010010000100011
11111110100001000010011110000011
00000000001001111001011110010011
11111111000001000000011100010011
00000000111101110000011110110011
11111100100001111010011110000011
11111100111101000010110000100011
11111110110001000010011110000011
00000000000101111000011100010011
00000010110000000000011110010011
00000010111101110110011110110011
11111110111101000010011000100011
11111110100001000010011110000011
00000000000101111000011100010011
11111010100001000010011110000011
00000000001101111000011110010011
01000001111101111101011010010011
00000000001101101111011010010011
00000000111101101000011110110011
01000000001001111101011110010011
00000010111101110110011110110011
11111110111101000010010000100011
11111110010001000010011110000011
00000000000101111000011110010011
11111110111101000010001000100011
11111110010001000010011100000011
11111110000001000010011110000011
11101110111001111101100011100011
00000000000000000000000000010011
00000000000000000000000000010011
00000101110000010010010000000011
00000110000000010000000100010011
00000000000000001000000001100111
11111100000000010000000100010011
00000010100000010010111000100011
00000100000000010000010000010011
11111100101001000010011000100011
11111100101101000010010000100011
11111100110001000010001000100011
11111100110101000010000000100011
00100001000000000000000001101111
11111100110001000010011110000011
00000000000001111010011110000011
11111110111101000010011000100011
11111100110001000010011110000011
00000000010001111010011110000011
11111110111101000010010000100011
11111100110001000010011110000011
00000000100001111010011110000011
11111110111101000010001000100011
11111100110001000010011110000011
00000000110001111010011110000011
11111110111101000010000000100011
11111100000001000010011110000011
00000000000001111010011110000011
11111110100001000010011100000011
00000000111101110000011110110011
11111110111101000010010000100011
11111100000001000010011110000011
00000000010001111000011110010011
00000000000001111010011110000011
11111110000001000010011100000011
00000000111101110000011110110011
11111110111101000010000000100011
00000000001000000000011110010011
11111100111101000010111000100011
00010000110000000000000001101111
11111110100001000010011110000011
00000000000101111001011110010011
00000000000101111000011100010011
11111110100001000010011110000011
00000010111101110000011110110011
00000000010101111001011100010011
00000001101101111101011110010011
00000000111101110110011110110011
11111100111101000010110000100011
11111110000001000010011110000011
00000000000101111001011110010011
00000000000101111000011100010011
11111110000001000010011110000011
00000010111101110000011110110011
00000000010101111001011100010011
00000001101101111101011110010011
00000000111101110110011110110011
11111100111101000010101000100011
11111110110001000010011100000011
11111101100001000010011110000011
00000000111101110100011110110011
11111101010001000010011100000011
00000001111101110111011100010011
00000000111001111001011010110011
01000000111000000000011100110011
00000001111101110111011100010011
00000000111001111101011110110011
00000000110101111110011110110011
11111101110001000010011100000011
00000000001001110001011100010011
11111100000001000010011010000011
00000000111001101000011100110011
00000000000001110010011100000011
00000000111001111000011110110011
11111110111101000010011000100011
11111110010001000010011100000011
11111101010001000010011110000011
00000000111101110100011110110011
11111101100001000010011100000011
00000001111101110111011100010011
00000000111001111001011010110011
01000000111000000000011100110011
00000001111101110111011100010011
00000000111001111101011110110011
00000000110101111110011110110011
11111101110001000010011100000011
00000000000101110000011100010011
00000000001001110001011100010011
11111100000001000010011010000011
00000000111001101000011100110011
00000000000001110010011100000011
00000000111001111000011110110011
11111110111101000010001000100011
11111110110001000010011110000011
11111100111101000010100000100011
11111110100001000010011110000011
11111110111101000010011000100011
11111110010001000010011110000011
11111110111101000010010000100011
11111110000001000010011110000011
11111110111101000010001000100011
11111101000001000010011110000011
11111110111101000010000000100011
11111101110001000010011110000011
00000000001001111000011110010011
11111100111101000010111000100011
11111101110001000010011100000011
00000010100000000000011110010011
11101110111001111101100011100011
11111100000001000010011110000011
00001010100001111000011110010011
00000000000001111010011110000011
11111110110001000010011100000011
00000000111101110000011110110011
11111110111101000010011000100011
11111100000001000010011110000011
00001010110001111000011110010011
00000000000001111010011110000011
11111110010001000010011100000011
00000000111101110000011110110011
11111110111101000010001000100011
11111100100001000010011110000011
11111110110001000010011100000011
00000000111001111010000000100011
11111100100001000010011110000011
00000000010001111000011110010011
11111110100001000010011100000011
00000000111001111010000000100011
11111100100001000010011110000011
00000000100001111000011110010011
11111110010001000010011100000011
00000000111001111010000000100011
11111100100001000010011110000011
00000000110001111000011110010011
11111110000001000010011100000011
00000000111001111010000000100011
11111100010001000010011110000011
11111111111101111000011110010011
11111100111101000010001000100011
11111100110001000010011110000011
00000000010001111000011110010011
11111100111101000010011000100011
11111100100001000010011110000011
00000000010001111000011110010011
11111100111101000010010000100011
11111100010001000010011110000011
11011110111100000100100011100011
00000000000000000000000000010011
00000000000000000000000000010011
00000011110000010010010000000011
00000100000000010000000100010011
00000000000000001000000001100111
11111100000000010000000100010011
00000010100000010010111000100011
00000100000000010000010000010011
11111100101001000010011000100011
11111100101101000010010000100011
11111100110001000010001000100011
11111100110101000010000000100011
00100001000000000000000001101111
11111100110001000010011110000011
00000000000001111010011110000011
11111110111101000010011000100011
11111100110001000010011110000011
00000000010001111010011110000011
11111110111101000010010000100011
11111100110001000010011110000011
00000000100001111010011110000011
11111110111101000010001000100011
11111100110001000010011110000011
00000000110001111010011110000011
11111110111101000010000000100011
11111100000001000010011110000011
00001010110001111000011110010011
00000000000001111010011110000011
11111110010001000010011100000011
01000000111101110000011110110011
11111110111101000010001000100011
11111100000001000010011110000011
00001010100001111000011110010011
00000000000001111010011110000011
11111110110001000010011100000011
01000000111101110000011110110011
11111110111101000010011000100011
00000010100000000000011110010011
11111100111101000010111000100011
00010000110000000000000001101111
11111110000001000010011110000011
11111100111101000010110000100011
11111110010001000010011110000011
11111110111101000010000000100011
11111110100001000010011110000011
11111110111101000010001000100011
11111110110001000010011110000011
11111110111101000010010000100011
11111101100001000010011110000011
11111110111101000010011000100011
11111110000001000010011110000011
00000000000101111001011110010011
00000000000101111000011100010011
11111110000001000010011110000011
00000010111101110000011110110011
00000000010101111001011100010011
00000001101101111101011110010011
00000000111101110110011110110011
11111100111101000010101000100011
11111110100001000010011110000011
00000000000101111001011110010011
00000000000101111000011100010011
11111110100001000010011110000011
00000010111101110000011110110011
00000000010101111001011100010011
00000001101101111101011110010011
00000000111101110110011110110011
11111100111101000010100000100011
11111101110001000010011110000011
00000000000101111000011110010011
00000000001001111001011110010011
11111100000001000010011100000011
00000000111101110000011110110011
00000000000001111010011110000011
11111110010001000010011100000011
01000000111101110000011110110011
11111101000001000010011100000011
00000001111101110111011100010011
00000000111001111101011010110011
01000000111000000000011100110011
00000001111101110111011100010011
00000000111001111001011110110011
00000000110101111110011110110011
11111101010001000010011100000011
00000000111101110100011110110011
11111110111101000010001000100011
11111101110001000010011110000011
00000000001001111001011110010011
11111100000001000010011100000011
00000000111101110000011110110011
00000000000001111010011110000011
11111110110001000010011100000011
01000000111101110000011110110011
11111101010001000010011100000011
00000001111101110111011100010011
00000000111001111101011010110011
01000000111000000000011100110011
00000001111101110111011100010011
00000000111001111001011110110011
00000000110101111110011110110011
11111101000001000010011100000011
00000000111101110100011110110011
11111110111101000010011000100011
11111101110001000010011110000011
11111111111001111000011110010011
11111100111101000010111000100011
11111101110001000010011100000011
00000000000100000000011110010011
11101110111001111100100011100011
11111100000001000010011110000011
00000000010001111000011110010011
00000000000001111010011110000011
11111110000001000010011100000011
01000000111101110000011110110011
11111110111101000010000000100011
11111100000001000010011110000011
00000000000001111010011110000011
11111110100001000010011100000011
01000000111101110000011110110011
11111110111101000010010000100011
11111100100001000010011110000011
11111110110001000010011100000011
00000000111001111010000000100011
11111100100001000010011110000011
00000000010001111000011110010011
11111110100001000010011100000011
00000000111001111010000000100011
11111100100001000010011110000011
00000000100001111000011110010011
11111110010001000010011100000011
00000000111001111010000000100011
11111100100001000010011110000011
00000000110001111000011110010011
11111110000001000010011100000011
00000000111001111010000000100011
11111100010001000010011110000011
11111111111101111000011110010011
11111100111101000010001000100011
11111100110001000010011110000011
00000000010001111000011110010011
11111100111101000010011000100011
11111100100001000010011110000011
00000000010001111000011110010011
11111100111101000010010000100011
11111100010001000010011110000011
11011110111100000100100011100011
00000000000000000000000000010011
00000000000000000000000000010011
00000011110000010010010000000011
00000100000000010000000100010011
00000000000000001000000001100111
