11111101000000010000000100010011
00000010100000010010011000100011
00000011000000010000010000010011
11111100101001000010111000100011
11111100101101000010110000100011
11111110000001000000011110100011
11111110000001000010010000100011
00000010110000000000000001101111
11111101110001000010011100000011
11111110100001000010011110000011
00000000111101110000011110110011
00000000000001111100011100000011
11111110111101000100011110000011
00000000111101110100011110110011
11111110111101000000011110100011
11111110100001000010011110000011
00000000000101111000011110010011
11111110111101000010010000100011
11111110100001000010011100000011
11111101100001000010011110000011
11111100111101110110100011100011
11111110111101000100011110000011
00000000111100000000010100110011
00000010110000010010010000000011
00000011000000010000000100010011
00000000000000001000000001100111
11111100000000010000000100010011
00000010000100010010111000100011
00000010100000010010110000100011
00000010100100010010101000100011
00000100000000010000010000010011
11111100101001000010111000100011
11111100101101000010110000100011
11111100110101000010100000100011
11111100111101000010011000100011
11111101000001000010010000100011
00000000110000000000011110110011
11111100111101000000101110100011
00000000111000000000011110110011
11111100111101000000101100100011
11111101011101000100011110000011
00000000010001111000011110010011
11111110111101000010011000100011
11111101100001000010011110000011
00000000000001111000000000100011
11111101011001000100011110000011
00000000011001111001011110010011
00001111111101111111011100010011
11111101100001000010011110000011
00000000000101111000011110010011
00000100000001110111011100010011
00001111111101110111011100010011
00000000111001111000000000100011
11111100110001000010011110000011
00000010000001111000001001100011
11111101100001000010011110000011
00000000000101111000011110010011
00000000000001111100011100000011
11111101100001000010011110000011
00000000000101111000011110010011
00000010000001110110011100010011
00001111111101110111011100010011
00000000111001111000000000100011
11111101100001000010011110000011
00000000001001111000011110010011
11111101011101000100011100000011
00000000111001111000000000100011
11111101011101000100011110000011
00000010000001111000000001100011
11111101100001000010011110000011
00000000001101111000011110010011
11111101011101000100011100000011
00000000111000000000011000110011
11111101000001000010010110000011
00000000111100000000010100110011
00000000000000000000000000010011
11111101011101000100011110000011
00000000001101111000011110010011
00000000111100000000011010110011
11111101011101000100011110000011
00000000001101111000011110010011
11111101100001000010011100000011
00000000111101110000010010110011
00000000110100000000010110110011
11111101100001000010010100000011
00000000000000000000000000010011
00000000101000000000011110110011
00000000111101001000000000100011
11111110110001000010010110000011
11111100100001000010011110000011
00000000000000000000011100010011
11111101100001000010011010000011
00000000000000000000011000010011
11111101110001000010010100000011
00000000000000000000000000010011
00000000101000000000011110110011
00000000111100000000010100110011
00000011110000010010000010000011
00000011100000010010010000000011
00000011010000010010010010000011
00000100000000010000000100010011
00000000000000001000000001100111
11111101000000010000000100010011
00000010000100010010011000100011
00000010100000010010010000100011
00000010100100010010001000100011
00000011000000010000010000010011
11111100101001000010111000100011
11111100101101000010110000100011
00000000110000000000011110110011
11111100111001000010100000100011
11111100111101000000101110100011
00000000110100000000011110110011
11111100111101000000101100100011
00000000010000000000011110010011
11111110111101000010011000100011
11111101100001000010011110000011
00000000000001111000000000100011
11111101011001000100011110000011
00000000010001111001011110010011
00000001100001111001011110010011
01000001100001111101011110010011
00000001000001111111011110010011
00000001100001111001011100010011
01000001100001110101011100010011
11111101011101000000011110000011
00000000111101110110011110110011
00000001100001111001011100010011
01000001100001110101011100010011
11111101100001000010011110000011
00000000000101111000011110010011
00001111111101110111011100010011
00000000111001111000000000100011
11111101100001000010011110000011
00000000001001111000011110010011
00000000000001111000000000100011
11111101100001000010011110000011
00000000001101111000010010010011
00000000001100000000010110010011
11111101100001000010010100000011
00000000000000000000000000010011
00000000101000000000011110110011
00000000111101001000000000100011
11111110110001000010010110000011
11111101000001000010011110000011
00000000000000000000011100010011
11111101100001000010011010000011
00000000000000000000011000010011
11111101110001000010010100000011
00000000000000000000000000010011
00000000101000000000011110110011
00000000111100000000010100110011
00000010110000010010000010000011
00000010100000010010010000000011
00000010010000010010010010000011
00000011000000010000000100010011
00000000000000001000000001100111
11111100000000010000000100010011
00000010000100010010111000100011
00000010100000010010110000100011
00000010100100010010101000100011
00000100000000010000010000010011
11111100101001000010111000100011
11111100101101000010110000100011
11111100111001000010100000100011
11111100111101000010011000100011
00000000110000000000011110110011
11111100111101000000101110100011
00000000110100000000011110110011
11111100111101000000101100100011
11111101011001000100011110000011
00000000010001111000011110010011
11111110111101000010011000100011
11111101100001000010011110000011
00000000000001111000000000100011
11111101100001000010011110000011
00000000000101111000011110010011
11111101011101000100011100000011
00000000111001111000000000100011
11111101100001000010011110000011
00000000001001111000011110010011
11111101011001000100011100000011
00000000111001111000000000100011
11111101011001000100011110000011
00000010000001111000000001100011
11111101100001000010011110000011
00000000001101111000011110010011
11111101011001000100011100000011
00000000111000000000011000110011
11111101000001000010010110000011
00000000111100000000010100110011
00000000000000000000000000010011
11111101011001000100011110000011
00000000001101111000011110010011
00000000111100000000011010110011
11111101011001000100011110000011
00000000001101111000011110010011
11111101100001000010011100000011
00000000111101110000010010110011
00000000110100000000010110110011
11111101100001000010010100000011
00000000000000000000000000010011
00000000101000000000011110110011
00000000111101001000000000100011
11111110110001000010010110000011
11111100110001000010011110000011
00000000000000000000011100010011
11111101100001000010011010000011
00000000000000000000011000010011
11111101110001000010010100000011
00000000000000000000000000010011
00000000101000000000011110110011
00000000111100000000010100110011
00000011110000010010000010000011
00000011100000010010010000000011
00000011010000010010010010000011
00000100000000010000000100010011
00000000000000001000000001100111
11111100000000010000000100010011
00000010000100010010111000100011
00000010100000010010110000100011
00000100000000010000010000010011
11111100101001000010111000100011
11111100101101000010110000100011
11111100110001000010101000100011
11111100110101000010100000100011
11111100111001000010011000100011
11111100110001000010011100000011
00000000000000000000011010010011
11111101100001000010011000000011
00000000010000000000010110010011
11111101110001000010010100000011
00000000000000000000000000010011
00000000101000000000011110110011
00000000000001111000100001100011
00000000000100000000011110010011
11111110111101000010011000100011
00001001000000000000000001101111
11111101100001000010011110000011
00000000001001111000011110010011
00000000000001111100011110000011
11111110111101000010010000100011
11111110100001000010011110000011
00000110000001111000010001100011
11111110100001000010011110000011
00001111111100000000011100010011
00000000111101110101010001100011
00001111111100000000011110010011
00000000010001111000011110010011
00000000111100000000011100110011
11111101010001000010011110000011
00000000111001111010000000100011
11111101010001000010011110000011
00000000000001111010011110000011
11111111110001111000010110010011
11111101100001000010011110000011
00000000010001111000011110010011
11111100110001000010011100000011
00000000000000000000011010010011
00000000111100000000011000110011
11111101110001000010010100000011
00000000000000000000000000010011
00000000101000000000011110110011
00000000000001111000100001100011
00000000000100000000011110010011
11111110111101000010011000100011
00000001110000000000000001101111
11111110000001000010011000100011
00000001010000000000000001101111
11111110000001000010011000100011
11111101010001000010011110000011
00000000010000000000011100010011
00000000111001111010000000100011
11111101100001000010011110000011
00000000000101111000011110010011
00000000000001111100011110000011
00000001100001111001011110010011
01000001100001111101011110010011
00000000000001111101111001100011
11111101100001000010011110000011
00000000000101111000011110010011
00000000000001111100011110000011
11111110111101111111011110010011
00001111111101111111011110010011
00000000100000000000000001101111
00000000000000000000011110010011
11111101000001000010011100000011
00000000111101110000000000100011
11111110110001000010011110000011
00000000111100000000010100110011
00000011110000010010000010000011
00000011100000010010010000000011
00000100000000010000000100010011
00000000000000001000000001100111
11101011000000010000000100010011
00010100000100010010011000100011
00010100100000010010010000100011
00010101000000010000010000010011
11101100101001000010011000100011
11101100101101000010010000100011
00000000110000000000011110110011
11101100110101000010000000100011
11101010111001000010111000100011
11101100111101000001001100100011
11101100000001000010101000100011
11101100100001000010011110000011
00000000000101111000011110010011
00000000000001111100011100000011
00001100000100000000011110010011
00001110111101110001011001100011
11101100100001000010011110000011
00000000001101111100011110000011
11101100111101000000100110100011
11101100110001000010011100000011
00000000000000000001011110110111
00000000000001111000011110010011
00000000111101110000011110110011
00011111100001111010011110000011
00000000111100000000010110110011
11101100110001000010010100000011
00000000000000000000000000010011
11111110101001000010000000100011
11111110000001000010011110000011
11101101001101000000011100010011
11101101110001000000010110010011
00000000000100000000011010010011
00001100000100000000011000010011
11101100110001000010010100000011
00000000000000000000000000010011
11111110101001000010010000100011
11101101001101000100011110000011
00000000111100000000011010110011
00010000000000010000011110110111
00000000000001111000011000010011
00000001000000000000010110010011
11101100110001000010010100000011
00000000000000000000000000010011
11101100110001000010011100000011
00000000000000000001011110110111
00000000000001111000011110010011
00000000111101110000011110110011
00011111010001111010011110000011
00000000111100000000010110110011
11101100110001000010010100000011
00000000000000000000000000010011
11111110101001000010000000100011
11111110000001000010011100000011
11101101101101000000011010010011
11101101010001000000011000010011
11101101110001000000011110010011
00000000111100000000010110110011
11101100110001000010010100000011
00000000000000000000000000010011
11111110101001000010010000100011
11111110100001000010011110000011
00000010000001111001011001100011
11101101101101000100011100000011
00001110000100000000011110010011
00000010111101110001000001100011
11101101111101000100011110000011
00000000111100000000011010110011
00010000000000010000011110110111
00000010110001111000011000010011
00000001000000000000010110010011
11101100110001000010010100000011
00000000000000000000000000010011
11111110100001000010011110000011
01101110110000000000000001101111
11101100100001000010011110000011
00000000000101111000011110010011
00000000000001111100011100000011
00001100000000000000011110010011
00001110111101110001001001100011
11101100110001000010011100000011
00000000000000000001011110110111
00000000000001111000011110010011
00000000111101110000011110110011
00011111100001111010011110000011
00000000111100000000010110110011
11101100110001000010010100000011
00000000000000000000000000010011
11111110101001000010000000100011
11111110000001000010011110000011
11101101110001000000010110010011
00000000000000000000011100010011
00000000000000000000011010010011
00001100000000000000011000010011
11101100110001000010010100000011
00000000000000000000000000010011
11111110101001000010010000100011
00010000000000010000011110110111
00000101110001111000011000010011
00000001000000000000010110010011
11101100110001000010010100000011
00000000000000000000000000010011
11101100110001000010011100000011
00000000000000000001011110110111
00000000000001111000011110010011
00000000111101110000011110110011
00011111010001111010011110000011
00000000111100000000010110110011
11101100110001000010010100000011
00000000000000000000000000010011
11111110101001000010000000100011
11111110000001000010011100000011
11101101101101000000011010010011
11101101010001000000011000010011
11101101110001000000011110010011
00000000111100000000010110110011
11101100110001000010010100000011
00000000000000000000000000010011
11111110101001000010010000100011
11111110100001000010011110000011
00000010000001111001110001100011
11101101101101000100011100000011
00001110000000000000011110010011
00000010111101110001011001100011
00010000000000010000011110110111
00001000100001111000011000010011
00000001000000000000010110010011
11101100110001000010010100000011
00000000000000000000000000010011
11101100110001000010011100000011
00000000000000000001011110110111
00000000000001111000011110010011
00000000111101110000011110110011
00100000000001111000000100100011
11111110100001000010011110000011
01011111100000000000000001101111
11111110000001000001011000100011
11101100110001000010011100000011
00000000000000000001011110110111
00000000000001111000011110010011
00000000111101110000011110110011
00100000000001111101011110000011
00000000111100000000011000110011
11101100011001000101011110000011
00000001000001111001011010010011
00000001000001101101011010010011
00000001000001100001011100010011
00000001000001110101011100010011
00000000110101110111010001100011
00000000110000000000011110110011
00000001000001111001011110010011
00000001000001111101011110010011
11111110111101000000011110100011
11101100110001000010011100000011
00000000000000000001011110110111
00000000000001111000011110010011
00000000111101110000011110110011
00100000000001111101011110000011
11101100011001000101011100000011
00000000111001111011011110110011
11111110111101000000001110100011
11101100110001000010011100000011
00000000000000000001011110110111
00000000000001111000011110010011
00000000111101110000011110110011
00100000001001111100011110000011
11111111111101111000011110010011
00000000111100000011011110110011
00001111111101111111011110010011
00000000111100000000011010110011
11101100110001000010011100000011
00000000000000000001011110110111
00000000000001111000011110010011
00000000111101110000011110110011
00100000110101111000000100100011
11101100110001000010011100000011
00000000000000000001011110110111
00000000000001111000011110010011
00000000111101110000011110110011
00011111100001111010011110000011
00000000111100000000010110110011
11101100110001000010010100000011
00000000000000000000000000010011
11111110101001000010000000100011
11101100110001000010011100000011
00000000000000000001011110110111
00000000000001111000011110010011
00000000111101110000011110110011
00100000001001111100011100000011
11111110011101000100011110000011
11111110000001000010011010000011
11111110111101000100011000000011
11101101110001000000010110010011
00000000110100000000100000110011
11101100100001000010011010000011
11101100110001000010010100000011
00000000000000000000000000010011
11111110101001000010010000100011
11101100110001000010011100000011
00000000000000000001011110110111
00000000000001111000011110010011
00000000111101110000011110110011
00100000001001111100011110000011
00000000111100000000011010110011
11111110011101000100011110000011
00000000111100000000011100110011
00010000000000010000011110110111
00001011100001111000011000010011
00000001000000000000010110010011
11101100110001000010010100000011
00000000000000000000000000010011
00100000110000000000000001101111
11101100110001000010011100000011
00000000000000000001011110110111
00000000000001111000011110010011
00000000111101110000011110110011
00011111010001111010011110000011
00000000111100000000010110110011
11101100110001000010010100000011
00000000000000000000000000010011
11111110101001000010000000100011
11111110000001000010011100000011
11101101101101000000011010010011
11101101010001000000011000010011
11101101110001000000011110010011
00000000111100000000010110110011
11101100110001000010010100000011
00000000000000000000000000010011
11111110101001000010010000100011
11111110100001000010011110000011
00011010000001111001001001100011
11101101101101000100011100000011
00001000000000000000011110010011
00010110111101110001101001100011
11101101110101000100011110000011
00000000010001111101011110010011
00001111111101111111011110010011
00000000000101111111011110010011
00000000111100000000011010110011
00010000000000010000011110110111
00001101000001111000011000010011
00000001000000000000010110010011
11101100110001000010010100000011
00000000000000000000000000010011
11101100110001000010011100000011
00000000000000000001011110110111
00000000000001111000011110010011
00000000111101110000011110110011
00100000001001111100011110000011
11111111111101111000011110010011
00000000111100000011011110110011
00001111111101111111011110010011
00000000111100000000011010110011
11101100110001000010011100000011
00000000000000000001011110110111
00000000000001111000011110010011
00000000111101110000011110110011
00100000110101111000000100100011
11111110111101000100011110000011
00000001000001111001011100010011
00000001000001110101011100010011
11111110110001000101011110000011
00000000111101110000011110110011
11111110111101000001011000100011
11101100110001000010011100000011
00000000000000000001011110110111
00000000000001111000011110010011
00000000111101110000011110110011
00100000000001111101011110000011
00000000111100000000011010110011
11101100011001000101011100000011
11111110110001000101011110000011
01000000111101110000011100110011
00000000110100000000011110110011
00000000111101110101010001100011
00000000111000000000011110110011
11111110111101000000011110100011
11101100011001000101011100000011
11111110110001000101011110000011
01000000111101110000011110110011
11101100110001000010011010000011
00000000000000000001011100110111
00000000000001110000011100010011
00000000111001101000011100110011
00100000000001110101011100000011
00000000111101110010011110110011
11111110111101000000001110100011
11101100110001000010011100000011
00000000000000000001011110110111
00000000000001111000011110010011
00000000111101110000011110110011
00011111100001111010011110000011
00000000111100000000010110110011
11101100110001000010010100000011
00000000000000000000000000010011
11111110101001000010000000100011
11111110110001000101011110000011
11101100100001000010011100000011
00000000111101110000011010110011
11101100110001000010011100000011
00000000000000000001011110110111
00000000000001111000011110010011
00000000111101110000011110110011
00100000001001111100011100000011
11111110011101000100011110000011
11111110000001000010010100000011
11111110111101000100011000000011
11101101110001000000010110010011
00000000101000000000100000110011
11101100110001000010010100000011
00000000000000000000000000010011
11111110101001000010010000100011
11101100110001000010011100000011
00000000000000000001011110110111
00000000000001111000011110010011
00000000111101110000011110110011
00100000001001111100011110000011
00000000111100000000011010110011
11111110011101000100011110000011
00000000111100000000011100110011
00010000000000010000011110110111
00001111000001111000011000010011
00000001000000000000010110010011
11101100110001000010010100000011
00000000000000000000000000010011
00000100010000000000000001101111
11101101101101000100011110000011
00000000111100000000011010110011
00010000000000010000011110110111
00010001010001111000011000010011
00000000000100000000010110010011
11101100110001000010010100000011
00000000000000000000000000010011
00000000000100000000011110010011
00101101110000000000000001101111
00010000000000010000011110110111
00010011110001111000011000010011
00000000000100000000010110010011
11101100110001000010010100000011
00000000000000000000000000010011
00000000000100000000011110010011
00101100000000000000000001101111
11111110100001000010011110000011
00000000000001111001011001100011
11111110011101000100011110000011
11011110000001111001011011100011
11111110000001000001011000100011
00000000000100000000011110010011
11111110111101000000001110100011
00000000000100000000011110010011
11101100111101000000110100100011
00100111000000000000000001101111
11101101101001000100011110000011
00000000111100000000011010110011
11101100110001000010011100000011
00000000000000000001011110110111
00000000000001111000011110010011
00000000111101110000011110110011
00011111010001111010011110000011
00000010111101101000011110110011
00000000111100000000010110110011
11101100110001000010010100000011
00000000000000000000000000010011
11111110101001000010000000100011
11111110000001000010011100000011
11101101101101000000011010010011
11101101010001000000011000010011
11101101110001000000011110010011
00000000111100000000010110110011
11101100110001000010010100000011
00000000000000000000000000010011
11111110101001000010010000100011
00000000000100000000011110010011
11101100111101000000110100100011
11111110100001000010011110000011
00100000000001111001100001100011
11101101101101000100011110000011
00010100000001111001100001100011
11101101110101000100011110000011
00000000011001111101011110010011
00001111111101111111011110010011
00000000000101111111011010010011
11101101110101000100011110000011
00000000010101111101011110010011
00001111111101111111011110010011
00000000000101111111011110010011
00000000111100000000011100110011
00010000000000010000011110110111
00010110000001111000011000010011
00000001000000000000010110010011
11101100110001000010010100000011
00000000000000000000000000010011
11101101111001000100011110000011
11111110111101000000011110100011
11101101110101000100011110000011
00000000011001111101011110010011
00001111111101111111011110010011
00000000000101111111011110010011
00000000000101111000011100010011
01000001111101110101011110010011
00000001111101111101011110010011
00000000111101110000011100110011
00000000000101110111011100010011
01000000111101110000011110110011
11111100111101000000111110100011
11111110110001000101011100000011
11111110111101000100011110000011
00000000111101110000011100110011
00010000001100000000011110010011
00000000111001111101011001100011
00000000000100000000011110010011
00011010100000000000000001101111
11111110110001000101011110000011
11101100000001000010011100000011
00000000111101110000011100110011
11101101110001000000011110010011
00000000001101111000011110010011
11111110111101000100011010000011
00000000110100000000011000110011
00000000111100000000010110110011
00000000111000000000010100110011
00000000000000000000000000010011
11111110111101000100011110000011
00000001000001111001011100010011
00000001000001110101011100010011
11111110110001000101011110000011
00000000111101110000011110110011
11111110111101000001011000100011
11101101110101000100011110000011
00000000010101111101011110010011
00001111111101111111011110010011
00000000000101111111011110010011
00000000111100000011011110110011
11111110111101000000001110100011
11111110011101000100011110000011
00010010000001111000000001100011
11101100110001000010011100000011
00000000000000000001011110110111
00000000000001111000011110010011
00000000111101110000011110110011
00011111100001111010011110000011
00000000111100000000010110110011
11101100110001000010010100000011
00000000000000000000000000010011
11111110101001000010000000100011
11111110000001000010011100000011
11111101111101000100011010000011
11101101110001000000011110010011
00001000000000000000011000010011
00000000111100000000010110110011
11101100110001000010010100000011
00000000000000000000000000010011
11111110101001000010010000100011
11111101111101000100011110000011
00000000111100000000011010110011
00010000000000010000011110110111
00011000010001111000011000010011
00000001000000000000010110010011
11101100110001000010010100000011
00000000000000000000000000010011
00001011110000000000000001101111
11101101101101000100011100000011
00001100001100000000011110010011
00001000111101110001011001100011
11101101111101000100011110000011
11101100111101000000110100100011
11101101101001000100011110000011
00000000111100000000011010110011
00010000000000010000011110110111
00011010010001111000011000010011
00000001000000000000010110010011
11101100110001000010010100000011
00000000000000000000000000010011
11101100110001000010011100000011
00000000000000000001011110110111
00000000000001111000011110010011
00000000111101110000011110110011
00011111100001111010011110000011
00000000111100000000010110110011
11101100110001000010010100000011
00000000000000000000000000010011
11111110101001000010000000100011
11111110000001000010011110000011
11101101101001000000011100010011
11101101110001000000010110010011
00000000000100000000011010010011
00001110001100000000011000010011
11101100110001000010010100000011
00000000000000000000000000010011
11111110101001000010010000100011
11101101101001000100011110000011
00000000111100000000011010110011
00010000000000010000011110110111
00011101000001111000011000010011
00000001000000000000010110010011
11101100110001000010010100000011
00000000000000000000000000010011
00000010100000000000000001101111
11101101101101000100011110000011
00000000111100000000011010110011
00010000000000010000011110110111
00011111110001111000011000010011
00000000000100000000010110010011
11101100110001000010010100000011
00000000000000000000000000010011
00000000000100000000011110010011
11111110111101000010010000100011
11111110100001000010011110000011
00000000000001111001011001100011
11111110011101000100011110000011
11011000000001111001010011100011
11111110100001000010011110000011
00000000000001111001100001100011
11101011110001000010011110000011
11111110110001000101011100000011
00000000111001111001000000100011
11111110100001000010011110000011
00000000111100000000010100110011
00010100110000010010000010000011
00010100100000010010010000000011
00010101000000010000000100010011
00000000000000001000000001100111
