11111110000000010000000100010011
00000000100000010010111000100011
00000010000000010000010000010011
11111110101001000010011000100011
11111110110001000010011110000011
00000000000101111101011110010011
11111110110001000010011100000011
00000000111101110110011110110011
11111110111101000010011000100011
11111110110001000010011110000011
00000000001001111101011110010011
11111110110001000010011100000011
00000000111101110110011110110011
11111110111101000010011000100011
11111110110001000010011110000011
00000000010001111101011110010011
11111110110001000010011100000011
00000000111101110110011110110011
11111110111101000010011000100011
11111110110001000010011110000011
00000000100001111101011110010011
11111110110001000010011100000011
00000000111101110110011110110011
11111110111101000010011000100011
11111110110001000010011110000011
00000001000001111101011110010011
11111110110001000010011100000011
00000000111101110110011110110011
11111110111101000010011000100011
11111110110001000010011100000011
00000111110001001011011110110111
00000000000001111000011110010011
11001101110101111000011110010011
00000010111101110000011110110011
00000001101101111101011110010011
00010000000000010000011100110111
00000000000001110000011100010011
00000000111101110000011110110011
00000000000001111100011110000011
00000000111100000000010100110011
00000001110000010010010000000011
00000010000000010000000100010011
00000000000000001000000001100111
11111101000000010000000100010011
00000010000100010010011000100011
00000010100000010010010000100011
00000011000000010000010000010011
11111100101001000010111000100011
11111100101101000010110000100011
11111101100001000010011110000011
00000000000101111110011110010011
00000000111100000000010100110011
00000000000000000000000000010011
11111110101001000010011000100011
11111101110001000010011100000011
11111110110001000010011110000011
00000000001001111001011110010011
00000000111101110000011110110011
00000000000001111010011100000011
11111101100001000010011110000011
00000000001001111001011110010011
00000000111101110000011110110011
00000000111100000000010100110011
00000010110000010010000010000011
00000010100000010010010000000011
00000011000000010000000100010011
00000000000000001000000001100111
11111101000000010000000100010011
00000010000100010010011000100011
00000010100000010010010000100011
00000011000000010000010000010011
11111100101001000010111000100011
11111100101101000010110000100011
11111101110001000010011110000011
00001000110001111010011110000011
11111101100001000010011100000011
00000000111101110111011110110011
11111110111101000010011000100011
11111101110001000010011110000011
00001000010001111010011110000011
11111101100001000010011100000011
00000000111101110111011110110011
11111110111101000010010000100011
11111101110001000010011110000011
00001001000001111010011110000011
11111110110001000010011100000011
00000000111101110111011001100011
11111110100001000010011110000011
11111110111101000010011000100011
11111110110001000010010110000011
11111101110001000010010100000011
00000000000000000000000000010011
00000000101000000000011110110011
00000000111100000000010100110011
00000010110000010010000010000011
00000010100000010010010000000011
00000011000000010000000100010011
00000000000000001000000001100111
11111110000000010000000100010011
00000000100000010010111000100011
00000010000000010000010000010011
11111110101001000010011000100011
11111110110001000010011110000011
00000000000001111010011110000011
00000000111100000000010100110011
00000001110000010010010000000011
00000010000000010000000100010011
00000000000000001000000001100111
11111110000000010000000100010011
00000000100000010010111000100011
00000010000000010000010000010011
11111110101001000010011000100011
11111110101101000010010000100011
11111110100001000010011110000011
11111110100001000010011100000011
00000000111001111010001000100011
11111110100001000010011110000011
00000000000001111010000000100011
11111110110001000010011110000011
11111110100001000010011100000011
00000000111001111010000000100011
00000000000000000000000000010011
00000001110000010010010000000011
00000010000000010000000100010011
00000000000000001000000001100111
11111110000000010000000100010011
00000000100000010010111000100011
00000010000000010000010000010011
11111110101001000010011000100011
11111110101101000010010000100011
11111110110001000010011110000011
00000000010001111010011100000011
11111110100001000010011110000011
00000000111001111010001000100011
11111110110001000010011110000011
11111110100001000010011100000011
00000000111001111010001000100011
11111110100001000010011110000011
00000000000001111010000000100011
11111110100001000010011110000011
00000000010001111010011110000011
11111110100001000010011100000011
00000000111001111010000000100011
00000000000000000000000000010011
00000001110000010010010000000011
00000010000000010000000100010011
00000000000000001000000001100111
11111101000000010000000100010011
00000010000100010010011000100011
00000010100000010010010000100011
00000011000000010000010000010011
11111100101001000010111000100011
11111100101101000010110000100011
11111100110001000010101000100011
11111101110001000010010100000011
00000000000000000000000000010011
11111110101001000010011000100011
11111110110001000010011110000011
00000000000001111000101001100011
11111101100001000010010110000011
11111110110001000010010100000011
00000000000000000000000000010011
00000001000000000000000001101111
11111101100001000010010110000011
11111101110001000010010100000011
00000000000000000000000000010011
11111101100001000010011110000011
11111101010001000010011100000011
00000000111001111010010000100011
00000000000000000000000000010011
00000010110000010010000010000011
00000010100000010010010000000011
00000011000000010000000100010011
00000000000000001000000001100111
11111101000000010000000100010011
00000010000100010010011000100011
00000010100000010010010000100011
00000011000000010000010000010011
11111100101001000010111000100011
11111100101101000010110000100011
11111101110001000010010100000011
00000000000000000000000000010011
11111110101001000010011000100011
11111101100001000010011110000011
00000000000001111010011110000011
00000000000001111000111001100011
11111101100001000010011110000011
00000000000001111010011110000011
11111101100001000010011100000011
00000000010001110010011100000011
00000000111001111010001000100011
00000001010000000000000001101111
11111101100001000010011110000011
00000000010001111010011100000011
11111110110001000010011110000011
00000000111001111010001000100011
11111110110001000010011100000011
11111101100001000010011110000011
00000000111101110001110001100011
11111101100001000010011110000011
00000000000001111010011100000011
11111101110001000010011110000011
00000000111001111010000000100011
00000001100000000000000001101111
11111101100001000010011110000011
00000000010001111010011110000011
11111101100001000010011100000011
00000000000001110010011100000011
00000000111001111010000000100011
11111101100001000010011110000011
00000000100001111010011110000011
00000000111100000000010100110011
00000010110000010010000010000011
00000010100000010010010000000011
00000011000000010000000100010011
00000000000000001000000001100111
11111101000000010000000100010011
00000010000100010010011000100011
00000010100000010010010000100011
00000011000000010000010000010011
11111100101001000010111000100011
11111100101101000010110000100011
11111101100001000010010100000011
00000000000000000000000000010011
11111110101001000010011000100011
11111110110001000010011110000011
00000110000001111000001001100011
11111101110001000010010100000011
00000000000000000000000000010011
11111110101001000010010000100011
11111110100001000010011110000011
00000000000001111001110001100011
11111101100001000010011110000011
00000000000001111010011100000011
11111101110001000010011110000011
00000000111001111010000000100011
00000100000000000000000001101111
11111110100001000010011110000011
00000000010001111010011110000011
11111110111101000010001000100011
11111110110001000010011110000011
00000000010001111010011100000011
11111110100001000010011110000011
00000000111001111010001000100011
11111110110001000010011110000011
11111110010001000010011100000011
00000000111001111010001000100011
11111110010001000010011110000011
11111110110001000010011100000011
00000000111001111010000000100011
00000000100000000000000001101111
00000000000000000000000000010011
00000010110000010010000010000011
00000010100000010010010000000011
00000011000000010000000100010011
00000000000000001000000001100111
11111110000000010000000100010011
00000000100000010010111000100011
00000010000000010000010000010011
11111110101001000010011000100011
11111110110001000010011110000011
00001000000001111010111000100011
11111110110001000010011110000011
00001000000001111010011100000011
11111110110001000010011110000011
00001000111001111010010000100011
11111110110001000010011110000011
00001000010001111010011100000011
11111110110001000010011110000011
00001000111001111010011000100011
11111110110001000010011110000011
00001000000001111010100000100011
00000000000000000000000000010011
00000001110000010010010000000011
00000010000000010000000100010011
00000000000000001000000001100111
11111101000000010000000100010011
00000010000100010010011000100011
00000010100000010010010000100011
00000011000000010000010000010011
11111100101001000010111000100011
11111101110001000010011110000011
00000000011000000000011100010011
00001000111001111010110000100011
11111101110001000010011110000011
00001001100001111010011110000011
00000000000100000000011100010011
00000000111101110001011110110011
00000000111100000000011100110011
11111101110001000010011110000011
00001000111001111010000000100011
11111101110001000010011110000011
00001000000001111010011110000011
11111111111101111000011100010011
11111101110001000010011110000011
00001000111001111010001000100011
11111101110001000010011110000011
00001000000001111010011110000011
00000000010000000000010110010011
00000000111100000000010100110011
00000000000000000000000000010011
00000000101000000000011110110011
00000000111100000000011100110011
11111101110001000010011110000011
00000000111001111010000000100011
00000000000100000000011110010011
11111110111101000010011000100011
00000010110000000000000001101111
11111101110001000010011110000011
00000000000001111010011100000011
11111101110001000010011010000011
11111110110001000010011110000011
00000000001001111001011110010011
00000000111101101000011110110011
00000000111001111010000000100011
11111110110001000010011110000011
00000000000101111000011110010011
11111110111101000010011000100011
11111110110001000010011100000011
00000000010100000000011110010011
11111100111001111111100011100011
11111101110001000010010100000011
00000000000000000000000000010011
11111101110001000010011110000011
00001000000001111010101000100011
00000000000000000000000000010011
00000010110000010010000010000011
00000010100000010010010000000011
00000011000000010000000100010011
00000000000000001000000001100111
11111101000000010000000100010011
00000010000100010010011000100011
00000010100000010010010000100011
00000011000000010000010000010011
11111100101001000010111000100011
11111101110001000010011110000011
00000000000001111010011110000011
00000000111100000000010100110011
00000000000000000000000000010011
00000000011000000000011110010011
11111110111101000010011000100011
00000100010000000000000001101111
11111101110001000010011100000011
11111110110001000010011110000011
00000000001001111001011110010011
00000000111101110000011110110011
00000000000001111010011110000011
11111110111101000010010000100011
11111110110001000010011110000011
00000000010000000000011100010011
00000000111101110001011110110011
11111110100001000010011100000011
00000000111101110000011110110011
00000000111100000000010100110011
00000000000000000000000000010011
11111110110001000010011110000011
00000000000101111000011110010011
11111110111101000010011000100011
11111101110001000010011110000011
00001001100001111010011110000011
11111110110001000010011100000011
11111010111101110110101011100011
00000000000000000000000000010011
00000000000000000000000000010011
00000010110000010010000010000011
00000010100000010010010000000011
00000011000000010000000100010011
00000000000000001000000001100111
11111100000000010000000100010011
00000010000100010010111000100011
00000010100000010010110000100011
00000100000000010000010000010011
11111100101001000010011000100011
11111100110001000010011110000011
00001001110001111010011100000011
00000000000100000000011110010011
00001110111101110000101001100011
11111100110001000010011110000011
00001001010001111010011100000011
11111100110001000010011110000011
00001000000001111010011110000011
00000000000101111101011110010011
00001100111001111111111001100011
11111100110001000010011110000011
00001001110001111010011110000011
00001100000001111001001001100011
11111100110001000010011110000011
00001000000001111010011100000011
11111100110001000010011110000011
00001000111001111010010000100011
11111100110001000010011110000011
00001000010001111010011100000011
11111100110001000010011110000011
00001000111001111010011000100011
11111100110001000010011110000011
00001000100001111010011110000011
00000000001001111001011110010011
00000000111100000000010100110011
00000000000000000000000000010011
00000000101000000000011110110011
11111110111101000010010000100011
11111100110001000010011110000011
00001000100001111010011100000011
00000000000000000000011110010011
01000000111001111000011110110011
00000000001001111001011110010011
00000000111100000000011010110011
11111100110001000010011110000011
00001001100001111010011110000011
11111110100001000010011100000011
00000000110101110000011100110011
11111100110001000010011010000011
00000000001001111001011110010011
00000000111101101000011110110011
00000000111001111010000000100011
11111100110001000010011110000011
00001001100001111010011110000011
00000000000101111000011100010011
11111100110001000010011110000011
00001000111001111010110000100011
11111100110001000010011110000011
00001001100001111010011110000011
00000000000100000000011100010011
00000000111101110001011110110011
00000000111100000000011100110011
11111100110001000010011110000011
00001000111001111010000000100011
11111100110001000010011110000011
00001000000001111010011110000011
11111111111101111000011100010011
11111100110001000010011110000011
00001000111001111010001000100011
11111100110001000010011110000011
00001000000001111010100000100011
11111100110001000010011110000011
00000000000100000000011100010011
00001000111001111010111000100011
11111100110001000010011110000011
00001001110001111010011100000011
00000000000100000000011110010011
00010110111101110001101001100011
11111100110001000010011110000011
00001001010001111010011110000011
00000000000101111001011110010011
11111110111101000010001000100011
00010100010000000000000001101111
11111100110001000010011110000011
00001001000001111010011110000011
00000000111100000000010110110011
11111100110001000010010100000011
00000000000000000000000000010011
00000000101000000000011110110011
11111100111101000010100000100011
11111100110001000010011110000011
00001001000001111010011100000011
11111100110001000010011110000011
00001000100001111010011110000011
00000000111101110000011110110011
00000000111100000000010110110011
11111100110001000010010100000011
00000000000000000000000000010011
00000000101000000000011110110011
11111100111101000010101000100011
11111101000001000010011110000011
00000000000001111010011110000011
11111110111101000010011000100011
11111101000001000010011110000011
00000000000001111010000000100011
11111101010001000010011110000011
00000000000001111010000000100011
11111100110001000010011110000011
00001000100001111010011110000011
11111110111101000010000000100011
00001001100000000000000001101111
11111110110001000010011110000011
00000000000001111010011110000011
11111100111101000010111000100011
11111110110001000010011110000011
00000000110001111010011100000011
11111110000001000010011110000011
00000000111101110111011110110011
00000000111100000011011110110011
00001111111101111111011110010011
11111100111101000010110000100011
11111101100001000010011110000011
00000000001001111001011110010011
11111111000001000000011100010011
00000000111101110000011110110011
11111110000001111010011110000011
00000000000001111010011110000011
00000010000001111000011001100011
11111101100001000010011110000011
00000000001001111001011110010011
11111111000001000000011100010011
00000000111101110000011110110011
11111110000001111010011110000011
00000000000001111010011110000011
11111110110001000010010110000011
00000000111100000000010100110011
00000000000000000000000000010011
00000010010000000000000001101111
11111101100001000010011110000011
00000000001001111001011110010011
11111111000001000000011100010011
00000000111101110000011110110011
11111110000001111010011110000011
11111110110001000010010110000011
00000000111100000000010100110011
00000000000000000000000000010011
11111101110001000010011110000011
11111110111101000010011000100011
11111110110001000010011110000011
11110110000001111001010011100011
11111100110001000010011110000011
00001001000001111010011110000011
00000000000101111000011100010011
11111100110001000010011110000011
00001000111001111010100000100011
11111100110001000010011110000011
00001001000001111010011100000011
11111100110001000010011110000011
00001000100001111010011110000011
00000000111101110001100001100011
11111100110001000010010100000011
00000000000000000000000000010011
00000010000000000000000001101111
11111100110001000010011110000011
00001001000001111010011100000011
11111100110001000010011110000011
00001000100001111010011110000011
00000000111101110000011110110011
11111110010001000010011100000011
11101010111001111110010011100011
00000000000000000000000000010011
00000011110000010010000010000011
00000011100000010010010000000011
00000100000000010000000100010011
00000000000000001000000001100111
11111101000000010000000100010011
00000010000100010010011000100011
00000010100000010010010000100011
00000011000000010000010000010011
11111100101001000010111000100011
11111101110001000010011110000011
00001001110001111010011100000011
00000000001000000000011110010011
00000110111101110000111001100011
11111101110001000010011110000011
00001001010001111010011100000011
11111101110001000010011110000011
00001000000001111010011110000011
00000000001101111101011110010011
00000110111101110111001001100011
11111101110001000010011110000011
00001001100001111010011100000011
00000000011000000000011110010011
00000100111001111111101001100011
11111101110001000010011110000011
00001001110001111010011110000011
00000010000001111001111001100011
11111101110001000010011110000011
00001000000001111010011110000011
00000000000101111101011100010011
11111101110001000010011110000011
00001000111001111010010000100011
11111101110001000010011110000011
00001000010001111010011110000011
00000000000101111101011100010011
11111101110001000010011110000011
00001000111001111010011000100011
11111101110001000010011110000011
00001000100001111010011100000011
11111101110001000010011110000011
00001000111001111010100000100011
11111101110001000010011110000011
00000000001000000000011100010011
00001000111001111010111000100011
11111101110001000010011110000011
00001001110001111010011100000011
00000000001000000000011110010011
00010010111101110001111001100011
11111101110001000010011110000011
00001001010001111010011110000011
00000000001101111001011110010011
11111110111101000010011000100011
00010000110000000000000001101111
11111101110001000010011110000011
00001001000001111010011110000011
11111111111101111000011100010011
11111101110001000010011110000011
00001000111001111010100000100011
11111101110001000010011110000011
00001001000001111010011110000011
00000000111100000000010110110011
11111101110001000010010100000011
00000000000000000000000000010011
00000000101000000000011110110011
11111110111101000010000000100011
11111101110001000010011110000011
00001001000001111010011100000011
11111101110001000010011110000011
00001000100001111010011110000011
00000000111101110000011110110011
00000000111100000000010110110011
11111101110001000010010100000011
00000000000000000000000000010011
00000000101000000000011110110011
11111110111101000010001000100011
11111110000001000010011110000011
11111110010001000010011100000011
00000000111000000000010110110011
00000000111100000000010100110011
00000000000000000000000000010011
11111101110001000010011110000011
00001001000001111010011110000011
00001000000001111001101001100011
11111101110001000010011110000011
00001001100001111010011110000011
11111111111101111000011100010011
11111101110001000010011110000011
00001000111001111010110000100011
11111101110001000010011110000011
00001001100001111010011110000011
00000000000100000000011100010011
00000000111101110001011110110011
00000000111100000000011100110011
11111101110001000010011110000011
00001000111001111010000000100011
11111101110001000010011110000011
00001000000001111010011110000011
11111111111101111000011100010011
11111101110001000010011110000011
00001000111001111010001000100011
11111101110001000010011110000011
00001001100001111010011110000011
11111101110001000010011100000011
00000000001001111001011110010011
00000000111101110000011110110011
00000000000001111010011110000011
11111110111101000010010000100011
11111101110001000010011110000011
00001001100001111010011110000011
00000000010000000000011100010011
00000000111101110001011110110011
11111110100001000010011100000011
00000000111101110000011110110011
00000000111100000000010100110011
00000000000000000000000000010011
11111101110001000010010100000011
00000000000000000000000000010011
00000000000000000000000000010011
00000010000000000000000001101111
11111101110001000010011110000011
00001001000001111010011100000011
11111101110001000010011110000011
00001000100001111010011110000011
00000000111101110000011110110011
11111110110001000010011100000011
11101110111101110110000011100011
00000000000000000000000000010011
00000010110000010010000010000011
00000010100000010010010000000011
00000011000000010000000100010011
00000000000000001000000001100111
11111110000000010000000100010011
00000000000100010010111000100011
00000000100000010010110000100011
00000010000000010000010000010011
11111110101001000010011000100011
11111110101101000010010000100011
11111110110001000010001000100011
11111110110101000010000000100011
11111110000001000010010110000011
11111110110001000010010100000011
00000000000000000000000000010011
00000000101000000000011110110011
11111110010001000010011000000011
11111110100001000010010110000011
00000000111100000000010100110011
00000000000000000000000000010011
11111110100001000010011110000011
11111110000001000010011100000011
00000000111001111010011000100011
11111110110001000010011110000011
00001001010001111010011110000011
00000000000101111000011100010011
11111110110001000010011110000011
00001000111001111010101000100011
11111110110001000010010100000011
00000000000000000000000000010011
00000000000000000000000000010011
00000001110000010010000010000011
00000001100000010010010000000011
00000010000000010000000100010011
00000000000000001000000001100111
11111110000000010000000100010011
00000000000100010010111000100011
00000000100000010010110000100011
00000010000000010000010000010011
11111110101001000010011000100011
11111110101101000010010000100011
11111110100001000010011110000011
00000000110001111010011110000011
00000000111100000000010110110011
11111110110001000010010100000011
00000000000000000000000000010011
00000000101000000000011110110011
11111110100001000010010110000011
00000000111100000000010100110011
00000000000000000000000000010011
11111110110001000010011110000011
00001001010001111010011110000011
11111111111101111000011100010011
11111110110001000010011110000011
00001000111001111010101000100011
11111110110001000010010100000011
00000000000000000000000000010011
11111110100001000010011110000011
00000000100001111010011110000011
00000000111100000000010100110011
00000001110000010010000010000011
00000001100000010010010000000011
00000010000000010000000100010011
00000000000000001000000001100111
11111101000000010000000100010011
00000010000100010010011000100011
00000010100000010010010000100011
00000011000000010000010000010011
11111100101001000010111000100011
11111100101101000010110000100011
11111100110001000010101000100011
11111100110101000010100000100011
11111101000001000010010110000011
11111101110001000010010100000011
00000000000000000000000000010011
11111110101001000010010000100011
11111110100001000010011110000011
00000000000001111010011110000011
11111110111101000010011000100011
00000111010000000000000001101111
11111110110001000010011110000011
00000000110001111010011110000011
11111101000001000010011100000011
00000100111101110001110001100011
11111110110001000010011110000011
00000000100001111010011110000011
11111101100001000010011100000011
00000000111100000000010110110011
11111101010001000010010100000011
00000000000001110000000011100111
00000000101000000000011110110011
00000010000001111001110001100011
11111110110001000010010110000011
11111110100001000010010100000011
00000000000000000000000000010011
11111101110001000010011110000011
00001001010001111010011110000011
11111111111101111000011100010011
11111101110001000010011110000011
00001000111001111010101000100011
11111101110001000010010100000011
00000000000000000000000000010011
11111110110001000010011110000011
00000000100001111010011110000011
00000001110000000000000001101111
11111110110001000010011110000011
00000000000001111010011110000011
11111110111101000010011000100011
11111110110001000010011110000011
11111000000001111001011011100011
00000000000000000000011110010011
00000000111100000000010100110011
00000010110000010010000010000011
00000010100000010010010000000011
00000011000000010000000100010011
00000000000000001000000001100111
11111101000000010000000100010011
00000010000100010010011000100011
00000010100000010010010000100011
00000011000000010000010000010011
11111100101001000010111000100011
11111100101101000010110000100011
11111101110001000010011110000011
00001000100001111010011100000011
11111101110001000010011110000011
00001001000001111010011110000011
00000000111101110000011110110011
11111110111101000010001000100011
11111110000001000010011000100011
00000101100000000000000001101111
11111110110001000010010110000011
11111101110001000010010100000011
00000000000000000000000000010011
00000000101000000000011110110011
00000000000001111010011110000011
11111110111101000010010000100011
00000010100000000000000001101111
11111110100001000010011110000011
00000000100001111010011110000011
11111110111101000010000000100011
11111110100001000010011110000011
00000000000001111010011110000011
11111110111101000010010000100011
11111101100001000010011110000011
11111110000001000010010100000011
00000000000001111000000011100111
11111110100001000010011110000011
11111100000001111001110011100011
11111110110001000010011110000011
00000000000101111000011110010011
11111110111101000010011000100011
11111110110001000010011100000011
11111110010001000010011110000011
11111010111101110110001011100011
00000000000000000000000000010011
00000000000000000000000000010011
00000010110000010010000010000011
00000010100000010010010000000011
00000011000000010000000100010011
00000000000000001000000001100111
11111101000000010000000100010011
00000010000100010010011000100011
00000010100000010010010000100011
00000011000000010000010000010011
11111100101001000010111000100011
11111100101101000010110000100011
11111100110001000010101000100011
11111101110001000010011110000011
00001000100001111010011100000011
11111101110001000010011110000011
00001001000001111010011110000011
00000000111101110000011110110011
11111110111101000010001000100011
11111110000001000010011000100011
00000101110000000000000001101111
11111110110001000010010110000011
11111101110001000010010100000011
00000000000000000000000000010011
00000000101000000000011110110011
00000000000001111010011110000011
11111110111101000010010000100011
00000010110000000000000001101111
11111110100001000010011110000011
00000000100001111010011110000011
11111110111101000010000000100011
11111110100001000010011110000011
00000000000001111010011110000011
11111110111101000010010000100011
11111101100001000010011110000011
11111110000001000010010110000011
11111101010001000010010100000011
00000000000001111000000011100111
11111110100001000010011110000011
11111100000001111001101011100011
11111110110001000010011110000011
00000000000101111000011110010011
11111110111101000010011000100011
11111110110001000010011100000011
11111110010001000010011110000011
11111010111101110110000011100011
00000000000000000000000000010011
00000000000000000000000000010011
00000010110000010010000010000011
00000010100000010010010000000011
00000011000000010000000100010011
00000000000000001000000001100111
11111110000000010000000100010011
00000000100000010010111000100011
00000010000000010000010000010011
11111110101001000010011000100011
11111110110001000010011110000011
00001000000001111010011100000011
11111110110001000010011110000011
00001001010001111010011110000011
00000000001001111001011110010011
00000000111101110000011110110011
00000000001001111001011110010011
00000000111100000000010100110011
00000001110000010010010000000011
00000010000000010000000100010011
00000000000000001000000001100111
