11111101000000010000000100010011
00000010100000010010011000100011
00000011000000010000010000010011
11111100101001000010111000100011
11111101110001000010011110000011
00000000000001111100011110000011
00000000100001111001011110010011
00000001000001111001011100010011
01000001000001110101011100010011
11111101110001000010011110000011
00000000000101111000011110010011
00000000000001111100011110000011
00000001000001111001011110010011
01000001000001111101011110010011
00000000111101110110011110110011
00000001000001111001011110010011
01000001000001111101011110010011
11111110111101000001011100100011
11111110111001000101011110000011
00000000111100000000010100110011
00000010110000010010010000000011
00000011000000010000000100010011
00000000000000001000000001100111
11111101000000010000000100010011
00000010100000010010011000100011
00000011000000010000010000010011
11111100101001000010111000100011
11111101110001000010011110000011
00000000000001111100011110000011
00000001100001111001011100010011
11111101110001000010011110000011
00000000000101111000011110010011
00000000000001111100011110000011
00000001000001111001011110010011
00000000111101110110011110110011
11111101110001000010011100000011
00000000001001110000011100010011
00000000000001110100011100000011
00000000100001110001011100010011
00000000111001111110011110110011
11111101110001000010011100000011
00000000001101110000011100010011
00000000000001110100011100000011
00000000111001111110011110110011
11111110111101000010011000100011
11111110110001000010011110000011
00000000111100000000010100110011
00000010110000010010010000000011
00000011000000010000000100010011
00000000000000001000000001100111
11111101000000010000000100010011
00000010000100010010011000100011
00000010100000010010010000100011
00000011000000010000010000010011
11111100101001000010111000100011
11111100101101000010110000100011
11111101100001000010011110000011
11111111111001111000011110010011
11111101110001000010011100000011
00000000111101110000011110110011
00000000111100000000010100110011
00000000000000000000000000010011
00000000101000000000011110110011
11111110111101000001011100100011
11111111111100000000011110010011
11111110111101000001011000100011
11111101100001000010011110000011
11111111111001111000011100010011
11111110110001000101011110000011
00000000111000000000011000110011
11111101110001000010010110000011
00000000111100000000010100110011
00000000000000000000000000010011
00000000101000000000011110110011
11111110111101000001011000100011
11111110110001000101011110000011
11111111111101111100011110010011
11111110111101000001011000100011
11111110111001000101011100000011
11111110110001000101011110000011
01000000111101110000011110110011
00000000000101111011011110010011
00001111111101111111011110010011
00000000111100000000010100110011
00000010110000010010000010000011
00000010100000010010010000000011
00000011000000010000000100010011
00000000000000001000000001100111
11111101000000010000000100010011
00000010000100010010011000100011
00000010100000010010010000100011
00000011000000010000010000010011
11111100101001000010111000100011
11111100101101000010110000100011
11111100110001000010101000100011
01011100110000000000010110010011
00000000000100000000010100010011
00000000000000000000000000010011
00000000101000000000011110110011
11111110111101000010011000100011
11111110110001000010011110000011
11111101110001000010011100000011
00000000111001111010000000100011
11111110110001000010011110000011
11111101100001000010011100000011
01011100111001111010001000100011
11111110110001000010011110000011
11111101010001000010011100000011
01011100111001111010010000100011
11111110110001000010011110000011
00000000111100000000010100110011
00000010110000010010000010000011
00000010100000010010010000000011
00000011000000010000000100010011
00000000000000001000000001100111
11111101000000010000000100010011
00000010000100010010011000100011
00000010100000010010010000100011
00000011000000010000010000010011
11111100101001000010111000100011
11111101110001000010011110000011
00000010110001111010010110000011
11111101110001000010011110000011
00000011010001111010011000000011
11111101110001000010011110000011
00000011000001111010011010000011
11111101110001000010011110000011
00000011010001111010011110000011
11111101110001000010011100000011
00000011110001110101011100000011
00000010111001111000011110110011
00000000111100000000011100110011
00010000000000010000011110110111
00000000000001111000010100010011
00000000000000000000000000010011
11111101110001000010011110000011
00001100000001111000111001100011
11111110000001000010011000100011
00000111110000000000000001101111
11111101110001000010011100000011
11111110110001000010011110000011
00000001101001111000011110010011
00000000010001111001011110010011
00000000111101110000011110110011
00000001100001111010011110000011
00000100000001111000101001100011
11111101110001000010011100000011
11111110110001000010011110000011
00000001101001111000011110010011
00000000010001111001011110010011
00000000111101110000011110110011
00000001100001111010011110000011
00000000111100000000010100110011
00000000000000000000000000010011
11111101110001000010011100000011
11111110110001000010011110000011
00000001101001111000011110010011
00000000010001111001011110010011
00000000111101110000011110110011
00000000000001111010110000100011
11111101110001000010011100000011
11111110110001000010011110000011
00000001101001111000011110010011
00000000010001111001011110010011
00000000111101110000011110110011
00000000000001111001111000100011
11111110110001000010011110000011
00000000000101111000011110010011
11111110111101000010011000100011
11111110110001000010011100000011
00000011111100000000011110010011
11111000111001111101000011100011
11111101110001000010011110000011
00000001100001111010011100000011
00000000100001110101011100010011
00000001110001111010011110000011
00001111111101111111011110010011
00000001100001111001011110010011
00000000111001111110011110110011
00000010000001111000010001100011
11111101110001000010011110000011
00000001100001111010011100000011
00000000100001110101011100010011
00000001110001111010011110000011
00001111111101111111011110010011
00000001100001111001011110010011
00000000111001111110011110110011
00000000111100000000010100110011
00000000000000000000000000010011
11111101110001000010010100000011
00000000000000000000000000010011
00000000000000000000000000010011
00000010110000010010000010000011
00000010100000010010010000000011
00000011000000010000000100010011
00000000000000001000000001100111
11111100000000010000000100010011
00000010000100010010111000100011
00000010100000010010110000100011
00000100000000010000010000010011
11111100101001000010011000100011
11111100101101000010010000100011
11111100110001000010001000100011
11111100010001000010011100000011
00000000100100000000011110010011
00000010111001111111010001100011
11111100100001000010011110000011
00000000000001111100011100000011
00000100000100000000011110010011
00000000111101110001110001100011
11111100100001000010011110000011
00000000000101111000011110010011
00000000000001111100011100000011
00000100011000000000011110010011
00000000111101110000110001100011
00010000000000010000011110110111
00000011000001111000010100010011
00000000000000000000000000010011
11111111111100000000011110010011
00011111010000000000000001101111
11111100100001000010011110000011
00000000001001111000011110010011
00000000111100000000010100110011
00000000000000000000000000010011
11111110101001000010011000100011
11111100100001000010011110000011
00000000011001111000011110010011
00000000111100000000010100110011
00000000000000000000000000010011
00000000101000000000011110110011
11111110111101000001010100100011
11111100110001000010011110000011
00000010000001111101011110000011
00000000000101111000011100010011
11111110101001000101011110000011
00000000111101110000100001100011
00010000000000010000011110110111
00000100010001111000010100010011
00000000000000000000000000010011
11111100110001000010011110000011
11111110101001000101011100000011
00000010111001111001000000100011
11111100100001000010011110000011
00000000100001111000011110010011
00000000000001111100011110000011
00000001100001111001011110010011
01000001100001111101011110010011
01000000011101111101011110010011
00000001100001111001011110010011
01000001100001111101011110010011
00000000000101111111011110010011
00000000111100000011011110110011
11111110111101000000010010100011
11111100100001000010011110000011
00000000100001111000011110010011
00000000000001111100011110000011
01000000010001111101011110010011
00001111111101111111011110010011
00000000011101111111011110010011
11111110111101000000010000100011
11111100100001000010011110000011
00000000100001111000011110010011
00000000000001111100011110000011
00000000111101111111011110010011
11111110111101000000001110100011
11111110100001000100011100000011
00000000000100000000011110010011
00000000111101110001011001100011
11111110011101000100011110000011
00000010000001111000010001100011
11111110100001000100011110000011
11111110011101000100011100000011
00000000111000000000011000110011
00000000111100000000010110110011
00010000000000010000011110110111
00000110010001111000010100010011
00000000000000000000000000010011
11111111111100000000011110010011
00010000100000000000000001101111
11111100100001000010011110000011
00000000100101111100011110000011
11111110111101000000001100100011
11111110011001000100011100000011
00000101010000000000011110010011
00000000111101110000011001100011
00000000000000000000011110010011
00001110100000000000000001101111
00000000001000000000011110010011
11111110111101000010000000100011
11111110110001000010011100000011
11111110000001000010011110000011
00000000111101110000011110110011
00000000101001111000011110010011
11111100010001000010011100000011
00000010111101110111100001100011
11111110110001000010011100000011
11111110000001000010011110000011
00000000111101110000011110110011
00000000101001111000011110010011
00000000111100000000011000110011
11111100010001000010010110000011
00010000000000010000011110110111
00001000110001111000010100010011
00000000000000000000000000010011
00000000000000000000011110010011
00001001110000000000000001101111
11111110100101000100011110000011
00000000000101111100011110010011
00001111111101111111011110010011
00000000000001111000110001100011
00010000000000010000011110110111
00001011000001111000010100010011
00000000000000000000000000010011
11111111111100000000011110010011
00000111100000000000000001101111
11111110110001000010011100000011
11111110000001000010011110000011
00000000111101110000011110110011
00000000101001111000011110010011
00000000111100000000010110110011
11111100100001000010010100000011
00000000000000000000000000010011
00000000101000000000011110110011
11111100111101000000111110100011
11111101111101000100011110000011
00000000000101111100011110010011
00001111111101111111011110010011
00000010000001111000010001100011
11111110110001000010011110000011
00000000101001111000011110010011
11111100010001000010011000000011
00000000111100000000010110110011
00010000000000010000011110110111
00001101110001111000010100010011
00000000000000000000000000010011
11111111111100000000011110010011
00000010000000000000000001101111
11111100100001000010011110000011
00000000101001111000011110010011
11111110110001000010011000000011
00000000111100000000010110110011
11111100110001000010010100000011
00000000000000000000000000010011
00000000101000000000011110110011
00000000111100000000010100110011
00000011110000010010000010000011
00000011100000010010010000000011
00000100000000010000000100010011
00000000000000001000000001100111
11111101000000010000000100010011
00000010000100010010011000100011
00000010100000010010010000100011
00000010100100010010001000100011
00000011000000010000010000010011
11111100101001000010111000100011
11111100101101000010110000100011
11111100110001000010101000100011
11111110000001000010010000100011
11111101010001000010011100000011
00000000000100000000011110010011
00000000111001111110111001100011
00010000000000010000011110110111
00010000010001111000010100010011
00000000000000000000000000010011
00000000000000000000000000010011
11111111111100000000011110010011
00100010010000000000000001101111
11111101100001000010011110000011
00000000000001111100011100000011
00000101000000000000011110010011
00001110111101110001100001100011
11111101100001000010011110000011
00000000000101111000011110010011
00000000000001111100011100000011
00000100011000000000011110010011
00001100111101110001111001100011
11111110000001000010011000100011
11111110110001000010011110000011
11111101100001000010011100000011
00000000111101110000011010110011
11111110110001000010011110000011
11111101010001000010011100000011
01000000111101110000011110110011
00000000111100000000011000110011
00000000110100000000010110110011
11111101110001000010010100000011
00000000000000000000000000010011
11111110101001000010011000100011
11111110110001000010011110000011
00001000111100000101011001100011
11111101110001000010011110000011
00000001100001111100011110000011
00001000000001111000000001100011
11111101110001000010011110000011
00000000011001111000011100010011
11111101110001000010011110000011
00000010010001111000011110010011
00000000111100000000010110110011
00000000111000000000010100110011
00000000000000000000000000010011
11111110101001000010001000100011
11111110010001000010011110000011
00000100111100000101110001100011
11111101110001000010011110000011
00010001010001111010011110000011
11111110010001000010011100000011
00000000111000000000011000110011
00000000111100000000010110110011
11111101110001000010010100000011
00000000000000000000000000010011
11111110101001000010010000100011
11111110100001000010011110000011
00000010111100000101100001100011
11111101110001000010011110000011
00010001110001111000011100010011
11111101110001000010011110000011
00000000000001111010010110000011
11111101110001000010011110000011
01011100010001111010011000000011
11111101110001000010011110000011
01011100100001111010011110000011
00000000111100000000011010110011
00000000111000000000010100110011
00000000000000000000000000010011
11111110110001000010011110000011
00010010111100000101100001100011
11111110110001000010011110000011
11111101010001000010011100000011
11110010111001111110101011100011
00010010000000000000000001101111
11111101100001000010011110000011
00000000000001111100011100000011
00000100000100000000011110010011
00000110111101110001001001100011
11111101100001000010011110000011
00000000000101111000011110010011
00000000000001111100011100000011
00000100011000000000011110010011
00000100111101110001100001100011
11111101010001000010011000000011
11111101100001000010010110000011
11111101110001000010010100000011
00000000000000000000000000010011
11111110101001000010010000100011
11111110100001000010011110000011
00001110111100000101001001100011
11111101110001000010011110000011
00010001110001111000011100010011
11111101110001000010011110000011
00000000000001111010010110000011
11111101110001000010011110000011
01011100010001111010011000000011
11111101110001000010011110000011
01011100100001111010011110000011
00000000111100000000011010110011
00000000111000000000010100110011
00000000000000000000000000010011
00001011010000000000000001101111
00000000000000000000000000010011
00000000101000000000011110110011
00000000000001111010011100000011
11111101100001000010011110000011
00000000000001111100011110000011
00000000000101111001011110010011
00000000111101110000011110110011
00000000000001111101011110000011
00000000111100000000011100110011
00000000000000000100011110110111
00000000000001111000011110010011
00000000111101110111011110110011
00000000000001111000101001100011
11111101100001000010011110000011
00000000000001111100011110000011
00000000111100000000010010110011
00000000100000000000000001101111
00000010111000000000010010010011
00000000000000000000000000010011
00000000101000000000011110110011
00000000000001111010011100000011
11111101100001000010011110000011
00000000000101111000011110010011
00000000000001111100011110000011
00000000000101111001011110010011
00000000111101110000011110110011
00000000000001111101011110000011
00000000111100000000011100110011
00000000000000000100011110110111
00000000000001111000011110010011
00000000111101110111011110110011
00000000000001111000101001100011
11111101100001000010011110000011
00000000000101111000011110010011
00000000000001111100011110000011
00000000100000000000000001101111
00000010111000000000011110010011
00000000111100000000011000110011
00000000100100000000010110110011
00010000000000010000011110110111
00010001110001111000010100010011
00000000000000000000000000010011
00000000100000000000000001101111
00000000000000000000000000010011
00000000000000000000011110010011
00000000111100000000010100110011
00000010110000010010000010000011
00000010100000010010010000000011
00000010010000010010010010000011
00000011000000010000000100010011
00000000000000001000000001100111
