11111101000000010000000100010011
00000010100000010010011000100011
00000011000000010000010000010011
00000000101000000000011110110011
00000000101100000000011100110011
11111100111101000000111110100011
00000000111000000000011110110011
11111100111101000000111100100011
11111110000001000010011000100011
00001100000000000000000001101111
11111101111001000100011110000011
11111110111101000000001110100011
11111110110001000010011110000011
00001111111101111111011110010011
11111111111101111100011110010011
11111110111101000000001100100011
11111110000001000010010000100011
00000111000000000000000001101111
11111110011001000100011100000011
11111110100001000010011110000011
00001000000000000000011010010011
01000000111101101101011110110011
00000000111101110111011110110011
00000000111100000011011110110011
00001111111101111111011110010011
11111110111101000010000000100011
11111110011101000100011110000011
00000000011101111101011110010011
00001111111101111111011110010011
00000000111100000000011100110011
11111110000001000010011110000011
00000000111001111100011110110011
11111110111101000010000000100011
11111110011101000100011110000011
00000000000101111001011110010011
11111110111101000000001110100011
11111110000001000010011110000011
00000000000001111000101001100011
11111110011101000100011100000011
11111101111101000100011110000011
00000000111101110100011110110011
11111110111101000000001110100011
11111110100001000010011110000011
00000000000101111000011110010011
11111110111101000010010000100011
11111110100001000010011100000011
00000000011100000000011110010011
11111000111001111111011011100011
00010000000000010000011110110111
00000000000001111000011100010011
11111110110001000010011110000011
00000000111101110000011110110011
11111110011101000100011100000011
00000000111001111000000000100011
11111110110001000010011110000011
00000000000101111000011110010011
11111110111101000010011000100011
11111110110001000010011100000011
00001111111100000000011110010011
11110010111001111111111011100011
00000000000000000000000000010011
00000000000000000000000000010011
00000010110000010010010000000011
00000011000000010000000100010011
00000000000000001000000001100111
11111101000000010000000100010011
00000010100000010010011000100011
00000011000000010000010000010011
00000000101000000000011110110011
00000000101100000000011100110011
11111100111101000001111100100011
00000000111000000000011110110011
11111100111101000001111000100011
11111110000001000010011000100011
00001101010000000000000001101111
11111101110001000101011110000011
11111110111101000001001100100011
11111110110001000010011110000011
00001111111101111111011110010011
11111111111101111100011110010011
11111110111101000000001010100011
11111110000001000010010000100011
00000111010000000000000001101111
11111110010101000100011100000011
11111110100001000010011110000011
00001000000000000000011010010011
01000000111101101101011110110011
00000000111101110111011110110011
00000000111100000011011110110011
00001111111101111111011110010011
11111110111101000010000000100011
11111110011001000101011110000011
00000000111101111101011110010011
00000001000001111001011110010011
00000001000001111101011110010011
00000000111100000000011100110011
11111110000001000010011110000011
00000000111001111100011110110011
11111110111101000010000000100011
11111110011001000101011110000011
00000000000101111001011110010011
11111110111101000001001100100011
11111110000001000010011110000011
00000000000001111000101001100011
11111110011001000101011100000011
11111101111001000101011110000011
00000000111101110100011110110011
11111110111101000001001100100011
11111110100001000010011110000011
00000000000101111000011110010011
11111110111101000010010000100011
11111110100001000010011100000011
00000000011100000000011110010011
11111000111001111111010011100011
11111110011001000101011110000011
11110000000001111100011110010011
11111110111101000001001100100011
00010000000000010000011110110111
00100011100001111000011100010011
11111110110001000010011110000011
00000000000101111001011110010011
00000000111101110000011110110011
11111110011001000101011100000011
00000000111001111001000000100011
11111110110001000010011110000011
00000000000101111000011110010011
11111110111101000010011000100011
11111110110001000010011100000011
00001111111100000000011110010011
11110010111001111111010011100011
00000000000000000000000000010011
00000000000000000000000000010011
00000010110000010010010000000011
00000011000000010000000100010011
00000000000000001000000001100111
11111100000000010000000100010011
00000010100000010010111000100011
00000100000000010000010000010011
11111100101001000010011000100011
11111100101101000010010000100011
11111110000001000010011000100011
00001100100000000000000001101111
11111100100001000010011110000011
11111110111101000010001000100011
11111110110001000010011110000011
00001111111101111111011110010011
11111111111101111100011110010011
11111110111101000000000110100011
11111110000001000010010000100011
00000110100000000000000001101111
11111110001101000100011100000011
11111110100001000010011110000011
00001000000000000000011010010011
01000000111101101101011110110011
00000000111101110111011110110011
00000000111100000011011110110011
00001111111101111111011110010011
11111100111101000010111000100011
11111110010001000010011110000011
00000001111101111101011110010011
11111101110001000010011100000011
00000000111101110100011110110011
11111100111101000010111000100011
11111110010001000010011110000011
00000000000101111001011110010011
11111110111101000010001000100011
11111101110001000010011110000011
00000000000001111000101001100011
11111110010001000010011100000011
11111100110001000010011110000011
00000000111101110100011110110011
11111110111101000010001000100011
11111110100001000010011110000011
00000000000101111000011110010011
11111110111101000010010000100011
11111110100001000010011100000011
00000000011100000000011110010011
11111000111001111111101011100011
11111110010001000010011110000011
11110000000001111100011110010011
11111110111101000010001000100011
00010000000000010000011110110111
01000011100001111000011100010011
11111110110001000010011110000011
00000000001001111001011110010011
00000000111101110000011110110011
11111110010001000010011100000011
00000000111001111010000000100011
11111110110001000010011110000011
00000000000101111000011110010011
11111110111101000010011000100011
11111110110001000010011100000011
00001111111100000000011110010011
11110010111001111111101011100011
00000000000000000000000000010011
00000000000000000000000000010011
00000011110000010010010000000011
00000100000000010000000100010011
00000000000000001000000001100111
11111101000000010000000100010011
00000010100000010010011000100011
00000011000000010000010000010011
00000000101000000000011110110011
11111100101101000010110000100011
11111100110001000010101000100011
11111100111101000000111110100011
11111101100001000010011110000011
11111110111101000010011000100011
00000011100000000000000001101111
11111110110001000010011110000011
00000000000101111000011100010011
11111110111001000010011000100011
00000000000001111100011100000011
11111101111101000100011110000011
00000000111101110100011110110011
00001111111101111111011110010011
00000000111100000000011100110011
00010000000000010000011110110111
00000000000001111000011110010011
00000000111001111000011110110011
00000000000001111100011110000011
11111100111101000000111110100011
11111101010001000010011110000011
11111111111101111000011100010011
11111100111001000010101000100011
11111100000001111001000011100011
11111101111101000100011110000011
00000000111100000000010100110011
00000010110000010010010000000011
00000011000000010000000100010011
00000000000000001000000001100111
11111101000000010000000100010011
00000010100000010010011000100011
00000011000000010000010000010011
00000000101000000000011110110011
11111100101101000010110000100011
11111100110001000010101000100011
11111100111101000001111100100011
11111101100001000010011110000011
11111110111101000010011000100011
00000110100000000000000001101111
11111101111001000101011110000011
00000000100001111001011110010011
00000001000001111001011100010011
01000001000001110101011100010011
11111101111001000101011110000011
00000000100001111101011110010011
00000001000001111001011110010011
00000001000001111101011110010011
00000000111100000000011000110011
11111110110001000010011110000011
00000000000101111000011010010011
11111110110101000010011000100011
00000000000001111100011110000011
00000000111101100100011110110011
00010000000000010000011010110111
00100011100001101000011010010011
00000000000101111001011110010011
00000000111101101000011110110011
00000000000001111101011110000011
00000001000001111001011110010011
01000001000001111101011110010011
00000000111101110100011110110011
00000001000001111001011110010011
01000001000001111101011110010011
11111100111101000001111100100011
11111101010001000010011110000011
11111111111101111000011100010011
11111100111001000010101000100011
11111000000001111001100011100011
11111101111001000101011110000011
00000000111100000000010100110011
00000010110000010010010000000011
00000011000000010000000100010011
00000000000000001000000001100111
11111101000000010000000100010011
00000010100000010010011000100011
00000011000000010000010000010011
11111100101001000010111000100011
11111100101101000010110000100011
11111100110001000010101000100011
11111101100001000010011110000011
11111110111101000010011000100011
00000100100000000000000001101111
11111101110001000010011110000011
00000000100001111001011100010011
11111101110001000010011110000011
00000001100001111101011010010011
11111110110001000010011110000011
00000000000101111000011000010011
11111110110001000010011000100011
00000000000001111100011110000011
00000000111101101100011110110011
00001111111101111111011110010011
00010000000000010000011010110111
01000011100001101000011010010011
00000000001001111001011110010011
00000000111101101000011110110011
00000000000001111010011110000011
00000000111101110100011110110011
11111100111101000010111000100011
11111101010001000010011110000011
11111111111101111000011100010011
11111100111001000010101000100011
11111010000001111001100011100011
11111101110001000010011110000011
00000000111100000000010100110011
00000010110000010010010000000011
00000011000000010000000100010011
00000000000000001000000001100111
