11111100000000010000000100010011
00000010000100010010111000100011
00000010100000010010110000100011
00000010100100010010101000100011
00000100000000010000010000010011
11111100101001000010011000100011
11111100101101000010010000100011
11111100110001000010011110000011
00000000000001111001011001100011
11111111111100000000011110010011
00100011110000000000000001101111
11111110000001000010011000100011
11111110000001000010010000100011
11111110000001000010001000100011
11111110000001000010000000100011
11111100000001000010111000100011
11111100000001000010110000100011
00000000100000000000010100010011
00000000000000000000000000010011
00000000101000000000011110110011
11111100111101000010110000100011
11111101100001000010011110000011
00000000000001111001011001100011
11111111111100000000011110010011
00100000010000000000000001101111
11111110000001000010001000100011
11111101100001000010011110000011
00000000000100000000011100010011
00000000111001111010000000100011
00000011110000000000000001101111
11111100110001000010011100000011
11111110010001000010011110000011
00000000111101110000011110110011
00000000000001111100011100000011
00000011101000000000011110010011
00000000111101110001110001100011
11111101100001000010011110000011
00000000000001111010011110000011
00000000000101111000011100010011
11111101100001000010011110000011
00000000111001111010000000100011
11111110010001000010011110000011
00000000000101111000011110010011
11111110111101000010001000100011
11111100110001000010010100000011
00000000000000000000000000010011
00000000101000000000011100110011
11111110010001000010011110000011
11111010111001111110110011100011
11111101100001000010011110000011
00000000000001111010011110000011
00000000001001111001011110010011
00000000111100000000010100110011
00000000000000000000000000010011
00000000101000000000011110110011
00000000111100000000011100110011
11111101100001000010011110000011
00000000111001111010001000100011
11111101100001000010011110000011
00000000010001111010011110000011
00010100000001111000111001100011
11111100000001000010111000100011
11111101110001000010011110000011
11111110111101000010000000100011
11111110000001000010011110000011
11111110111101000010010000100011
11111110100001000010011110000011
11111110111101000010011000100011
11111110110001000010011110000011
11111110111101000010001000100011
11111100110001000010011100000011
11111101110001000010011110000011
00000000111101110000011110110011
00000000000001111100011100000011
00000011101000000000011110010011
00000000111101110000110001100011
11111100110001000010011100000011
11111101110001000010011110000011
00000000111101110000011110110011
00000000000001111100011110000011
00001100000001111001111001100011
11111101110001000010011100000011
11111110000001000010011110000011
01000000111101110000011110110011
00000000000101111000011010010011
11111101100001000010011110000011
00000000010001111010011100000011
11111110100001000010011110000011
00000000001001111001011110010011
00000000111101110000010010110011
00000000110100000000010100110011
00000000000000000000000000010011
00000000101000000000011110110011
00000000111101001010000000100011
00000000000001001010011110000011
00001100000001111000110001100011
00000101000000000000000001101111
11111100110001000010011100000011
11111110000001000010011110000011
00000000111101110000011100110011
11111101100001000010011110000011
00000000010001111010011010000011
11111110100001000010011110000011
00000000001001111001011110010011
00000000111101101000011110110011
00000000000001111010011010000011
11111110110001000010011110000011
00000000111101101000011110110011
00000000000001110100011100000011
00000000111001111000000000100011
11111110000001000010011110000011
00000000000101111000011110010011
11111110111101000010000000100011
11111110110001000010011110000011
00000000000101111000011110010011
11111110111101000010011000100011
11111110000001000010011100000011
11111101110001000010011110000011
11111010111101110110011011100011
11111101100001000010011110000011
00000000010001111010011100000011
11111110100001000010011110000011
00000000001001111001011110010011
00000000111101110000011110110011
00000000000001111010011100000011
11111110110001000010011110000011
00000000111101110000011110110011
00000000000001111000000000100011
11111110000001000010011000100011
11111110000001000010011110000011
00000000000101111000011110010011
11111110111101000010000000100011
11111110100001000010011110000011
00000000000101111000011110010011
11111110111101000010010000100011
11111101110001000010011110000011
00000000000101111000011110010011
11111100111101000010111000100011
11111101100001000010011110000011
00000000000001111010011110000011
11111110100001000010011100000011
11101110111101110100001011100011
11111100100001000010011110000011
11111101100001000010011100000011
00000000111001111010000000100011
00000000000000000000011110010011
00000001110000000000000001101111
00000000000000000000000000010011
00000000100000000000000001101111
00000000000000000000000000010011
11111101100001000010010100000011
00000000000000000000000000010011
11111111111000000000011110010011
00000000111100000000010100110011
00000011110000010010000010000011
00000011100000010010010000000011
00000011010000010010010010000011
00000100000000010000000100010011
00000000000000001000000001100111
11111101000000010000000100010011
00000010000100010010011000100011
00000010100000010010010000100011
00000011000000010000010000010011
11111100101001000010111000100011
11111101110001000010011110000011
00010010000001111000010001100011
11111110000001000010011000100011
11111110000001000010010000100011
11111101110001000010011110000011
00000000000001111010011110000011
11111111111101111000011110010011
11111110111101000010010000100011
00001100010000000000000001101111
11111101110001000010011110000011
00000000010001111010011100000011
11111110110001000010011110000011
00000000001001111001011110010011
00000000111101110000011110110011
00000000000001111010011110000011
00000010000001111000111001100011
11111101110001000010011110000011
00000000010001111010011100000011
11111110110001000010011110000011
00000000001001111001011110010011
00000000111101110000011110110011
00000000000001111010011110000011
00000000111100000000010100110011
00000000000000000000000000010011
11111101110001000010011110000011
00000000010001111010011100000011
11111110110001000010011110000011
00000000001001111001011110010011
00000000111101110000011110110011
00000000000001111010000000100011
11111101110001000010011110000011
00000000010001111010011100000011
11111110100001000010011110000011
00000000001001111001011110010011
00000000111101110000011110110011
00000000000001111010011110000011
00000010000001111000111001100011
11111101110001000010011110000011
00000000010001111010011100000011
11111110100001000010011110000011
00000000001001111001011110010011
00000000111101110000011110110011
00000000000001111010011110000011
00000000111100000000010100110011
00000000000000000000000000010011
11111101110001000010011110000011
00000000010001111010011100000011
11111110100001000010011110000011
00000000001001111001011110010011
00000000111101110000011110110011
00000000000001111010000000100011
11111110110001000010011110000011
00000000000101111000011110010011
11111110111101000010011000100011
11111110100001000010011110000011
11111111111101111000011110010011
11111110111101000010010000100011
11111110110001000010011100000011
11111110100001000010011110000011
11110010111001111101110011100011
11111101110001000010011110000011
00000000010001111010011110000011
00000000000001111000111001100011
11111101110001000010011110000011
00000000010001111010011110000011
00000000111100000000010100110011
00000000000000000000000000010011
11111101110001000010011110000011
00000000000001111010001000100011
11111101110001000010011110000011
00000000000001111000111001100011
11111101110001000010010100000011
00000000000000000000000000010011
11111100000001000010111000100011
00000000110000000000000001101111
00000000000000000000000000010011
00000000100000000000000001101111
00000000000000000000000000010011
00000010110000010010000010000011
00000010100000010010010000000011
00000011000000010000000100010011
00000000000000001000000001100111
