10000001000000010000000100010011
01111110000100010010011000100011
01111110100000010010010000100011
01111111000000010000010000010011
11111111111111111111001100110111
00000000000000110000001100010011
11111011000000110000001100010011
00000000011000010000000100110011
11111111111111111110011110110111
00000000000001111000011110010011
11111111000001000000011100010011
00000000111101110000011110110011
01111100101001111010111000100011
11111111111111111110011110110111
00000000000001111000011110010011
11111111000001000000011100010011
00000000111101110000011110110011
01111100101101111010110000100011
11111111111111111110011110110111
00000000000001111000011110010011
11111111000001000000011100010011
00000000111101110000011110110011
01111100110001111010101000100011
11111111111111111110011110110111
00000000000001111000011110010011
11111111000001000000011100010011
00000000111101110000011110110011
01111100110101111010100000100011
11111110000001000010011000100011
11111111111111111110011110110111
00000000000001111000011110010011
11111111000001000000011100010011
00000000111101110000011110110011
01111101110001111010011110000011
00000000000001111100011110000011
00000000000101111100011110010011
00001111111101111111011110010011
00000000000001111000110001100011
00010000000000010000011110110111
00000000000001111000010100010011
00000000000000000000000000010011
00000000000000000000011110010011
01001100110100000000000001101111
11111111111111111110011110110111
00000000000001111000011110010011
11111111000001000000011100010011
00000000111101110000011110110011
01111101110001111010011110000011
01001001010101111100011110000011
00000000000101111100011110010011
00001111111101111111011110010011
00000000000001111000110001100011
00010000000000010000011110110111
00000010110001111000010100010011
00000000000000000000000000010011
00000000000000000000011110010011
01001001010100000000000001101111
11111111111111111110011110110111
00000000000001111000011110010011
11111111000001000000011100010011
00000000111101110000011110110011
01111101110001111010011110000011
00000001000001111100011110000011
00000000000001111001110001100011
00010000000000010000011110110111
00000101000001111000010100010011
00000000000000000000000000010011
00000000000000000000011110010011
01000110010100000000000001101111
11111111111111111110011110110111
00000000000001111000011110010011
11111111000001000000011100010011
00000000111101110000011110110011
01111101110001111010011110000011
01001010010001111100011100000011
00000000001100000000011110010011
00000010111101110001001001100011
11111111111111111110011110110111
00000000000001111000011110010011
11111111000001000000011100010011
00000000111101110000011110110011
01111101110001111010011110000011
00000001000001111100011100000011
00001000000000000000011110010011
00000100111101110001001001100011
11111111111111111110011110110111
00000000000001111000011110010011
11111111000001000000011100010011
00000000111101110000011110110011
01111101110001111010011110000011
01001010010001111100011100000011
00000000001100000000011110010011
00000110111101110000101001100011
11111111111111111110011110110111
00000000000001111000011110010011
11111111000001000000011100010011
00000000111101110000011110110011
01111101110001111010011110000011
00000001000001111100011100000011
00000110000000000000011110010011
00000100111101110000101001100011
11111111111111111110011110110111
00000000000001111000011110010011
11111111000001000000011100010011
00000000111101110000011110110011
01111101110001111010011110000011
00000001000001111100011110000011
00000000111100000000011100110011
11111111111111111110011110110111
00000000000001111000011110010011
11111111000001000000011010010011
00000000111101101000011110110011
01111101110001111010011110000011
01001010010001111100011110000011
00000000111100000000011000110011
00000000111000000000010110110011
00010000000000010000011110110111
00000111110001111000010100010011
00000000000000000000000000010011
00000000000000000000011110010011
00111001010100000000000001101111
11111111111111111110011110110111
00000000000001111000011110010011
11111111000001000000011100010011
00000000111101110000011110110011
01111101110001111010011110000011
00000000000101111100011100000011
11111111111111111110011110110111
00000000000001111000011110010011
11111111000001000000011010010011
00000000111101101000011110110011
01111110111001111000010000100011
11111111111111111110011110110111
00000000000001111000011110010011
11111111000001000000011100010011
00000000111101110000011110110011
01111101110001111010011110000011
01001010001001111101011100000011
00001111101000000000011110010011
00000010111101110111011110110011
00000001000001111001011110010011
00000001000001111101011110010011
11111110111101000000001010100011
11111110010101000100011110000011
00000000000101111111011110010011
00001111111101111111011110010011
00000100000001111000100001100011
11111111111111111110011110110111
00000000000001111000011110010011
11111111000001000000011100010011
00000000111101110000011110110011
11111111100000000000011100010011
01111110111001111000010010100011
11111111111111111110011110110111
00000000000001111000011110010011
11111111000001000000011100010011
00000000111101110000011110110011
11111100010100000000011100010011
01111110111001111000010100100011
11111111111111111110011110110111
00000000000001111000011110010011
11111111000001000000011100010011
00000000111101110000011110110011
00000100100100000000011100010011
01111110111001111000010110100011
00000100110000000000000001101111
11111111111111111110011110110111
00000000000001111000011110010011
11111111000001000000011100010011
00000000111101110000011110110011
00000000011100000000011100010011
01111110111001111000010010100011
11111111111111111110011110110111
00000000000001111000011110010011
11111111000001000000011100010011
00000000111101110000011110110011
00000011101000000000011100010011
01111110111001111000010100100011
11111111111111111110011110110111
00000000000001111000011110010011
11111111000001000000011100010011
00000000111101110000011110110011
11111011011000000000011100010011
01111110111001111000010110100011
11111111111111111110011110110111
00000000000001111000011110010011
11111111000001000000011100010011
00000000111101110000011110110011
11111110010101000100011100000011
01111110111001111000011000100011
11111111111111111110011110110111
00000000000001111000011110010011
11111111000001000000011100010011
00000000111101110000011110110011
01111101110001111010011110000011
01001010000101111100011110000011
11111110111101000000001000100011
11111111111111111110011110110111
00000000000001111000011110010011
11111111000001000000011100010011
00000000111101110000011110110011
01111101110001111010011110000011
01001010000001111100011110000011
00000000011101111001011110010011
00000001100001111001011100010011
01000001100001110101011100010011
11111110010001000000011110000011
00000000111101110110011110110011
00000001100001111001011110010011
01000001100001111101011110010011
00001111111101111111011100010011
11111111111111111110011110110111
00000000000001111000011110010011
11111111000001000000011010010011
00000000111101101000011110110011
01111110111001111000011010100011
11111110010001000100011110000011
00000001000001111001011100010011
00000001000001110101011100010011
11111111111111111110011110110111
00000000000001111000011110010011
11111111000001000000011010010011
00000000111101101000011110110011
01111101110001111010011110000011
00000001000001111100011110000011
00000000001001111101011110010011
00001111111101111111011110010011
00000001000001111001011110010011
00000001000001111101011110010011
00000000111101110000011110110011
00000001000001111001011110010011
00000001000001111101011110010011
00000000000101111000011110010011
11111110111101000001001100100011
11111110000001000010010000100011
00000101000000000000000001101111
11111111111111111110011110110111
00000000000001111000011110010011
11111111000001000000011100010011
00000000111101110000011110110011
01111101110001111010011100000011
11111110100001000010011110000011
00000000100101111000011110010011
00000000010001111001011110010011
00000000111101110000011110110011
00000001000001111101011110000011
00000000001001111101011110010011
00000001000001111001011100010011
00000001000001110101011100010011
11111110011001000101011110000011
00000000111101110000011110110011
11111110111101000001001100100011
11111110100001000010011110000011
00000000000101111000011110010011
11111110111101000010010000100011
11111110010001000100011110000011
11111110100001000010011100000011
11111010111101110100011011100011
11111111111111111110011110110111
00000000000001111000011110010011
11111111000001000000011100010011
00000000111101110000011110110011
01111101110001111010011110000011
01001010010101111100011110000011
00000000110101111001011110010011
00000001000001111001011100010011
01000001000001110101011100010011
11111111111111111110011110110111
00000000000001111000011110010011
11111111000001000000011010010011
00000000111101101000011110110011
01111101110001111010011110000011
01001010010001111100011110000011
00000000101101111001011110010011
00000001000001111001011110010011
01000001000001111101011110010011
00000000111101110110011110110011
00000001000001111001011100010011
01000001000001110101011100010011
11111110011001000001011110000011
00000000111101110110011110110011
00000001000001111001011110010011
01000001000001111101011110010011
11111110111101000001000100100011
11111110001001000101011110000011
00000000100001111101011110010011
00000001000001111001011110010011
00000001000001111101011110010011
00001111111101111111011100010011
11111111111111111110011110110111
00000000000001111000011110010011
11111111000001000000011010010011
00000000111101101000011110110011
01111110111001111000011100100011
11111110001001000101011110000011
00001111111101111111011100010011
11111111111111111110011110110111
00000000000001111000011110010011
11111111000001000000011010010011
00000000111101101000011110110011
01111110111001111000011110100011
11111110000001000010010000100011
00100010010000000000000001101111
11111111111111111110011110110111
00000000000001111000011110010011
11111111000001000000011100010011
00000000111101110000011110110011
01111101110001111010011100000011
11111110100001000010011110000011
00000000100101111000011110010011
00000000010001111001011110010011
00000000111101110000011110110011
00000000010101111100011110000011
00000000001001111001011110010011
00000001100001111001011100010011
01000001100001110101011100010011
11111111111111111110011110110111
00000000000001111000011110010011
11111111000001000000011010010011
00000000111101101000011110110011
01111101110001111010011010000011
11111110100001000010011110000011
00000000100101111000011110010011
00000000010001111001011110010011
00000000111101101000011110110011
00000000011001111101011110000011
01000000100001111101011110010011
00000001100001111001011110010011
01000001100001111101011110010011
00000000001101111111011110010011
00000001100001111001011110010011
01000001100001111101011110010011
00000000111101110110011110110011
00000001100001111001011100010011
01000001100001110101011100010011
11111110100001000010011110000011
00000000001001111000011110010011
00000000001001111001011110010011
00001111111101110111011100010011
11111111111111111110011010110111
00000000000001101000011010010011
11111111000001000000011000010011
00000000110101100000011010110011
00000000111101101000011110110011
01111110111001111000010000100011
11111111111111111110011110110111
00000000000001111000011110010011
11111111000001000000011100010011
00000000111101110000011110110011
01111101110001111010011100000011
11111110100001000010011110000011
00000000100101111000011110010011
00000000010001111001011110010011
00000000111101110000011110110011
00000000011001111101011100000011
11111110100001000010011110000011
00000000001001111000011110010011
00000000001001111001011110010011
00000000000101111000011110010011
00001111111101110111011100010011
11111111111111111110011010110111
00000000000001101000011010010011
11111111000001000000011000010011
00000000110101100000011010110011
00000000111101101000011110110011
01111110111001111000010000100011
11111111111111111110011110110111
00000000000001111000011110010011
11111111000001000000011100010011
00000000111101110000011110110011
01111101110001111010011100000011
11111110100001000010011110000011
00000000100101111000011110010011
00000000010001111001011110010011
00000000111101110000011110110011
00000000100001111100011110000011
00000000001001111001011110010011
00000001100001111001011100010011
01000001100001110101011100010011
11111111111111111110011110110111
00000000000001111000011110010011
11111111000001000000011010010011
00000000111101101000011110110011
01111101110001111010011010000011
11111110100001000010011110000011
00000000100101111000011110010011
00000000010001111001011110010011
00000000111101101000011110110011
00000001000001111101011110000011
00000000001101111101011110010011
00000001000001111001011110010011
00000001000001111101011110010011
01000000100001111101011110010011
00000001100001111001011110010011
01000001100001111101011110010011
00000000001101111111011110010011
00000001100001111001011110010011
01000001100001111101011110010011
00000000111101110110011110110011
00000001100001111001011100010011
01000001100001110101011100010011
11111110100001000010011110000011
00000000001001111000011110010011
00000000001001111001011110010011
00000000001001111000011110010011
00001111111101110111011100010011
11111111111111111110011010110111
00000000000001101000011010010011
11111111000001000000011000010011
00000000110101100000011010110011
00000000111101101000011110110011
01111110111001111000010000100011
11111111111111111110011110110111
00000000000001111000011110010011
11111111000001000000011100010011
00000000111101110000011110110011
01111101110001111010011100000011
11111110100001000010011110000011
00000000100101111000011110010011
00000000010001111001011110010011
00000000111101110000011110110011
00000001000001111101011110000011
00000000001101111101011110010011
00000001000001111001011100010011
00000001000001110101011100010011
11111110100001000010011110000011
00000000001001111000011110010011
00000000001001111001011110010011
00000000001101111000011110010011
00001111111101110111011100010011
11111111111111111110011010110111
00000000000001101000011010010011
11111111000001000000011000010011
00000000110101100000011010110011
00000000111101101000011110110011
01111110111001111000010000100011
11111110100001000010011110000011
00000000000101111000011110010011
11111110111101000010010000100011
11111110010001000100011110000011
11111110100001000010011100000011
11011100111101110100110011100011
11111110010001000100011110000011
00000000001001111000011110010011
00000000001001111001011110010011
11111110110001000010011100000011
00000000111101110000011110110011
11111110111101000010011000100011
11111111111111111110011110110111
00000000000001111000011110010011
11111111000001000000011100010011
00000000111101110000011110110011
01111101110001111010011110000011
00000000001001111101011110000011
00000000100001111101011110010011
00000001000001111001011110010011
00000001000001111101011110010011
00001111111101111111011100010011
11111111111111111110011110110111
00000000000001111000011110010011
11111111000001000000011010010011
00000000111101101000011010110011
11111110110001000010011110000011
00000000111101101000011110110011
01111110111001111000010000100011
11111111111111111110011110110111
00000000000001111000011110010011
11111111000001000000011100010011
00000000111101110000011110110011
01111101110001111010011110000011
00000000001001111101011100000011
11111110110001000010011110000011
00000000000101111000011110010011
00001111111101110111011100010011
11111111111111111110011010110111
00000000000001101000011010010011
11111111000001000000011000010011
00000000110101100000011010110011
00000000111101101000011110110011
01111110111001111000010000100011
11111111111100000000011110010011
11111110111101000001000000100011
11111110110001000010011110000011
11111111111001111000011110010011
00000000111100000000011010110011
11111111111111111110011110110111
00000000000001111000011110010011
01111110100001111000011110010011
11111111000001000000011100010011
00000000111101110000011110110011
00000000010001111000011100010011
11111110000001000101011110000011
00000000110100000000011000110011
00000000111000000000010110110011
00000000111100000000010100110011
00000000000000000000000000010011
00000000101000000000011110110011
11111110111101000001000000100011
11111110000001000101011110000011
11111111111101111100011110010011
11111110111101000001000000100011
11111110000001000101011110000011
00000000100001111101011110010011
00000001000001111001011100010011
00000001000001110101011100010011
11111110110001000010011110000011
00000000001001111000011110010011
00001111111101110111011100010011
11111111111111111110011010110111
00000000000001101000011010010011
11111111000001000000011000010011
00000000110101100000011010110011
00000000111101101000011110110011
01111110111001111000010000100011
11111110110001000010011110000011
00000000001101111000011110010011
11111110000001000101011100000011
00001111111101110111011100010011
11111111111111111110011010110111
00000000000001101000011010010011
11111111000001000000011000010011
00000000110101100000011010110011
00000000111101101000011110110011
01111110111001111000010000100011
11111110110001000010011110000011
00000000010001111000011110010011
11111110111101000010011000100011
11111110110001000010011110000011
11111100111101000010111000100011
11111110110001000010011110000011
11111111111111111110011100110111
00000000000001110000011100010011
01111110100001110000011100010011
11111111000001000000011010010011
00000000111001101000011100110011
00000000111101110000011100110011
11111111111111111110011110110111
00000000000001111000011110010011
11111111000001000000011010010011
00000000111101101000011110110011
01111101110001111010011110000011
00000001000101111000011010010011
11111111111111111110011110110111
00000000000001111000011110010011
11111111000001000000011000010011
00000000111101100000011110110011
01111101110001111010011110000011
00000001000001111100011110000011
00000000111100000000011000110011
00000000110100000000010110110011
00000000111000000000010100110011
00000000000000000000000000010011
11111111111111111110011110110111
00000000000001111000011110010011
11111111000001000000011100010011
00000000111101110000011110110011
01111101110001111010011110000011
00000001000001111100011110000011
00000000111100000000011100110011
11111110110001000010011110000011
00000000111001111000011110110011
11111110111101000010011000100011
11111110000001000010010000100011
00010101000000000000000001101111
11111111111111111110011110110111
00000000000001111000011110010011
11111111000001000000011100010011
00000000111101110000011110110011
01111101110001111010011100000011
11111110100001000010011110000011
00000000100101111000011110010011
00000000010001111001011110010011
00000000111101110000011110110011
00000001000001111101011110000011
00000000111100000000011100110011
11111110110001000010011110000011
00000000111101110000011100110011
00000000000000000001011110110111
00000000000001111000011110010011
01111111011101111000011110010011
00000100111001111101100001100011
11111111111111111110011110110111
00000000000001111000011110010011
11111111000001000000011100010011
00000000111101110000011110110011
01111101110001111010011100000011
11111110100001000010011110000011
00000000100101111000011110010011
00000000010001111001011110010011
00000000111101110000011110110011
00000001000001111101011110000011
00000000111100000000011100110011
11111110110001000010011110000011
00000000111101110000011110110011
00000000111100000000010110110011
00010000000000010000011110110111
00001010010001111000010100010011
00000000000000000000000000010011
00000000000000000000011110010011
01000001100000000000000001101111
11111110110001000010011110000011
11111111111111111110011100110111
00000000000001110000011100010011
01111110100001110000011100010011
11111111000001000000011010010011
00000000111001101000011100110011
00000000111101110000011010110011
11111111111111111110011110110111
00000000000001111000011110010011
11111111000001000000011100010011
00000000111101110000011110110011
01111101110001111010011100000011
11111110100001000010011110000011
00000000100101111000011110010011
00000000010001111001011110010011
00000000111101110000011110110011
00000000110001111010010110000011
11111111111111111110011110110111
00000000000001111000011110010011
11111111000001000000011100010011
00000000111101110000011110110011
01111101110001111010011100000011
11111110100001000010011110000011
00000000100101111000011110010011
00000000010001111001011110010011
00000000111101110000011110110011
00000001000001111101011110000011
00000000111100000000011000110011
00000000110100000000010100110011
00000000000000000000000000010011
11111111111111111110011110110111
00000000000001111000011110010011
11111111000001000000011100010011
00000000111101110000011110110011
01111101110001111010011100000011
11111110100001000010011110000011
00000000100101111000011110010011
00000000010001111001011110010011
00000000111101110000011110110011
00000001000001111101011110000011
00000000111100000000011100110011
11111110110001000010011110000011
00000000111001111000011110110011
11111110111101000010011000100011
11111110100001000010011110000011
00000000000101111000011110010011
11111110111101000010010000100011
11111110010001000100011110000011
11111110100001000010011100000011
11101010111101110100011011100011
11111111111100000000011110010011
11111100111101000001110100100011
11111111111111111110011110110111
00000000000001111000011110010011
01111110100001111000011110010011
11111111000001000000011100010011
00000000111101110000011100110011
11111101110001000010011110000011
00000000111101110000011010110011
11111110110001000010011100000011
11111101110001000010011110000011
01000000111101110000011100110011
11111101101001000101011110000011
00000000111000000000011000110011
00000000110100000000010110110011
00000000111100000000010100110011
00000000000000000000000000010011
00000000101000000000011110110011
11111100111101000001110100100011
11111101101001000101011110000011
11111111111101111100011110010011
11111100111101000001110100100011
11111101101001000101011110000011
00000000100001111101011110010011
00000001000001111001011110010011
00000001000001111101011110010011
00001111111101111111011100010011
11111111111111111110011110110111
00000000000001111000011110010011
11111111000001000000011010010011
00000000111101101000011010110011
11111110110001000010011110000011
00000000111101101000011110110011
01111110111001111000010000100011
11111110110001000010011110000011
00000000000101111000011110010011
11111101101001000101011100000011
00001111111101110111011100010011
11111111111111111110011010110111
00000000000001101000011010010011
11111111000001000000011000010011
00000000110101100000011010110011
00000000111101101000011110110011
01111110111001111000010000100011
11111111111111111110011110110111
00000000000001111000011110010011
11111111000001000000011100010011
00000000111101110000011110110011
01111101110001111010011110000011
00001001001001111101011110000011
00000000100001111101011110010011
00000001000001111001011100010011
00000001000001110101011100010011
11111110110001000010011110000011
00000000001001111000011110010011
00001111111101110111011100010011
11111111111111111110011010110111
00000000000001101000011010010011
11111111000001000000011000010011
00000000110101100000011010110011
00000000111101101000011110110011
01111110111001111000010000100011
11111111111111111110011110110111
00000000000001111000011110010011
11111111000001000000011100010011
00000000111101110000011110110011
01111101110001111010011110000011
00001001001001111101011100000011
11111110110001000010011110000011
00000000001101111000011110010011
00001111111101110111011100010011
11111111111111111110011010110111
00000000000001101000011010010011
11111111000001000000011000010011
00000000110101100000011010110011
00000000111101101000011110110011
01111110111001111000010000100011
11111111111111111110011110110111
00000000000001111000011110010011
11111111000001000000011100010011
00000000111101110000011110110011
01111101110001111010011110000011
01001001110001111010011110000011
00000001100001111101011100010011
11111110110001000010011110000011
00000000010001111000011110010011
00001111111101110111011100010011
11111111111111111110011010110111
00000000000001101000011010010011
11111111000001000000011000010011
00000000110101100000011010110011
00000000111101101000011110110011
01111110111001111000010000100011
11111111111111111110011110110111
00000000000001111000011110010011
11111111000001000000011100010011
00000000111101110000011110110011
01111101110001111010011110000011
01001001110001111010011110000011
00000001000001111101011100010011
11111110110001000010011110000011
00000000010101111000011110010011
00001111111101110111011100010011
11111111111111111110011010110111
00000000000001101000011010010011
11111111000001000000011000010011
00000000110101100000011010110011
00000000111101101000011110110011
01111110111001111000010000100011
11111111111111111110011110110111
00000000000001111000011110010011
11111111000001000000011100010011
00000000111101110000011110110011
01111101110001111010011110000011
01001001110001111010011110000011
00000000100001111101011100010011
11111110110001000010011110000011
00000000011001111000011110010011
00001111111101110111011100010011
11111111111111111110011010110111
00000000000001101000011010010011
11111111000001000000011000010011
00000000110101100000011010110011
00000000111101101000011110110011
01111110111001111000010000100011
11111111111111111110011110110111
00000000000001111000011110010011
11111111000001000000011100010011
00000000111101110000011110110011
01111101110001111010011110000011
01001001110001111010011100000011
11111110110001000010011110000011
00000000011101111000011110010011
00001111111101110111011100010011
11111111111111111110011010110111
00000000000001101000011010010011
11111111000001000000011000010011
00000000110101100000011010110011
00000000111101101000011110110011
01111110111001111000010000100011
11111110110001000010011110000011
00000000100001111000011110010011
11111110111101000010011000100011
11111110110001000010011100000011
00000000000000000010011110110111
00000000000001111000011110010011
10000000000001111000011110010011
00000000111001111101111001100011
11111110110001000010010110000011
00010000000000010000011110110111
00001010010001111000010100010011
00000000000000000000000000010011
00000000000000000000011110010011
00001110100000000000000001101111
11111111111111111110011110110111
00000000000001111000011110010011
11111111000001000000011100010011
00000000111101110000011110110011
01111101100001111010011100000011
00000000001000000000011110010011
00000110111101110001010001100011
11111110110001000010011100000011
00000000000000000001011110110111
00000000000001111000011110010011
01111111111101111000011110010011
00000100111001111100101001100011
11111110110001000010011110000011
11111111111111111110011100110111
00000000000001110000011100010011
01111110100001110000011100010011
11111111000001000000011010010011
00000000111001101000011100110011
00000000111101110000011010110011
00000000000000000010011110110111
00000000000001111000011110010011
10000000000001111000011100010011
11111110110001000010011110000011
01000000111101110000011110110011
00000000111100000000011000110011
00000101010100000000010110010011
00000000110100000000010100110011
00000000000000000000000000010011
00000000000000000010011110110111
00000000000001111000011110010011
10000000000001111000011110010011
11111110111101000010011000100011
11111111111111111110011110110111
00000000000001111000011110010011
11111111000001000000011100010011
00000000111101110000011110110011
01111101010001111010011110000011
00000100000001111000011001100011
11111111111111111110011110110111
00000000000001111000011110010011
01111110100001111000011110010011
11111111000001000000011100010011
00000000111101110000011010110011
11111111111111111110011110110111
00000000000001111000011110010011
11111111000001000000011100010011
00000000111101110000011110110011
11111111111111111110011100110111
00000000000001110000011100010011
11111111000001000000011000010011
00000000111001100000011100110011
01111101010001110010011100000011
11111110110001000010011000000011
00000000110100000000010110110011
01111101000001111010010100000011
00000000000001110000000011100111
00000000000100000000011110010011
00000000111100000000010100110011
00000000000000000001001100110111
00000000000000110000001100010011
00000101000000110000001100010011
00000000011000010000000100110011
01111110110000010010000010000011
01111110100000010010010000000011
01111111000000010000000100010011
00000000000000001000000001100111
