11111100000000010000000100010011
00000010000100010010111000100011
00000010100000010010110000100011
00000100000000010000010000010011
11111100101001000010011000100011
11111100101101000010010000100011
00000000000100000000011110010011
11111100111101000010110000100011
11111101110001000000011110010011
00000001000000000000011000010011
00000000000000000000010110010011
00000000111100000000010100110011
00000000000000000000000000010011
00000001000100000000011000010011
00000000001000000000010110010011
00000000001000000000010100010011
00000000000000000000000000010011
11111110101001000010011000100011
11111110110001000010011110000011
00000000000001111101011001100011
11111110110001000010011110000011
00001010110000000000000001101111
11111101100001000000011110010011
00000000010000000000011100010011
00000000111100000000011010110011
00000000001000000000011000010011
00000000000100000000010110010011
11111110110001000010010100000011
00000000000000000000000000010011
00000000101000000000011110110011
00000000000001111101101001100011
11111110110001000010010100000011
00000000000000000000000000010011
11111111111100000000011110010011
00000111100000000000000001101111
00000000001000000000011110010011
11111100111101000001111000100011
11111110000001000010000000100011
11111100110001000010011110000011
00000000000001111000110001100011
11111101110001000000011110010011
00000000010001111000011110010011
00000000111100000000010110110011
11111100110001000010010100000011
00000000000000000000000000010011
11111100100001000010011110000011
00000001000001111001011110010011
00000001000001111101011110010011
00000000111100000000010100110011
00000000000000000000000000010011
00000000101000000000011110110011
11111100111101000001111100100011
11111101110001000000011110010011
00000001000000000000011000010011
00000000111100000000010110110011
11111110110001000010010100000011
00000000000000000000000000010011
00000000101000000000011110110011
00000000000001111000101001100011
11111110110001000010010100000011
00000000000000000000000000010011
11111111111100000000011110010011
00000000100000000000000001101111
11111110110001000010011110000011
00000000111100000000010100110011
00000011110000010010000010000011
00000011100000010010010000000011
00000100000000010000000100010011
00000000000000001000000001100111
11111110000000010000000100010011
00000000000100010010111000100011
00000000100000010010110000100011
00000010000000010000010000010011
11111110101001000010011000100011
11111110101101000010010000100011
11111110100001000010011110000011
00000010000001111000010001100011
11111110100001000000011110010011
00000000010000000000011100010011
00000000111100000000011010110011
00000010000100000000011000010011
00000000000000000000010110010011
11111110110001000010010100000011
00000000000000000000000000010011
00000000101000000000011110110011
00000000100000000000000001101111
00000000000000000000011110010011
00000000111100000000010100110011
00000001110000010010000010000011
00000001100000010010010000000011
00000010000000010000000100010011
00000000000000001000000001100111
11111101000000010000000100010011
00000010000100010010011000100011
00000010100000010010010000100011
00000011000000010000010000010011
11111100101001000010111000100011
11111100101101000010110000100011
11111110100001000000011110010011
00000000100000000000011000010011
00000000000000000000010110010011
00000000111100000000010100110011
00000000000000000000000000010011
11111110100001000000011110010011
00000000111100000000010110110011
11111101100001000010010100000011
00000000000000000000000000010011
00000000101000000000011110110011
00000000000001111001011001100011
11111111111100000000011110010011
00000101100000000000000001101111
11111110100001000010011110000011
00000000111100000000010100110011
00000000000000000000000000010011
00000000101000000000011100110011
11110000000000000000011110110111
00000000000001111000011110010011
00000000111101110111011100110011
11100000000000000000011110110111
00000000000001111000011110010011
00000000111101110000011001100011
00000000000000000000011110010011
00000010100000000000000001101111
11111110000001000010011000100011
11111110100001000000011110010011
00000000100000000000011100010011
00000000111100000000011010110011
00000010001100000000011000010011
00000000000000000000010110010011
11111101110001000010010100000011
00000000000000000000000000010011
00000000101000000000011110110011
00000000111100000000010100110011
00000010110000010010000010000011
00000010100000010010010000000011
00000011000000010000000100010011
00000000000000001000000001100111
11111101000000010000000100010011
00000010000100010010011000100011
00000010100000010010010000100011
00000011000000010000010000010011
11111100101001000010111000100011
00000000001100000000010110010011
11111101110001000010010100000011
00000000000000000000000000010011
00000000101000000000011110110011
11111110111101000010011000100011
11111110110001000010011100000011
00000000000000000001011110110111
00000000000001111000011110010011
10000000000001111000011110010011
00000000111101110110011110110011
00000000111100000000011000110011
00000000010000000000010110010011
11111101110001000010010100000011
00000000000000000000000000010011
00000000101000000000011110110011
00000000111100000000010100110011
00000010110000010010000010000011
00000010100000010010010000000011
00000011000000010000000100010011
00000000000000001000000001100111
11111101000000010000000100010011
00000010000100010010011000100011
00000010100000010010010000100011
00000011000000010000010000010011
11111100101001000010111000100011
11111100101101000010110000100011
11111100110001000010101000100011
11111110000001000000011110010011
00000001000000000000011000010011
00000000000000000000010110010011
00000000111100000000010100110011
00000000000000000000000000010011
00000000001000000000011110010011
11111110111101000001000000100011
11111101010001000010011110000011
00000001000001111001011110010011
00000001000001111101011110010011
00000000111100000000010100110011
00000000000000000000000000010011
00000000101000000000011110110011
11111110111101000001000100100011
11111110000001000010001000100011
11111101100001000010011110000011
00000000000001111000110001100011
11111110000001000000011110010011
00000000010001111000011110010011
00000000111100000000010110110011
11111101100001000010010100000011
00000000000000000000000000010011
11111110000001000000011110010011
00000001000000000000011000010011
00000000111100000000010110110011
11111101110001000010010100000011
00000000000000000000000000010011
00000000101000000000011110110011
00000000111100000000010100110011
00000010110000010010000010000011
00000010100000010010010000000011
00000011000000010000000100010011
00000000000000001000000001100111
11111101000000010000000100010011
00000010000100010010011000100011
00000010100000010010010000100011
00000011000000010000010000010011
11111100101001000010111000100011
11111100101101000010110000100011
11111101100001000010010110000011
11111101110001000010010100000011
00000000000000000000000000010011
11111110101001000010011000100011
11111110110001000010011110000011
00000000000001111101011001100011
11111110110001000010011110000011
00000100110000000000000001101111
11111110110001000010010100000011
00000000000000000000000000010011
00000000101000000000011110110011
00000000000001111101101001100011
11111110110001000010010100000011
00000000000000000000000000010011
11111111111100000000011110010011
00000010110000000000000001101111
11111101110001000010010110000011
11111110110001000010010100000011
00000000000000000000000000010011
00000000101000000000011110110011
00000000000001111101101001100011
11111110110001000010010100000011
00000000000000000000000000010011
11111111111100000000011110010011
00000000100000000000000001101111
11111110110001000010011110000011
00000000111100000000010100110011
00000010110000010010000010000011
00000010100000010010010000000011
00000011000000010000000100010011
00000000000000001000000001100111
11111101000000010000000100010011
00000010000100010010011000100011
00000010100000010010010000100011
00000011000000010000010000010011
11111100101001000010111000100011
11111100101101000010110000100011
11111100110001000010101000100011
00000000000000000000010110010011
00000000000000000000010100010011
00000000000000000000000000010011
11111110101001000010011000100011
11111110110001000010011110000011
00000000000001111101011001100011
11111110110001000010011110000011
00000101100000000000000001101111
11111110110001000010010100000011
00000000000000000000000000010011
11111101100001000010011000000011
11111101110001000010010110000011
11111110110001000010010100000011
00000000000000000000000000010011
00000000101000000000011110110011
00000000000001111000101001100011
11111110110001000010010100000011
00000000000000000000000000010011
11111111111100000000011110010011
00000010100000000000000001101111
11111101110001000010010110000011
11111110110001000010010100000011
00000000000000000000000000010011
11111101010001000010011110000011
00000000000001111000100001100011
11111101010001000010010110000011
11111110110001000010010100000011
00000000000000000000000000010011
11111110110001000010011110000011
00000000111100000000010100110011
00000010110000010010000010000011
00000010100000010010010000000011
00000011000000010000000100010011
00000000000000001000000001100111
11111101000000010000000100010011
00000010000100010010011000100011
00000010100000010010010000100011
00000011000000010000010000010011
11111100101001000010111000100011
11111100101101000010110000100011
11111100110001000010101000100011
11111100110101000010100000100011
11111101000001000010011110000011
00000010111100000100001001100011
00010000000000010000011110110111
00001001100001111000011010010011
00001010100100000000011000010011
00010000000000010000011110110111
00000000000001111000010110010011
00010000000000010000011110110111
00001000100001111000010100010011
00000000000000000000000000010011
11111101110001000010011110000011
11111110111101000010001000100011
00000000000100000000011110010011
11111110111101000001010000100011
11111110000001000001010100100011
11111110010001000000011110010011
11111101000001000010011000000011
00000000000100000000010110010011
00000000111100000000010100110011
00000000000000000000000000010011
11111110101001000010011000100011
11111110110001000010011110000011
00000000000001111001101001100011
11111101010001000010011110000011
00000000000001111010000000100011
11111001001000000000011110010011
00000110010000000000000001101111
00000100000000000000011010010011
00000000000000000010011000110111
00000000000001100000011000010011
11111101100001000010010110000011
11111101110001000010010100000011
00000000000000000000000000010011
00000000101000000000011110110011
00000000111100000000011100110011
11111101010001000010011110000011
00000000111001111010000000100011
11111101010001000010011110000011
00000000000001111010011100000011
11111111111100000000011110010011
00000000111101110001101001100011
00000000000000000000000000010011
00000000101000000000011110110011
00000000000001111010011110000011
00000001110000000000000001101111
11111101010001000010011110000011
00000000000001111010011110000011
00000000000001111001011001100011
11111001100000000000011110010011
00000000100000000000000001101111
00000000000000000000011110010011
00000000111100000000010100110011
00000010110000010010000010000011
00000010100000010010010000000011
00000011000000010000000100010011
00000000000000001000000001100111
