11111101000000010000000100010011
00000010100000010010011000100011
00000011000000010000010000010011
11111100101001000010111000100011
11111101110001000010011110000011
00000000000001111100011110000011
11111110111101000010011000100011
11111110110001000010011110000011
00000001100001111001011110010011
11111110111101000010011000100011
11111101110001000010011110000011
00000000000101111000011110010011
00000000000001111100011110000011
11111110111101000010010000100011
11111110100001000010011110000011
00000001000001111001011110010011
11111110110001000010011100000011
00000000111101110110011110110011
11111110111101000010011000100011
11111101110001000010011110000011
00000000001001111000011110010011
00000000000001111100011110000011
11111110111101000010010000100011
11111110100001000010011110000011
00000000100001111001011110010011
11111110110001000010011100000011
00000000111101110110011110110011
11111110111101000010011000100011
11111101110001000010011110000011
00000000001101111000011110010011
00000000000001111100011110000011
11111110111101000010010000100011
11111110110001000010011100000011
11111110100001000010011110000011
00000000111101110110011110110011
00000000111100000000010100110011
00000010110000010010010000000011
00000011000000010000000100010011
00000000000000001000000001100111
11111101000000010000000100010011
00000010100000010010011000100011
00000011000000010000010000010011
11111100101001000010111000100011
11111101110001000010011110000011
00000000000001111100011110000011
11111110111101000001011100100011
11111110111001000001011110000011
00000000100001111001011110010011
11111110111101000001011100100011
11111101110001000010011110000011
00000000000101111000011110010011
00000000000001111100011110000011
00000001000001111001011100010011
01000001000001110101011100010011
11111110111001000101011110000011
00000000111101110110011110110011
11111110111101000001011100100011
11111110111001000001011110000011
00000000111100000000010100110011
00000010110000010010010000000011
00000011000000010000000100010011
00000000000000001000000001100111
11111101000000010000000100010011
00000010000100010010011000100011
00000010100000010010010000100011
00000011000000010000010000010011
11111100101001000010111000100011
11111110110001000000011110010011
00000000010000000000011000010011
00000000111100000000010110110011
11111101110001000010010100000011
00000000000000000000000000010011
11111110110001000010011100000011
11111101110001000010011110000011
00000000111001111010000000100011
00000000000000000000000000010011
00000010110000010010000010000011
00000010100000010010010000000011
00000011000000010000000100010011
00000000000000001000000001100111
11111101000000010000000100010011
00000010000100010010011000100011
00000010100000010010010000100011
00000011000000010000010000010011
11111100101001000010111000100011
11111110111001000000011110010011
00000000001000000000011000010011
00000000111100000000010110110011
11111101110001000010010100000011
00000000000000000000000000010011
11111110111001000001011100000011
11111101110001000010011110000011
00000000111001111001000000100011
00000000000000000000000000010011
00000010110000010010000010000011
00000010100000010010010000000011
00000011000000010000000100010011
00000000000000001000000001100111
11111101000000010000000100010011
00000010100000010010011000100011
00000011000000010000010000010011
11111100101001000010111000100011
11111110110001000000011110010011
11111101110001000010011100000011
00000000001101110100011100000011
00000000111001111000000000100011
11111110110001000000011110010011
00000000000101111000011110010011
11111101110001000010011100000011
00000000001001110100011100000011
00000000111001111000000000100011
11111110110001000000011110010011
00000000001001111000011110010011
11111101110001000010011100000011
00000000000101110100011100000011
00000000111001111000000000100011
11111110110001000000011110010011
00000000001101111000011110010011
11111101110001000010011100000011
00000000000001110100011100000011
00000000111001111000000000100011
11111110110001000010011100000011
11111101110001000010011110000011
00000000111001111010000000100011
00000000000000000000000000010011
00000010110000010010010000000011
00000011000000010000000100010011
00000000000000001000000001100111
