11111101000000010000000100010011
00000010000100010010011000100011
00000010100000010010010000100011
00000011000000010000010000010011
11111100101001000010111000100011
11111110000001000010011000100011
11111110000001000010010000100011
00000011100000000000010100010011
00000000000000000000000000010011
00000000101000000000011110110011
11111110111101000010010000100011
11111110100001000010011110000011
00000000000001111001100001100011
11111111111100000000011110010011
11111110111101000010011000100011
00001111110000000000000001101111
11111110100001000010011110000011
00000000000001111010000000100011
11111110100001000010011110000011
00000000010000000000011100110111
00101010100001110000011100010011
00000000111001111010010000100011
11111110100001000010011110000011
00000000010000000000011100110111
01010011000001110000011100010011
00000000111001111010011000100011
11111110100001000010011110000011
00000000010000000000011100110111
01011010010001110000011100010011
00000000111001111010100000100011
11111110100001000010011110000011
00000000010000000000011100110111
01100111010001110000011100010011
00000000111001111010101000100011
11111110100001000010011110000011
00000000010000000000011100110111
01110101000001110000011100010011
00000000111001111010110000100011
11111110100001000010011110000011
00000000010000000001011100110111
10000010110001110000011100010011
00000000111001111010111000100011
11111110100001000010011110000011
00000000010000000001011100110111
10000101110001110000011100010011
00000010111001111010000000100011
11111110100001000010011110000011
00000000010000000001011100110111
10001000010001110000011100010011
00000010111001111010001000100011
11111110100001000010011110000011
00000000010000000001011100110111
11010001010001110000011100010011
00000010111001111010010000100011
11111110100001000010011110000011
00000000010000000001011100110111
10110111100001110000011100010011
00000010111001111010011000100011
11111110100001000010011110000011
00000000010000000001011100110111
10010111010001110000011100010011
00000010111001111010100000100011
11111110100001000010011110000011
00000010000000000000011100010011
00000010111001111010101000100011
11111110100001000000011110010011
00000000111100000000010100110011
00000000000000000000000000010011
00000000101000000000011110110011
00000000000001111101100001100011
11111111111000000000011110010011
11111110111101000010011000100011
00000001100000000000000001101111
11111110100001000010011100000011
11111101110001000010011110000011
00000000111001111010000000100011
00000000000000000000011110010011
00000011000000000000000001101111
11111110110001000010011100000011
11111111111000000000011110010011
00000010111101110001000001100011
11111110100001000010011110000011
00000000000001111000101001100011
11111110100001000010011110000011
00000000111100000000010100110011
00000000000000000000000000010011
11111110000001000010010000100011
00000000000000000000000000010011
11111110110001000010011110000011
00000000111100000000010100110011
00000010110000010010000010000011
00000010100000010010010000000011
00000011000000010000000100010011
00000000000000001000000001100111
11111110000000010000000100010011
00000000000100010010111000100011
00000000100000010010110000100011
00000010000000010000010000010011
11111110000001000010011000100011
11111110110001000000011110010011
00000000111100000000010100110011
00000000000000000000000000010011
11111110110001000010011110000011
00000000111100000000010100110011
00000001110000010010000010000011
00000001100000010010010000000011
00000010000000010000000100010011
00000000000000001000000001100111
11111101000000010000000100010011
00000010000100010010011000100011
00000010100000010010010000100011
00000011000000010000010000010011
11111100101001000010111000100011
11111110000001000010011000100011
11111110000001000010010000100011
11111110100001000000011110010011
00000000111100000000010100110011
00000000000000000000000000010011
00000000101000000000011110110011
00000110000001111101110001100011
00000000000000000000011110010011
00001011000000000000000001101111
11111110100001000010011110000011
00000000100001111010100000000011
11111101110001000010011110000011
00000000010001111010011100000011
11111110110001000010011110000011
00000000001001111001011110010011
00000000111101110000011110110011
00000000000001111010011110000011
00000000000001111010011010000011
11111101110001000010011110000011
00000000010001111010011100000011
11111110110001000010011110000011
00000000001001111001011110010011
00000000111101110000011110110011
00000000000001111010011110000011
00000000010001111000011110010011
00000000000001111010011100000011
11111110100001000000011110010011
00000000111000000000011000110011
00000000110100000000010110110011
00000000111100000000010100110011
00000000000010000000000011100111
00000000101000000000011110110011
00000010000001111100101001100011
11111110110001000010011110000011
00000000000101111000011110010011
11111110111101000010011000100011
11111101110001000010011110000011
00000010000001111010011110000011
11111101110001000010010100000011
00000000000001111000000011100111
00000000101000000000011100110011
11111110110001000010011110000011
11110110111001111100111011100011
11111110100001000010011110000011
00000010000000000000000001101111
00000000000000000000000000010011
11111110100001000010011110000011
00000011000001111010011100000011
11111110100001000010011110000011
00000000111100000000010100110011
00000000000001110000000011100111
00000000000000000000011110010011
00000000111100000000010100110011
00000010110000010010000010000011
00000010100000010010010000000011
00000011000000010000000100010011
00000000000000001000000001100111
11111101000000010000000100010011
00000010000100010010011000100011
00000010100000010010010000100011
00000011000000010000010000010011
11111100101001000010111000100011
11111100101101000010110000100011
11111100110001000010101000100011
11111110000001000010011000100011
11111110000001000010010000100011
11111101100001000010011110000011
00000000000001111000011001100011
11111101010001000010011110000011
00000000000001111001011001100011
11111111111100000000011110010011
00100011110000000000000001101111
11111101110001000010011110000011
00000000000001111010011110000011
00000010010001111010011100000011
11111101110001000010011110000011
00000000000001111010011110000011
11111101100001000010010110000011
00000000111100000000010100110011
00000000000001110000000011100111
11111110101001000010010000100011
11111110100001000010011110000011
00001010000001111101101001100011
11111101110001000010011110000011
00000000000001111010011110000011
00000011010001111010011110000011
11111101110001000010011100000011
00000000000001110010011100000011
00000000000001110010011100000011
00000010111101110110000001100011
11111101110001000010010100000011
00000000000000000000000000010011
00000000101000000000011110110011
00000000000001111101100001100011
11111111111000000000011110010011
11111110111101000010011000100011
00010010000000000000000001101111
11111101110001000010011110000011
00000000000001111010011110000011
00000000000001111010011110000011
00000000111100000000011000110011
11111101100001000010010110000011
11111101110001000010010100000011
00000000000000000000000000010011
00000000101000000000011110110011
00000000000001111101100001100011
11111111110100000000011110010011
11111110111101000010011000100011
00001111000000000000000001101111
11111101110001000010011110000011
00000000000001111010011110000011
00000000000001111010011110000011
00000000111100000000011000110011
11111101010001000010010110000011
11111101110001000010010100000011
00000000000000000000000000010011
00000000101000000000011110110011
00000000000001111101100001100011
11111111110000000000011110010011
11111110111101000010011000100011
00001100000000000000000001101111
11111101110001000010011110000011
00000000000001111010011110000011
00000000000001111010011100000011
00000000000101110000011100010011
00000000111001111010000000100011
00001010000000000000000001101111
11111101110001000010011110000011
00000000000001111010011110000011
00000000010001111010011100000011
11111110100001000010011110000011
00000000001001111001011110010011
00000000111101110000011110110011
00000000000001111010011110000011
00000000010001111000011110010011
00000000000001111010011110000011
00000100000001111000101001100011
11111101110001000010011110000011
00000000000001111010011110000011
00000000010001111010011100000011
11111110100001000010011110000011
00000000001001111001011110010011
00000000111101110000011110110011
00000000000001111010011110000011
00000000010001111000011110010011
00000000000001111010011110000011
00000000111100000000010100110011
00000000000000000000000000010011
11111101110001000010011110000011
00000000000001111010011110000011
00000000010001111010011100000011
11111110100001000010011110000011
00000000001001111001011110010011
00000000111101110000011110110011
00000000000001111010011110000011
00000000010001111000011110010011
00000000000001111010000000100011
11111110100001000010011000000011
11111101010001000010010110000011
11111101110001000010010100000011
00000000000000000000000000010011
00000000101000000000011110110011
00000000000001111101100001100011
11111111101100000000011110010011
11111110111101000010011000100011
00000000110000000000000001101111
00000000000000000000011110010011
00001011110000000000000001101111
11111110110001000010011110000011
00001010000001111101100001100011
11111110110001000010011100000011
11111111110100000000011110010011
00001010111101110101000001100011
11111110110001000010011100000011
11111111101100000000011110010011
00000100111101110000111001100011
11111110110001000010011100000011
11111111110000000000011110010011
00001000111101110001011001100011
11111101110001000010011110000011
00000000000001111010011100000011
11111101110001000010011110000011
00000000000001111010011110000011
00000000000001111010011110000011
00000000111100000000010110110011
00000000111000000000010100110011
00000000000000000000000000010011
11111101110001000010011110000011
00000000000001111010011110000011
00000000010001111010011100000011
11111101110001000010011110000011
00000000000001111010011110000011
00000000000001111010011110000011
00000000001001111001011110010011
00000000111101110000011110110011
00000000000001111010011110000011
00000000000001111010000000100011
00000100000000000000000001101111
11111101110001000010011110000011
00000000000001111010011110000011
11111110100001000010010110000011
00000000111100000000010100110011
00000000000000000000000000010011
11111101110001000010011110000011
00000000000001111010011110000011
00000000010001111010011100000011
11111110100001000010011110000011
00000000001001111001011110010011
00000000111101110000011110110011
00000000000001111010011110000011
00000000000001111010000000100011
00000000100000000000000001101111
00000000000000000000000000010011
11111110110001000010011110000011
00000000111100000000010100110011
00000010110000010010000010000011
00000010100000010010010000000011
00000011000000010000000100010011
00000000000000001000000001100111
11111101000000010000000100010011
00000010000100010010011000100011
00000010100000010010010000100011
00000011000000010000010000010011
11111100101001000010111000100011
11111100101101000010110000100011
11111110000001000010011000100011
11111101110001000010011110000011
00000010010001111010011110000011
11111101100001000010010110000011
11111101110001000010010100000011
00000000000001111000000011100111
11111110101001000010011000100011
11111110110001000010011110000011
00000000000001111101011001100011
00000000000000000000011110010011
00000010000000000000000001101111
11111101110001000010011110000011
00000000010001111010011100000011
11111110110001000010011110000011
00000000001001111001011110010011
00000000111101110000011110110011
00000000000001111010011110000011
00000000010001111010011110000011
00000000111100000000010100110011
00000010110000010010000010000011
00000010100000010010010000000011
00000011000000010000000100010011
00000000000000001000000001100111
11111101000000010000000100010011
00000010000100010010011000100011
00000010100000010010010000100011
00000011000000010000010000010011
11111100101001000010111000100011
11111100101101000010110000100011
11111100110001000010101000100011
11111110000001000010011000100011
11111110000001000010010000100011
11111101110001000010011110000011
00000000110001111010011110000011
11111101100001000010010110000011
11111101110001000010010100000011
00000000000001111000000011100111
11111110101001000010010000100011
11111110100001000010011110000011
00000000000001111001011001100011
11111111111100000000011110010011
00000111010000000000000001101111
11111110100001000010010100000011
00000000000000000000000000010011
11111110101001000010011000100011
11111110110001000010011110000011
00000000000101111000011110010011
00000000111100000000010100110011
00000000000000000000000000010011
00000000101000000000011110110011
00000000111100000000011100110011
11111101010001000010011110000011
00000000111001111010000000100011
11111101010001000010011110000011
00000000000001111010011110000011
00000000000001111001011001100011
11111111111000000000011110010011
00000011010000000000000001101111
11111101010001000010011110000011
00000000000001111010011110000011
11111110110001000010011000000011
11111110100001000010010110000011
00000000111100000000010100110011
00000000000000000000000000010011
11111101010001000010011110000011
00000000000001111010011100000011
11111110110001000010011110000011
00000000111101110000011110110011
00000000000001111000000000100011
00000000000000000000011110010011
00000000111100000000010100110011
00000010110000010010000010000011
00000010100000010010010000000011
00000011000000010000000100010011
00000000000000001000000001100111
11111101000000010000000100010011
00000010000100010010011000100011
00000010100000010010010000100011
00000011000000010000010000010011
11111100101001000010111000100011
11111110000001000010011000100011
11111110000001000010010000100011
11111101110001000010011110000011
00000010000001111010011110000011
11111101110001000010010100000011
00000000000001111000000011100111
00000000101000000000011110110011
00000000001001111001011110010011
00000000111100000000010100110011
00000000000000000000000000010011
00000000101000000000011110110011
11111110111101000010010000100011
11111110100001000010011110000011
00000110000001111000111001100011
00000001000000000000000001101111
11111110110001000010011110000011
00000000000101111000011110010011
11111110111101000010011000100011
11111101110001000010011110000011
00000010000001111010011110000011
11111101110001000010010100000011
00000000000001111000000011100111
00000000101000000000011100110011
11111110110001000010011110000011
00000010111001111101111001100011
11111101110001000010011110000011
00000000010001111010011100000011
11111110110001000010011110000011
00000000001001111001011110010011
00000000111101110000011110110011
00000000000001111010011100000011
11111110110001000010011110000011
00000000001001111001011110010011
11111110100001000010011010000011
00000000111101101000011110110011
00000000000001110010011100000011
00000000111001111010000000100011
00000000000001111010011110000011
11111010000001111001001011100011
11111110110001000010011110000011
00000000001001111001011110010011
11111110100001000010011100000011
00000000111101110000011110110011
00000000000001111010000000100011
11111110100001000010011110000011
00000000111100000000010100110011
00000010110000010010000010000011
00000010100000010010010000000011
00000011000000010000000100010011
00000000000000001000000001100111
11111101000000010000000100010011
00000010000100010010011000100011
00000010100000010010010000100011
00000011000000010000010000010011
11111100101001000010111000100011
11111110000001000010011000100011
11111110000001000010010000100011
11111101110001000010011110000011
00000010000001111010011110000011
11111101110001000010010100000011
00000000000001111000000011100111
00000000101000000000011110110011
00000000001001111001011110010011
00000000111100000000010100110011
00000000000000000000000000010011
00000000101000000000011110110011
11111110111101000010010000100011
11111110100001000010011110000011
00000110000001111000111001100011
00000001000000000000000001101111
11111110110001000010011110000011
00000000000101111000011110010011
11111110111101000010011000100011
11111101110001000010011110000011
00000010000001111010011110000011
11111101110001000010010100000011
00000000000001111000000011100111
00000000101000000000011100110011
11111110110001000010011110000011
00000010111001111101111001100011
11111101110001000010011110000011
00000000010001111010011100000011
11111110110001000010011110000011
00000000001001111001011110010011
00000000111101110000011110110011
00000000000001111010011100000011
11111110110001000010011110000011
00000000001001111001011110010011
11111110100001000010011010000011
00000000111101101000011110110011
00000000010001110010011100000011
00000000111001111010000000100011
00000000000001111010011110000011
11111010000001111001001011100011
11111110110001000010011110000011
00000000001001111001011110010011
11111110100001000010011100000011
00000000111101110000011110110011
00000000000001111010000000100011
11111110100001000010011110000011
00000000111100000000010100110011
00000010110000010010000010000011
00000010100000010010010000000011
00000011000000010000000100010011
00000000000000001000000001100111
11111110000000010000000100010011
00000000100000010010111000100011
00000010000000010000010000010011
11111110101001000010011000100011
11111110110001000010011110000011
00000000000001111010011110000011
00000000000101111011011110010011
00001111111101111111011110010011
00000000111100000000010100110011
00000001110000010010010000000011
00000010000000010000000100010011
00000000000000001000000001100111
11111110000000010000000100010011
00000000100000010010111000100011
00000010000000010000010000010011
11111110101001000010011000100011
11111110110001000010011110000011
00000000000001111010011110000011
00000000111100000000010100110011
00000001110000010010010000000011
00000010000000010000000100010011
00000000000000001000000001100111
11111101000000010000000100010011
00000010000100010010011000100011
00000010100000010010010000100011
00000011000000010000010000010011
11111100101001000010111000100011
11111100101101000010110000100011
11111110000001000010011000100011
11111110000001000010010000100011
11111101110001000010011110000011
00000000000001111010011110000011
11111111111101111000011110010011
11111110111101000010010000100011
00001000110000000000000001101111
11111101110001000010011110000011
00000000010001111010011100000011
11111110110001000010011110000011
00000000001001111001011110010011
00000000111101110000011110110011
00000000000001111010011110000011
00000000000001111010011110000011
11111101100001000010010110000011
00000000111100000000010100110011
00000000000000000000000000010011
00000000101000000000011110110011
00000000000001111001011001100011
11111110110001000010011110000011
00000111010000000000000001101111
11111101110001000010011110000011
00000000010001111010011100000011
11111110100001000010011110000011
00000000001001111001011110010011
00000000111101110000011110110011
00000000000001111010011110000011
00000000000001111010011110000011
11111101100001000010010110000011
00000000111100000000010100110011
00000000000000000000000000010011
00000000101000000000011110110011
00000000000001111001011001100011
11111110100001000010011110000011
00000011110000000000000001101111
11111110110001000010011110000011
00000000000101111000011110010011
11111110111101000010011000100011
11111110100001000010011110000011
11111111111101111000011110010011
11111110111101000010010000100011
11111101110001000010011110000011
00000000000001111010011110000011
11111110110001000010011100000011
00000000111101110101100001100011
11111110110001000010011100000011
11111110100001000010011110000011
11110110111001111101000011100011
11111111111100000000011110010011
00000000111100000000010100110011
00000010110000010010000010000011
00000010100000010010010000000011
00000011000000010000000100010011
00000000000000001000000001100111
11111101000000010000000100010011
00000010000100010010011000100011
00000010100000010010010000100011
00000011000000010000010000010011
11111100101001000010111000100011
11111110000001000010011000100011
11111110000001000010010000100011
11111101110001000010011110000011
00011100000001111000100001100011
11111101110001000010011110000011
00000000010001111010011110000011
00011010000001111000101001100011
11111101110001000010011110000011
00000000000001111010011110000011
11111111111101111000011110010011
11111110111101000010010000100011
00010110110000000000000001101111
11111101110001000010011110000011
00000000010001111010011100000011
11111110110001000010011110000011
00000000001001111001011110010011
00000000111101110000011110110011
00000000000001111010011110000011
00001000000001111000100001100011
11111110110001000010010110000011
11111101110001000010010100000011
00000000000000000000000000010011
11111101110001000010011110000011
00000000010001111010011100000011
11111110110001000010011110000011
00000000001001111001011110010011
00000000111101110000011110110011
00000000000001111010011110000011
00000000000001111010000000100011
11111110110001000010010110000011
11111101110001000010010100000011
00000000000000000000000000010011
11111101110001000010011110000011
00000000010001111010011100000011
11111110110001000010011110000011
00000000001001111001011110010011
00000000111101110000011110110011
00000000000001111010011110000011
00000000010001111000011110010011
00000000000001111010000000100011
11111101110001000010011110000011
00000000010001111010011100000011
11111110110001000010011110000011
00000000001001111001011110010011
00000000111101110000011110110011
00000000000001111010011110000011
00000000111100000000010100110011
00000000000000000000000000010011
11111101110001000010011110000011
00000000010001111010011100000011
11111110110001000010011110000011
00000000001001111001011110010011
00000000111101110000011110110011
00000000000001111010000000100011
11111101110001000010011110000011
00000000010001111010011100000011
11111110100001000010011110000011
00000000001001111001011110010011
00000000111101110000011110110011
00000000000001111010011110000011
00001000000001111000100001100011
11111110100001000010010110000011
11111101110001000010010100000011
00000000000000000000000000010011
11111101110001000010011110000011
00000000010001111010011100000011
11111110100001000010011110000011
00000000001001111001011110010011
00000000111101110000011110110011
00000000000001111010011110000011
00000000000001111010000000100011
11111110100001000010010110000011
11111101110001000010010100000011
00000000000000000000000000010011
11111101110001000010011110000011
00000000010001111010011100000011
11111110100001000010011110000011
00000000001001111001011110010011
00000000111101110000011110110011
00000000000001111010011110000011
00000000010001111000011110010011
00000000000001111010000000100011
11111101110001000010011110000011
00000000010001111010011100000011
11111110100001000010011110000011
00000000001001111001011110010011
00000000111101110000011110110011
00000000000001111010011110000011
00000000111100000000010100110011
00000000000000000000000000010011
11111101110001000010011110000011
00000000010001111010011100000011
11111110100001000010011110000011
00000000001001111001011110010011
00000000111101110000011110110011
00000000000001111010000000100011
11111110110001000010011110000011
00000000000101111000011110010011
11111110111101000010011000100011
11111110100001000010011110000011
11111111111101111000011110010011
11111110111101000010010000100011
11111101110001000010011110000011
00000000000001111010011110000011
11111110110001000010011100000011
00000000111101110101100001100011
11111110110001000010011100000011
11111110100001000010011110000011
11101000111001111101000011100011
11111101110001000010011110000011
00000000010001111010011110000011
00000000111100000000010100110011
00000000000000000000000000010011
11111101110001000010011110000011
00000000000001111010001000100011
11111101110001000010010100000011
00000000000000000000000000010011
11111100000001000010111000100011
00000000000000000000000000010011
00000000000000000000000000010011
00000010110000010010000010000011
00000010100000010010010000000011
00000011000000010000000100010011
00000000000000001000000001100111
11111101000000010000000100010011
00000010000100010010011000100011
00000010100000010010010000100011
00000011000000010000010000010011
11111100101001000010111000100011
11111110000001000010011000100011
11111110000001000010010000100011
11111101110001000010011110000011
00000000000001111010011110000011
00000000000001111010011110000011
11111111111101111000011110010011
11111110111101000010010000100011
00010010110000000000000001101111
11111101110001000010011110000011
00000000000001111010011110000011
00000000010001111010011100000011
11111110110001000010011110000011
00000000001001111001011110010011
00000000111101110000011110110011
00000000000001111010011110000011
00000110000001111000011001100011
11111101110001000010011110000011
00000000000001111010011110000011
11111110110001000010010110000011
00000000111100000000010100110011
00000000000000000000000000010011
11111101110001000010011110000011
00000000000001111010011110000011
11111110110001000010010110000011
00000000111100000000010100110011
00000000000000000000000000010011
11111101110001000010011110000011
00000000000001111010011110000011
00000000010001111010011100000011
11111110110001000010011110000011
00000000001001111001011110010011
00000000111101110000011110110011
00000000000001111010011110000011
00000000111100000000010100110011
00000000000000000000000000010011
11111101110001000010011110000011
00000000000001111010011110000011
00000000010001111010011100000011
11111110110001000010011110000011
00000000001001111001011110010011
00000000111101110000011110110011
00000000000001111010000000100011
11111101110001000010011110000011
00000000000001111010011110000011
00000000010001111010011100000011
11111110100001000010011110000011
00000000001001111001011110010011
00000000111101110000011110110011
00000000000001111010011110000011
00000110000001111000011001100011
11111101110001000010011110000011
00000000000001111010011110000011
11111110100001000010010110000011
00000000111100000000010100110011
00000000000000000000000000010011
11111101110001000010011110000011
00000000000001111010011110000011
11111110100001000010010110000011
00000000111100000000010100110011
00000000000000000000000000010011
11111101110001000010011110000011
00000000000001111010011110000011
00000000010001111010011100000011
11111110100001000010011110000011
00000000001001111001011110010011
00000000111101110000011110110011
00000000000001111010011110000011
00000000111100000000010100110011
00000000000000000000000000010011
11111101110001000010011110000011
00000000000001111010011110000011
00000000010001111010011100000011
11111110100001000010011110000011
00000000001001111001011110010011
00000000111101110000011110110011
00000000000001111010000000100011
11111110110001000010011110000011
00000000000101111000011110010011
11111110111101000010011000100011
11111110100001000010011110000011
11111111111101111000011110010011
11111110111101000010010000100011
11111101110001000010011110000011
00000000000001111010011110000011
00000000000001111010011110000011
11111110110001000010011100000011
00000000111101110101100001100011
11111110110001000010011100000011
11111110100001000010011110000011
11101010111001111101111011100011
11111101110001000010011110000011
00000000000001111010011110000011
00000000000001111010000000100011
00000000000000000000000000010011
00000010110000010010000010000011
00000010100000010010010000000011
00000011000000010000000100010011
00000000000000001000000001100111
11111101000000010000000100010011
00000010000100010010011000100011
00000010100000010010010000100011
00000011000000010000010000010011
11111100101001000010111000100011
11111100101101000010110000100011
11111110000001000010011000100011
11111101110001000010011110000011
00000000000001111010011110000011
00000010010001111010011100000011
11111101110001000010011110000011
00000000000001111010011110000011
11111101100001000010010110000011
00000000111100000000010100110011
00000000000001110000000011100111
11111110101001000010011000100011
11111110110001000010011110000011
00001100000001111100100001100011
11111101110001000010011110000011
00000000000001111010011110000011
11111110110001000010010110000011
00000000111100000000010100110011
00000000000000000000000000010011
11111101110001000010011110000011
00000000000001111010011110000011
11111110110001000010010110000011
00000000111100000000010100110011
00000000000000000000000000010011
00000001000000000000000001101111
11111110110001000010011110000011
00000000000101111000011110010011
11111110111101000010011000100011
11111101110001000010011110000011
00000000000001111010011110000011
00000000000001111010011110000011
11111110110001000010011100000011
00000100111101110101010001100011
11111101110001000010011110000011
00000000000001111010011110000011
00000000010001111010011100000011
11111110110001000010011110000011
00000000000101111000011110010011
00000000001001111001011110010011
00000000111101110000011100110011
11111101110001000010011110000011
00000000000001111010011110000011
00000000010001111010011010000011
11111110110001000010011110000011
00000000001001111001011110010011
00000000111101101000011110110011
00000000000001110010011100000011
00000000111001111010000000100011
00000000000001111010011110000011
11111010000001111001000011100011
11111101110001000010011110000011
00000000000001111010011110000011
00000000000001111010011100000011
11111111111101110000011100010011
00000000111001111010000000100011
11111101110001000010011110000011
00000000000001111010011110000011
00000000010001111010011100000011
11111101110001000010011110000011
00000000000001111010011110000011
00000000000001111010011110000011
00000000001001111001011110010011
00000000111101110000011110110011
00000000000001111010000000100011
00000000100000000000000001101111
00000000000000000000000000010011
00000010110000010010000010000011
00000010100000010010010000000011
00000011000000010000000100010011
00000000000000001000000001100111
11111101000000010000000100010011
00000010000100010010011000100011
00000010100000010010010000100011
00000010100100010010001000100011
00000011000000010000010000010011
11111100101001000010111000100011
11111100101101000010110000100011
11111100110001000010101000100011
11111110000001000010011000100011
11111101100001000010010100000011
00000000000000000000000000010011
11111110101001000010011000100011
11111110110001000010011110000011
00000000000101111000011010010011
11111101110001000010011110000011
00000000000001111010011110000011
00000000010001111010011100000011
11111101010001000010011110000011
00000000001001111001011110010011
00000000111101110000011110110011
00000000000001111010010010000011
00000000110100000000010100110011
00000000000000000000000000010011
00000000101000000000011110110011
00000000111101001010000000100011
00000000000001001010011110000011
00000000000001111001011001100011
11111111111100000000011110010011
00000110010000000000000001101111
11111101110001000010011110000011
00000000000001111010011110000011
00000000010001111010011100000011
11111101010001000010011110000011
00000000001001111001011110010011
00000000111101110000011110110011
00000000000001111010011110000011
00000000000001111010011110000011
11111110110001000010011000000011
11111101100001000010010110000011
00000000111100000000010100110011
00000000000000000000000000010011
11111101110001000010011110000011
00000000000001111010011110000011
00000000010001111010011100000011
11111101010001000010011110000011
00000000001001111001011110010011
00000000111101110000011110110011
00000000000001111010011110000011
00000000000001111010011100000011
11111110110001000010011110000011
00000000111101110000011110110011
00000000000001111000000000100011
00000000000000000000011110010011
00000000111100000000010100110011
00000010110000010010000010000011
00000010100000010010010000000011
00000010010000010010010010000011
00000011000000010000000100010011
00000000000000001000000001100111
11111101000000010000000100010011
00000010000100010010011000100011
00000010100000010010010000100011
00000010100100010010001000100011
00000011000000010000010000010011
11111100101001000010111000100011
11111100101101000010110000100011
11111100110001000010101000100011
11111110000001000010011000100011
11111101100001000010010100000011
00000000000000000000000000010011
11111110101001000010011000100011
11111110110001000010011110000011
00000000000101111000011010010011
11111101110001000010011110000011
00000000000001111010011110000011
00000000010001111010011100000011
11111101010001000010011110000011
00000000001001111001011110010011
00000000111101110000011110110011
00000000000001111010011110000011
00000000010001111000010010010011
00000000110100000000010100110011
00000000000000000000000000010011
00000000101000000000011110110011
00000000111101001010000000100011
00000000000001001010011110000011
00000000000001111001011001100011
11111111111100000000011110010011
00000110110000000000000001101111
11111101110001000010011110000011
00000000000001111010011110000011
00000000010001111010011100000011
11111101010001000010011110000011
00000000001001111001011110010011
00000000111101110000011110110011
00000000000001111010011110000011
00000000010001111000011110010011
00000000000001111010011110000011
11111110110001000010011000000011
11111101100001000010010110000011
00000000111100000000010100110011
00000000000000000000000000010011
11111101110001000010011110000011
00000000000001111010011110000011
00000000010001111010011100000011
11111101010001000010011110000011
00000000001001111001011110010011
00000000111101110000011110110011
00000000000001111010011110000011
00000000010001111000011110010011
00000000000001111010011100000011
11111110110001000010011110000011
00000000111101110000011110110011
00000000000001111000000000100011
00000000000000000000011110010011
00000000111100000000010100110011
00000010110000010010000010000011
00000010100000010010010000000011
00000010010000010010010010000011
00000011000000010000000100010011
00000000000000001000000001100111
11111110000000010000000100010011
00000000000100010010111000100011
00000000100000010010110000100011
00000010000000010000010000010011
11111110101001000010011000100011
11111110101101000010010000100011
11111110110001000010011110000011
00000000010001111010011100000011
11111110100001000010011110000011
00000000001001111001011110010011
00000000111101110000011110110011
00000000000001111010011110000011
00000000000001111010011110000011
00000100000001111000010001100011
11111110110001000010011110000011
00000000010001111010011100000011
11111110100001000010011110000011
00000000001001111001011110010011
00000000111101110000011110110011
00000000000001111010011110000011
00000000000001111010011110000011
00000000111100000000010100110011
00000000000000000000000000010011
11111110110001000010011110000011
00000000010001111010011100000011
11111110100001000010011110000011
00000000001001111001011110010011
00000000111101110000011110110011
00000000000001111010011110000011
00000000000001111010000000100011
00000000000000000000000000010011
00000000000000000000000000010011
00000001110000010010000010000011
00000001100000010010010000000011
00000010000000010000000100010011
00000000000000001000000001100111
11111110000000010000000100010011
00000000000100010010111000100011
00000000100000010010110000100011
00000010000000010000010000010011
11111110101001000010011000100011
11111110101101000010010000100011
11111110110001000010011110000011
00000000010001111010011100000011
11111110100001000010011110000011
00000000001001111001011110010011
00000000111101110000011110110011
00000000000001111010011110000011
00000000010001111000011110010011
00000000000001111010011110000011
00000100000001111000100001100011
11111110110001000010011110000011
00000000010001111010011100000011
11111110100001000010011110000011
00000000001001111001011110010011
00000000111101110000011110110011
00000000000001111010011110000011
00000000010001111000011110010011
00000000000001111010011110000011
00000000111100000000010100110011
00000000000000000000000000010011
11111110110001000010011110000011
00000000010001111010011100000011
11111110100001000010011110000011
00000000001001111001011110010011
00000000111101110000011110110011
00000000000001111010011110000011
00000000010001111000011110010011
00000000000001111010000000100011
00000000000000000000000000010011
00000000000000000000000000010011
00000001110000010010000010000011
00000001100000010010010000000011
00000010000000010000000100010011
00000000000000001000000001100111
11111101000000010000000100010011
00000010000100010010011000100011
00000010100000010010010000100011
00000010100100010010001000100011
00000011000000010000010000010011
11111100101001000010111000100011
11111110000001000010011000100011
11111110000001000010010000100011
11111101110001000010011110000011
00000000000001111010011110000011
00000011010001111010011110000011
00000000001001111001011100010011
11111101110001000010011110000011
00000000000001111010010010000011
00000000111000000000010100110011
00000000000000000000000000010011
00000000101000000000011110110011
00000000111101001010001000100011
00000000010001001010011110000011
00001000000001111001111001100011
11111111111100000000011110010011
11111110111101000010011000100011
00001010110000000000000001101111
11111101110001000010011110000011
00000000000001111010011110000011
00000000010001111010011100000011
11111110100001000010011110000011
00000000001001111001011110010011
00000000111101110000010010110011
00000000100000000000010100010011
00000000000000000000000000010011
00000000101000000000011110110011
00000000111101001010000000100011
00000000000001001010011110000011
00000000000001111001100001100011
11111111111000000000011110010011
11111110111101000010011000100011
00000111000000000000000001101111
11111101110001000010011110000011
00000000000001111010011110000011
00000000010001111010011100000011
11111110100001000010011110000011
00000000001001111001011110010011
00000000111101110000011110110011
00000000000001111010011110000011
00000000000001111010000000100011
11111101110001000010011110000011
00000000000001111010011110000011
00000000010001111010011100000011
11111110100001000010011110000011
00000000001001111001011110010011
00000000111101110000011110110011
00000000000001111010011110000011
00000000010001111000011110010011
00000000000001111010000000100011
11111110100001000010011110000011
00000000000101111000011110010011
11111110111101000010010000100011
11111101110001000010011110000011
00000000000001111010011110000011
00000011010001111010011110000011
11111110100001000010011100000011
11110110111101110110001011100011
00000000000000000000011110010011
00001101110000000000000001101111
11111110110001000010011100000011
11111111111000000000011110010011
00001100111101110001011001100011
11111101110001000010011110000011
00000000000001111010011110000011
00000000010001111010011110000011
00001010000001111000110001100011
11111110000001000010010000100011
00000101000000000000000001101111
11111101110001000010011110000011
00000000000001111010011110000011
00000000010001111010011100000011
11111110100001000010011110000011
00000000001001111001011110010011
00000000111101110000011110110011
00000000000001111010011110000011
00000000111100000000010100110011
00000000000000000000000000010011
11111101110001000010011110000011
00000000000001111010011110000011
00000000010001111010011100000011
11111110100001000010011110000011
00000000001001111001011110010011
00000000111101110000011110110011
00000000000001111010000000100011
11111110100001000010011110000011
00000000000101111000011110010011
11111110111101000010010000100011
11111101110001000010011110000011
00000000000001111010011110000011
00000011010001111010011110000011
11111110100001000010011100000011
00000010111101110111001001100011
11111101110001000010011110000011
00000000000001111010011110000011
00000000010001111010011100000011
11111110100001000010011110000011
00000000001001111001011110010011
00000000111101110000011110110011
00000000000001111010011110000011
11111000000001111001001011100011
11111101110001000010011110000011
00000000000001111010011110000011
00000000010001111010011110000011
00000000111100000000010100110011
00000000000000000000000000010011
11111101110001000010011110000011
00000000000001111010011110000011
00000000000001111010001000100011
11111101110001000010011110000011
00000000000001111010011110000011
00000000000001111010000000100011
00000000000000000000000000010011
11111110110001000010011110000011
00000000111100000000010100110011
00000010110000010010000010000011
00000010100000010010010000000011
00000010010000010010010010000011
00000011000000010000000100010011
00000000000000001000000001100111
11111101000000010000000100010011
00000010000100010010011000100011
00000010100000010010010000100011
00000010100100010010001000100011
00000011000000010000010000010011
11111100101001000010111000100011
11111110000001000010011000100011
11111110000001000010010000100011
11111101110001000010011110000011
00000000000001111010011110000011
00000011010001111010011100000011
11111101110001000010011110000011
00000000000001111010011110000011
00000010000001110000011100010011
00000010111001111010101000100011
11111101110001000010011110000011
00000000000001111010011110000011
00000000010001111010011100000011
11111101110001000010011110000011
00000000000001111010011110000011
00000011010001111010011110000011
00000000001001111001011010010011
11111101110001000010011110000011
00000000000001111010010010000011
00000000110100000000010110110011
00000000111000000000010100110011
00000000000000000000000000010011
00000000101000000000011110110011
00000000111101001010001000100011
00000000010001001010011110000011
00000000000001111001100001100011
11111111111100000000011110010011
11111110111101000010011000100011
00001100000000000000000001101111
11111101110001000010011110000011
00000000000001111010011110000011
00000000000001111010011110000011
11111110111101000010010000100011
00001001000000000000000001101111
11111101110001000010011110000011
00000000000001111010011110000011
00000000010001111010011100000011
11111110100001000010011110000011
00000000001001111001011110010011
00000000111101110000010010110011
00000000100000000000010100010011
00000000000000000000000000010011
00000000101000000000011110110011
00000000111101001010000000100011
00000000000001001010011110000011
00000000000001111001100001100011
11111111111000000000011110010011
11111110111101000010011000100011
00000111000000000000000001101111
11111101110001000010011110000011
00000000000001111010011110000011
00000000010001111010011100000011
11111110100001000010011110000011
00000000001001111001011110010011
00000000111101110000011110110011
00000000000001111010011110000011
00000000000001111010000000100011
11111101110001000010011110000011
00000000000001111010011110000011
00000000010001111010011100000011
11111110100001000010011110000011
00000000001001111001011110010011
00000000111101110000011110110011
00000000000001111010011110000011
00000000010001111000011110010011
00000000000001111010000000100011
11111110100001000010011110000011
00000000000101111000011110010011
11111110111101000010010000100011
11111101110001000010011110000011
00000000000001111010011110000011
00000011010001111010011110000011
11111110100001000010011100000011
11110110111101110110001011100011
00000000000000000000011110010011
00001101110000000000000001101111
11111110110001000010011100000011
11111111111000000000011110010011
00001100111101110001011001100011
11111101110001000010011110000011
00000000000001111010011110000011
00000000010001111010011110000011
00001010000001111000110001100011
11111110000001000010010000100011
00000101000000000000000001101111
11111101110001000010011110000011
00000000000001111010011110000011
00000000010001111010011100000011
11111110100001000010011110000011
00000000001001111001011110010011
00000000111101110000011110110011
00000000000001111010011110000011
00000000111100000000010100110011
00000000000000000000000000010011
11111101110001000010011110000011
00000000000001111010011110000011
00000000010001111010011100000011
11111110100001000010011110000011
00000000001001111001011110010011
00000000111101110000011110110011
00000000000001111010000000100011
11111110100001000010011110000011
00000000000101111000011110010011
11111110111101000010010000100011
11111101110001000010011110000011
00000000000001111010011110000011
00000011010001111010011110000011
11111110100001000010011100000011
00000010111101110111001001100011
11111101110001000010011110000011
00000000000001111010011110000011
00000000010001111010011100000011
11111110100001000010011110000011
00000000001001111001011110010011
00000000111101110000011110110011
00000000000001111010011110000011
11111000000001111001001011100011
11111101110001000010011110000011
00000000000001111010011110000011
00000000010001111010011110000011
00000000111100000000010100110011
00000000000000000000000000010011
11111101110001000010011110000011
00000000000001111010011110000011
00000000000001111010001000100011
11111101110001000010011110000011
00000000000001111010011110000011
00000000000001111010000000100011
00000000000000000000000000010011
11111110110001000010011110000011
00000000111100000000010100110011
00000010110000010010000010000011
00000010100000010010010000000011
00000010010000010010010010000011
00000011000000010000000100010011
00000000000000001000000001100111
11111101000000010000000100010011
00000010000100010010011000100011
00000010100000010010010000100011
00000011000000010000010000010011
11111100101001000010111000100011
11111100101101000010110000100011
11111101110001000010011110000011
00000000000001111000011001100011
11111101100001000010011110000011
00000000000001111001011001100011
11111111111100000000011110010011
00001010000000000000000001101111
11111110000001000010011000100011
11111110000001000010010000100011
11111110000001000010001000100011
11111101110001000010010100000011
00000000000000000000000000010011
11111110101001000010010000100011
11111101100001000010010100000011
00000000000000000000000000010011
11111110101001000010001000100011
00000010100000000000000001101111
11111101110001000010011110000011
00000000000101111000011110010011
11111100111101000010111000100011
11111101100001000010011110000011
00000000000101111000011110010011
11111100111101000010110000100011
11111110110001000010011110000011
00000000000101111000011110010011
11111110111101000010011000100011
11111101110001000010011110000011
00000000000001111100011100000011
11111101100001000010011110000011
00000000000001111100011110000011
00000000111101110001111001100011
11111101110001000010011110000011
00000000000001111100011110000011
00000000000001111000100001100011
11111101100001000010011110000011
00000000000001111100011110000011
11111010000001111001101011100011
11111110110001000010011100000011
11111110100001000010011110000011
00000000111101110001110001100011
11111110110001000010011100000011
11111110010001000010011110000011
00000000111101110001011001100011
00000000000000000000011110010011
00000000100000000000000001101111
00000000000100000000011110010011
00000000111100000000010100110011
00000010110000010010000010000011
00000010100000010010010000000011
00000011000000010000000100010011
00000000000000001000000001100111
