11111101000000010000000100010011
00000010100000010010011000100011
00000011000000010000010000010011
11111100101001000010111000100011
11111110000001000001011100100011
00000000100100000000011110010011
11111110111101000010010000100011
11111101110001000010011110000011
00000000001001111000011110010011
11111110111101000010001000100011
00000111110000000000000001101111
11111110111001000101011110000011
00000000100001111001011110010011
00000001000001111001011100010011
01000001000001110101011100010011
11111110111001000101011110000011
00000000100001111101011110010011
00000001000001111001011110010011
00000001000001111101011110010011
00000000111100000000011010110011
11111110010001000010011110000011
00000000000001111100011110000011
00000000111101101100011110110011
00001111111101111111011110010011
00010000000000010000011010110111
00000000000001101000011010010011
00000000000101111001011110010011
00000000111101101000011110110011
00000000000001111101011110000011
00000001000001111001011110010011
01000001000001111101011110010011
00000000111101110100011110110011
00000001000001111001011110010011
01000001000001111101011110010011
11111110111101000001011100100011
11111110100001000010011110000011
11111111111101111000011110010011
11111110111101000010010000100011
11111110010001000010011110000011
00000000000101111000011110010011
11111110111101000010001000100011
11111110100001000010011110000011
11111000000001111001001011100011
11111110111001000101011110000011
00000000100001111101011110010011
00000001000001111001011110010011
00000001000001111101011110010011
00001111111101111111011110010011
11111101110001000010011100000011
00000000000001110100011100000011
00000010111001111001001001100011
11111110111001000101011110000011
00001111111101111111011110010011
11111101110001000010011100000011
00000000000101110000011100010011
00000000000001110100011100000011
00000000111001111001011001100011
00000000000100000000011110010011
00000000100000000000000001101111
00000000000000000000011110010011
00000000111100000000010100110011
00000010110000010010010000000011
00000011000000010000000100010011
00000000000000001000000001100111
