11111101000000010000000100010011
00000010000100010010011000100011
00000010100000010010010000100011
00000011000000010000010000010011
11111100101001000010111000100011
11111110000001000010011000100011
11111110000001000010010000100011
11111110110001000010011110000011
00000000000101111000011100010011
11111110111001000010011000100011
00000000001101111001011110010011
11111101110001000010011100000011
00000000111101110000011110110011
00000000000001111010011100000011
11111110111001000010000000100011
00000000010001111010011110000011
11111110111101000010001000100011
11111110000001000010011110000011
00000000110100000000011100010011
11111100111101110110100011100011
00000000001001111001011100010011
00010000000000010000011110110111
00001000010001111000011110010011
00000000111101110000011110110011
00000000000001111010011110000011
00000000000001111000000001100111
11111110010001000010011110000011
00010000000000010000011100110111
00000000000001110000011100010011
00010000000000010000011010110111
00000000010001101000011010010011
11111110100001000010011000000011
11111110110001000010010110000011
00010000000000010000010100110111
00000000100001010000010100010011
00000000000000000000000000010011
00100001110000000000000001101111
11111110010001000010011110000011
00010000000000010000011100110111
00000001100001110000011100010011
00010000000000010000011010110111
00000000010001101000011010010011
11111110100001000010011000000011
11111110110001000010010110000011
00010000000000010000010100110111
00000000100001010000010100010011
00000000000000000000000000010011
00011111000000000000000001101111
11111110010001000010011110000011
00010000000000010000011100110111
00000001110001110000011100010011
00010000000000010000011010110111
00000000010001101000011010010011
11111110100001000010011000000011
11111110110001000010010110000011
00010000000000010000010100110111
00000000100001010000010100010011
00000000000000000000000000010011
00011100010000000000000001101111
11111110010001000010011110000011
00010000000000010000011100110111
00000010000001110000011100010011
00010000000000010000011010110111
00000000010001101000011010010011
11111110100001000010011000000011
11111110110001000010010110000011
00010000000000010000010100110111
00000000100001010000010100010011
00000000000000000000000000010011
00011001100000000000000001101111
00010000000000010000011110110111
00000010010001111000011100010011
00010000000000010000011110110111
00000000010001111000011010010011
11111110100001000010011000000011
11111110110001000010010110000011
00010000000000010000011110110111
00000010100001111000010100010011
00000000000000000000000000010011
00010111000000000000000001101111
00010000000000010000011110110111
00000011010001111000011100010011
00010000000000010000011110110111
00000000010001111000011010010011
11111110100001000010011000000011
11111110110001000010010110000011
00010000000000010000011110110111
00000010100001111000010100010011
00000000000000000000000000010011
00010100100000000000000001101111
00010000000000010000011110110111
00000011110001111000011100010011
00010000000000010000011110110111
00000000010001111000011010010011
11111110100001000010011000000011
11111110110001000010010110000011
00010000000000010000011110110111
00000010100001111000010100010011
00000000000000000000000000010011
00010010000000000000000001101111
11111110010001000010011110000011
00010000000000010000011100110111
00000100010001110000011100010011
00010000000000010000011010110111
00000000010001101000011010010011
11111110100001000010011000000011
11111110110001000010010110000011
00010000000000010000010100110111
00000000100001010000010100010011
00000000000000000000000000010011
11111110100001000010011110000011
00000000001001111000011110010011
11111110111101000010010000100011
00001110100000000000000001101111
11111110100001000010011110000011
11111111111001111000011110010011
11111110111101000010010000100011
11111110010001000010011110000011
00010000000000010000011100110111
00000101000001110000011100010011
00010000000000010000011010110111
00000000010001101000011010010011
11111110100001000010011000000011
11111110110001000010010110000011
00010000000000010000010100110111
00000000100001010000010100010011
00000000000000000000000000010011
00001011000000000000000001101111
11111110010001000010011110000011
00010000000000010000011100110111
00000101110001110000011100010011
00010000000000010000011010110111
00000000010001101000011010010011
11111110100001000010011000000011
11111110110001000010010110000011
00010000000000010000010100110111
00000000100001010000010100010011
00000000000000000000000000010011
00001000010000000000000001101111
00010000000000010000011110110111
00000110010001111000011100010011
00010000000000010000011110110111
00000000010001111000011010010011
11111110100001000010011000000011
11111110110001000010010110000011
00010000000000010000011110110111
00000010100001111000010100010011
00000000000000000000000000010011
00000101110000000000000001101111
11111110010001000010011110000011
00010000000000010000011100110111
00000110110001110000011100010011
00010000000000010000011010110111
00000000010001101000011010010011
11111110100001000010011000000011
11111110110001000010010110000011
00010000000000010000010100110111
00000000100001010000010100010011
00000000000000000000000000010011
00000011000000000000000001101111
11111110010001000010011110000011
00010000000000010000011100110111
00000111100001110000011100010011
00010000000000010000011010110111
00000000010001101000011010010011
11111110100001000010011000000011
11111110110001000010010110000011
00010000000000010000010100110111
00000000100001010000010100010011
00000000000000000000000000010011
00000000000000000000000000010011
11010111000111111111000001101111
00000000000000000000000000010011
00000010110000010010000010000011
00000010100000010010010000000011
00000011000000010000000100010011
00000000000000001000000001100111
11111101000000010000000100010011
00000010000100010010011000100011
00000010100000010010010000100011
00000011000000010000010000010011
11111100101001000010111000100011
11111110000001000010011000100011
00000100110000000000000001101111
11111110110001000010010110000011
00010000000000010000011110110111
00001011110001111000010100010011
00000000000000000000000000010011
11111101110001000010011110000011
00000000010001111010011100000011
11111110110001000010011110000011
00000000001001111001011110010011
00000000111101110000011110110011
00000000000001111010011110000011
00000000111100000000010100110011
00000000000000000000000000010011
00010000000000010000011110110111
00001110110001111000010100010011
00000000000000000000000000010011
11111110110001000010011110000011
00000000000101111000011110010011
11111110111101000010011000100011
11111101110001000010011110000011
00000000000001111010011110000011
11111110110001000010011100000011
11111010111101110100011011100011
00000000000000000000000000010011
00000000000000000000000000010011
00000010110000010010000010000011
00000010100000010010010000000011
00000011000000010000000100010011
00000000000000001000000001100111
11111100000000010000000100010011
00000010000100010010111000100011
00000010100000010010110000100011
00000100000000010000010000010011
11111100101001000010011000100011
11111110000001000010011000100011
11111110110001000010011110000011
00000000000101111000011100010011
11111110111001000010011000100011
00000000001101111001011110010011
11111100110001000010011100000011
00000000111101110000011110110011
00000000000001111010011100000011
11111100111001000010110000100011
00000000010001111010011110000011
11111100111101000010111000100011
11111101100001000010011110000011
00000000110100000000011100010011
11111100111101110110100011100011
00000000001001111001011100010011
00010000000000010000011110110111
00010001000001111000011110010011
00000000111101110000011110110011
00000000000001111010011110000011
00000000000001111000000001100111
11111110000001000010010000100011
00000001100000000000000001101111
00000010101100000000010100010011
00000000000000000000000000010011
11111110100001000010011110000011
00000000000101111000011110010011
11111110111101000010010000100011
11111101110001000010011110000011
11111110100001000010011100000011
11111110111101110100001011100011
00100001010000000000000001101111
11111110000001000010010000100011
00000001100000000000000001101111
00000010110100000000010100010011
00000000000000000000000000010011
11111110100001000010011110000011
00000000000101111000011110010011
11111110111101000010010000100011
11111101110001000010011110000011
11111110100001000010011100000011
11111110111101110100001011100011
00011110100000000000000001101111
11111110000001000010010000100011
00000001100000000000000001101111
00000011111000000000010100010011
00000000000000000000000000010011
11111110100001000010011110000011
00000000000101111000011110010011
11111110111101000010010000100011
11111101110001000010011110000011
11111110100001000010011100000011
11111110111101110100001011100011
00011011110000000000000001101111
11111110000001000010010000100011
00000001100000000000000001101111
00000011110000000000010100010011
00000000000000000000000000010011
11111110100001000010011110000011
00000000000101111000011110010011
11111110111101000010010000100011
11111101110001000010011110000011
11111110100001000010011100000011
11111110111101110100001011100011
00011001000000000000000001101111
00000010111000000000010100010011
00000000000000000000000000010011
00011000010000000000000001101111
00000011000000000000010100010011
00000000000000000000000000010011
00010111100000000000000001101111
00000101101100000000010100010011
00000000000000000000000000010011
11111110000001000010010000100011
00000011010000000000000001101111
11111101110001000010011110000011
00000000111100000101100001100011
00010000000000010000011110110111
00010000010001111000011110010011
00000000110000000000000001101111
00010000000000010000011110110111
00010000100001111000011110010011
00000000111100000000010100110011
00000000000000000000000000010011
11111110100001000010011110000011
00000000000101111000011110010011
11111110111101000010010000100011
11111101110001000010011110000011
01000001111101111101011100010011
00000000111101110100011110110011
01000000111001111000011110110011
11111110100001000010011100000011
11111010111101110100111011100011
00000101110100000000010100010011
00000000000000000000000000010011
00010001010000000000000001101111
00010000000000010000011110110111
00010000110001111000010100010011
00000000000000000000000000010011
11111110000001000010001000100011
00000011010000000000000001101111
11111101110001000010011110000011
00000000111100000101100001100011
00010000000000010000011110110111
00010000010001111000011110010011
00000000110000000000000001101111
00010000000000010000011110110111
00010000100001111000011110010011
00000000111100000000010100110011
00000000000000000000000000010011
11111110010001000010011110000011
00000000000101111000011110010011
11111110111101000010001000100011
11111101110001000010011110000011
01000001111101111101011100010011
00000000111101110100011110110011
01000000111001111000011110110011
11111110010001000010011100000011
11111010111101110100111011100011
00000010101100000000010100010011
00000000000000000000000000010011
11111110000001000010000000100011
00000011010000000000000001101111
11111101110001000010011110000011
00000000111100000101100001100011
00010000000000010000011110110111
00010000100001111000011110010011
00000000110000000000000001101111
00010000000000010000011110110111
00010000010001111000011110010011
00000000111100000000010100110011
00000000000000000000000000010011
11111110000001000010011110000011
00000000000101111000011110010011
11111110111101000010000000100011
11111101110001000010011110000011
01000001111101111101011100010011
00000000111101110100011110110011
01000000111001111000011110110011
11111110000001000010011100000011
11111010111101110100111011100011
00000101110100000000010100010011
00000000000000000000000000010011
00000101010000000000000001101111
00000010110000000000010100010011
00000000000000000000000000010011
00000100100000000000000001101111
00000101101100000000010100010011
00000000000000000000000000010011
00000011110000000000000001101111
00000101110100000000010100010011
00000000000000000000000000010011
00000011000000000000000001101111
11111101110001000010011110000011
00000000000001111000100001100011
00000101111000000000010100010011
00000000000000000000000000010011
00000001110000000000000001101111
00000111011000000000010100010011
00000000000000000000000000010011
00000001000000000000000001101111
00000111010100000000010100010011
00000000000000000000000000010011
00000000000000000000000000010011
11010111100111111111000001101111
00000000000000000000000000010011
00000011110000010010000010000011
00000011100000010010010000000011
00000100000000010000000100010011
00000000000000001000000001100111
11111101000000010000000100010011
00000010000100010010011000100011
00000010100000010010010000100011
00000011000000010000010000010011
11111100101001000010111000100011
11111110000001000010011000100011
00000011110000000000000001101111
11111101110001000010011110000011
00000000010001111010011100000011
11111110110001000010011110000011
00000000001001111001011110010011
00000000111101110000011110110011
00000000000001111010011110000011
00000000111100000000010100110011
00000000000000000000000000010011
00010000000000010000011110110111
00010100100001111000010100010011
00000000000000000000000000010011
11111110110001000010011110000011
00000000000101111000011110010011
11111110111101000010011000100011
11111101110001000010011110000011
00000000000001111010011110000011
11111110110001000010011100000011
11111010111101110100111011100011
00000000000000000000000000010011
00000000000000000000000000010011
00000010110000010010000010000011
00000010100000010010010000000011
00000011000000010000000100010011
00000000000000001000000001100111
