11111101000000010000000100010011
00000010000100010010011000100011
00000010100000010010010000100011
00000011000000010000010000010011
11111100101001000010111000100011
11111101110001000010011110000011
11111110111101000010011000100011
11111101110001000010010100000011
00000000000000000000000000010011
00000000101000000000011110110011
11111110111101000010010000100011
00001100010000000000000001101111
11111110110001000010011110000011
00000000000001111100011110000011
00000111011000000000011100010011
00000110111101110100101001100011
00000111010100000000011100010011
00001000111001111101111001100011
00000000101000000000011100010011
00000100111001111000000001100011
00000000101000000000011100010011
00000100111001111100111001100011
00000101111000000000011100010011
00000100111101110100101001100011
00000010101100000000011100010011
00000100111001111100011001100011
11111101010101111000011110010011
00000011001100000000011100010011
00000100111101110110000001100011
00000000001001111001011100010011
00010000000000010000011110110111
00000000000001111000011110010011
00000000111101110000011110110011
00000000000001111010011110000011
00000000000001111000000001100111
11111110110001000010011110000011
00000000000101111000011110010011
00000000000001111100011100000011
00000000101000000000011110010011
00000000111101110001101001100011
11111110110001000010011110000011
00000000000101111000011110010011
11111110111101000010011000100011
00000011100000000000000001101111
11111110110001000010011110000011
00000000000101111000011010010011
11111110110001000010011100000011
11111101110001000010011110000011
01000000111101110000011110110011
11111110100001000010011100000011
01000000111101110000011110110011
00000000111100000000011000110011
00000000110100000000010110110011
11111110110001000010010100000011
00000000000000000000000000010011
00000000100000000000000001101111
00000000000000000000000000010011
11111110110001000010011110000011
00000000000101111000011110010011
11111110111101000010011000100011
11111110110001000010011110000011
00000000000001111100011110000011
11110010000001111001110011100011
11111101110001000010011110000011
00000000111100000000010100110011
00000010110000010010000010000011
00000010100000010010010000000011
00000011000000010000000100010011
00000000000000001000000001100111
11111101000000010000000100010011
00000010000100010010011000100011
00000010100000010010010000100011
00000011000000010000010000010011
11111100101001000010111000100011
11111101110001000010011110000011
11111110111101000010011000100011
11111101110001000010010100000011
00000000000000000000000000010011
00000000101000000000011110110011
11111110111101000010010000100011
00001000000000000000000001101111
00000000001100000000011000010011
00010000000000010000011110110111
00001101000001111000010110010011
11111110110001000010010100000011
00000000000000000000000000010011
00000000101000000000011110110011
00000010000001111000000001100011
00000000001100000000011000010011
00010000000000010000011110110111
00001101010001111000010110010011
11111110110001000010010100000011
00000000000000000000000000010011
00000000101000000000011110110011
00000010000001111001111001100011
11111110110001000010011110000011
00000000001001111000011010010011
11111110110001000010011100000011
11111101110001000010011110000011
01000000111101110000011110110011
11111110100001000010011100000011
01000000111101110000011110110011
00000000111100000000011000110011
00000000110100000000010110110011
11111110110001000010010100000011
00000000000000000000000000010011
11111110110001000010011110000011
00000011000000000000011100010011
00000000111001111000000000100011
11111110110001000010011110000011
00000000000101111000011110010011
11111110111101000010011000100011
11111110110001000010011110000011
00000000000001111100011110000011
11110110000001111001111011100011
11111101110001000010011110000011
00000000111100000000010100110011
00000010110000010010000010000011
00000010100000010010010000000011
00000011000000010000000100010011
00000000000000001000000001100111
11111011000000010000000100010011
00000100100000010010011000100011
00000101000000010000010000010011
11111010101001000010111000100011
11111010101101000010110000100011
11111010110001000010101000100011
11111011100001000010011110000011
00000000001101111001011110010011
11111011110001000010011100000011
00000000111101110000011110110011
00000000000001111010011100000011
11111110111001000010001000100011
00000000010001111010011110000011
11111110111101000010010000100011
11111011010001000010011100000011
11111011100001000010011110000011
01000000111101110000011100110011
00000000001000000000011110010011
00000110111101110001101001100011
11111110010001000010011100000011
00000000001100000000011110010011
00000000111101110000100001100011
11111110010001000010011100000011
00000000010000000000011110010011
00000100111101110001111001100011
11111110010001000010011100000011
00000000001100000000011110010011
00000000111101110001011001100011
11111110100001000010011110000011
00000000110000000000000001101111
11111110100001000010011110000011
01000000111100000000011110110011
11111110111101000010011000100011
11111011100001000010011100000011
00100000000000000000011110110111
00000000000001111000011110010011
11111111111101111000011110010011
00000000111101110000011110110011
00000000001101111001011110010011
11111011110001000010011100000011
00000000111101110000011110110011
00000000101100000000011100010011
00000000111001111010000000100011
11111110110001000010011100000011
00000000111001111010001000100011
00000000001000000000011110010011
00011011100000000000000001101111
11111011010001000010011100000011
11111011100001000010011110000011
01000000111101110000011100110011
00000000010100000000011110010011
00011010111101110001000001100011
11111110010001000010011100000011
00000000001000000000011110010011
00011000111101110001101001100011
11111011100001000010011110000011
00000000001001111000011110010011
00000000001101111001011110010011
11111011110001000010011100000011
00000000111101110000011110110011
00000000000001111010011100000011
00000000000100000000011110010011
00010110111101110001101001100011
11111110100001000010011100000011
11111011100001000010011110000011
00000000001001111000011110010011
00000000001101111001011110010011
11111011110001000010011010000011
00000000111101101000011110110011
00000000010001111010011110000011
00010100111101110001101001100011
11111011100001000010011110000011
00000000000101111000011110010011
00000000001101111001011110010011
11111011110001000010011100000011
00000000111101110000011110110011
00000000010001111010011100000011
11111011100001000010011110000011
00000000001101111000011110010011
00000000001101111001011110010011
11111011110001000010011010000011
00000000111101101000011110110011
00000000010001111010011110000011
00010010111101110001000001100011
11111011100001000010011110000011
00000000000101111000011110010011
00000000001101111001011110010011
11111011110001000010011100000011
00000000111101110000011110110011
00000000000001111010011100000011
00000000001100000000011110010011
00000110111101110001100001100011
11111011100001000010011110000011
00000000001101111000011110010011
00000000001101111001011110010011
11111011110001000010011100000011
00000000111101110000011110110011
00000000000001111010011100000011
00000000010000000000011110010011
00000100111101110001100001100011
11111011100001000010011100000011
00100000000000000000011110110111
00000000000001111000011110010011
11111111111101111000011110010011
00000000111101110000011110110011
00000000001101111001011110010011
11111011110001000010011100000011
00000000111101110000011110110011
11111011100001000010011100000011
00000000000101110000011100010011
00000000001101110001011100010011
11111011110001000010011010000011
00000000111001101000011100110011
00000000010001110010011100000011
00000000110000000000011010010011
00000000110101111010000000100011
00000000111001111010001000100011
00000000010100000000011110010011
00001001100000000000000001101111
11111011100001000010011110000011
00000000000101111000011110010011
00000000001101111001011110010011
11111011110001000010011100000011
00000000111101110000011110110011
00000000000001111010011100000011
00000000010000000000011110010011
00000110111101110001101001100011
11111011100001000010011110000011
00000000001101111000011110010011
00000000001101111001011110010011
11111011110001000010011100000011
00000000111101110000011110110011
00000000000001111010011100000011
00000000001100000000011110010011
00000100111101110001101001100011
11111011100001000010011100000011
00100000000000000000011110110111
00000000000001111000011110010011
11111111111101111000011110010011
00000000111101110000011110110011
00000000001101111001011110010011
11111011110001000010011100000011
00000000111101110000011110110011
11111011100001000010011100000011
00000000000101110000011100010011
00000000001101110001011100010011
11111011110001000010011010000011
00000000111001101000011100110011
00000000010001110010011100000011
01000000111000000000011100110011
00000000110000000000011010010011
00000000110101111010000000100011
00000000111001111010001000100011
00000000010100000000011110010011
00000000100000000000000001101111
00000000000000000000011110010011
00000000111100000000010100110011
00000100110000010010010000000011
00000101000000010000000100010011
00000000000000001000000001100111
10110101000000010000000100010011
01001010000100010010011000100011
01001010100000010010010000100011
01001011000000010000010000010011
10110100101001000010111000100011
11111110000001000010011000100011
11111110000001000010010000100011
10110101110001000010011110000011
11111100111101000010111000100011
11111110000001000010001000100011
00000000100000000000010100010011
00000000000000000000000000010011
00000000101000000000011110110011
11111100111101000010110000100011
11111101100001000010011110000011
00000000000001111010000000100011
11111101100001000010011110000011
00000000000001111010001000100011
11111110000001000010000000100011
10110101110001000010010100000011
00000000000000000000000000010011
10110100101001000010111000100011
10110101110001000010010100000011
00000000000000000000000000010011
10110100101001000010111000100011
00010000000100000000000001101111
10110101110001000010011110000011
00000000000001111100011110000011
00000011111000000000011100010011
00000100111101110100110001100011
00000000101000000000011100010011
00000010111001111101011001100011
00001101100100000000000001101111
11111010010101111000011110010011
00000001101100000000011100010011
00001100111101110110011011100011
00000000001001111001011100010011
00010000000000010000011110110111
00001110010001111000011110010011
00000000111101110000011110110011
00000000000001111010011110000011
00000000000001111000000001100111
11111111011001111000011110010011
00000011010000000000011100010011
00001010111101110110010011100011
00000000001001111001011100010011
00010000000000010000011110110111
00010101010001111000011110010011
00000000111101110000011110110011
00000000000001111010011110000011
00000000000001111000000001100111
00000111011000000000011100010011
00001000111101110100010011100011
00000101101100000000011100010011
11111010111001111101011011100011
00000111110100000000000001101111
11111110110001000010011110000011
00000110111100000101011001100011
11111110110001000010011100000011
00100000000000000000011110110111
00000000000001111000011110010011
11111111111101111000011110010011
00000000111101110000011110110011
00000000001101111001011110010011
11111110000001000010011100000011
00000000111101110000011110110011
00000000000001111010011100000011
00000000000100000000011110010011
00000100111101110001000001100011
11111110110001000010011100000011
00100000000000000000011110110111
00000000000001111000011110010011
11111111111101111000011110010011
00000000111101110000011110110011
00000000001101111001011110010011
11111110000001000010011100000011
00000000111101110000011110110011
00000000010001111010011100000011
00000000000101110000011100010011
00000000111001111010001000100011
11111110100001000010011110000011
00000000000101111000011110010011
11111110111101000010010000100011
00000000110100000000000001101111
11111110110001000010011110000011
00000000000101111000011110010011
11111110111101000010011000100011
11111110110001000010011110000011
00000000001101111001011110010011
00000000111100000000010110110011
11111110000001000010010100000011
00000000000000000000000000010011
11111110101001000010000000100011
11111110110001000010011100000011
00100000000000000000011110110111
00000000000001111000011110010011
11111111111101111000011110010011
00000000111101110000011110110011
00000000001101111001011110010011
11111110000001000010011100000011
00000000111101110000011110110011
00000000000100000000011100010011
00000000111001111010000000100011
00000000000100000000011100010011
00000000111001111010001000100011
01111011010000000000000001101111
11111110110001000010011110000011
00000110111100000101011001100011
11111110110001000010011100000011
00100000000000000000011110110111
00000000000001111000011110010011
11111111111101111000011110010011
00000000111101110000011110110011
00000000001101111001011110010011
11111110000001000010011100000011
00000000111101110000011110110011
00000000000001111010011100000011
00000000001000000000011110010011
00000100111101110001000001100011
11111110110001000010011100000011
00100000000000000000011110110111
00000000000001111000011110010011
11111111111101111000011110010011
00000000111101110000011110110011
00000000001101111001011110010011
11111110000001000010011100000011
00000000111101110000011110110011
00000000010001111010011100000011
00000000000101110000011100010011
00000000111001111010001000100011
11111110100001000010011110000011
00000000000101111000011110010011
11111110111101000010010000100011
01110100010000000000000001101111
11111110110001000010011110000011
00000000000101111000011110010011
11111110111101000010011000100011
11111110110001000010011110000011
00000000001101111001011110010011
00000000111100000000010110110011
11111110000001000010010100000011
00000000000000000000000000010011
11111110101001000010000000100011
11111110110001000010011100000011
00100000000000000000011110110111
00000000000001111000011110010011
11111111111101111000011110010011
00000000111101110000011110110011
00000000001101111001011110010011
11111110000001000010011100000011
00000000111101110000011110110011
00000000001000000000011100010011
00000000111001111010000000100011
00000000000100000000011100010011
00000000111001111010001000100011
01101110110000000000000001101111
11111110110001000010011110000011
00000110111100000101011001100011
11111110110001000010011100000011
00100000000000000000011110110111
00000000000001111000011110010011
11111111111101111000011110010011
00000000111101110000011110110011
00000000001101111001011110010011
11111110000001000010011100000011
00000000111101110000011110110011
00000000000001111010011100000011
00000000001100000000011110010011
00000100111101110001000001100011
11111110110001000010011100000011
00100000000000000000011110110111
00000000000001111000011110010011
11111111111101111000011110010011
00000000111101110000011110110011
00000000001101111001011110010011
11111110000001000010011100000011
00000000111101110000011110110011
00000000010001111010011100000011
00000000000101110000011100010011
00000000111001111010001000100011
11111110100001000010011110000011
00000000000101111000011110010011
11111110111101000010010000100011
01100111110000000000000001101111
11111110110001000010011110000011
00000000000101111000011110010011
11111110111101000010011000100011
11111110110001000010011110000011
00000000001101111001011110010011
00000000111100000000010110110011
11111110000001000010010100000011
00000000000000000000000000010011
11111110101001000010000000100011
11111110110001000010011100000011
00100000000000000000011110110111
00000000000001111000011110010011
11111111111101111000011110010011
00000000111101110000011110110011
00000000001101111001011110010011
11111110000001000010011100000011
00000000111101110000011110110011
00000000001100000000011100010011
00000000111001111010000000100011
00000000000100000000011100010011
00000000111001111010001000100011
01100010010000000000000001101111
11111110110001000010011110000011
00000110111100000101011001100011
11111110110001000010011100000011
00100000000000000000011110110111
00000000000001111000011110010011
11111111111101111000011110010011
00000000111101110000011110110011
00000000001101111001011110010011
11111110000001000010011100000011
00000000111101110000011110110011
00000000000001111010011100000011
00000000010000000000011110010011
00000100111101110001000001100011
11111110110001000010011100000011
00100000000000000000011110110111
00000000000001111000011110010011
11111111111101111000011110010011
00000000111101110000011110110011
00000000001101111001011110010011
11111110000001000010011100000011
00000000111101110000011110110011
00000000010001111010011100000011
00000000000101110000011100010011
00000000111001111010001000100011
11111110100001000010011110000011
00000000000101111000011110010011
11111110111101000010010000100011
01011011010000000000000001101111
11111110110001000010011110000011
00000000000101111000011110010011
11111110111101000010011000100011
11111110110001000010011110000011
00000000001101111001011110010011
00000000111100000000010110110011
11111110000001000010010100000011
00000000000000000000000000010011
11111110101001000010000000100011
11111110110001000010011100000011
00100000000000000000011110110111
00000000000001111000011110010011
11111111111101111000011110010011
00000000111101110000011110110011
00000000001101111001011110010011
11111110000001000010011100000011
00000000111101110000011110110011
00000000010000000000011100010011
00000000111001111010000000100011
00000000000100000000011100010011
00000000111001111010001000100011
01010101110000000000000001101111
11111110110001000010011110000011
00000000000101111000011110010011
11111110111101000010011000100011
11111110110001000010011110000011
00000000001101111001011110010011
00000000111100000000010110110011
11111110000001000010010100000011
00000000000000000000000000010011
11111110101001000010000000100011
11111110110001000010011100000011
00100000000000000000011110110111
00000000000001111000011110010011
11111111111101111000011110010011
00000000111101110000011110110011
00000000001101111001011110010011
11111110000001000010011100000011
00000000111101110000011110110011
00000000010100000000011100010011
00000000111001111010000000100011
00000000000001111010001000100011
01010000100000000000000001101111
11111110110001000010011110000011
00000000000101111000011110010011
11111110111101000010011000100011
11111110110001000010011110000011
00000000001101111001011110010011
00000000111100000000010110110011
11111110000001000010010100000011
00000000000000000000000000010011
11111110101001000010000000100011
11111110110001000010011100000011
00100000000000000000011110110111
00000000000001111000011110010011
11111111111101111000011110010011
00000000111101110000011110110011
00000000001101111001011110010011
11111110000001000010011100000011
00000000111101110000011110110011
00000000011000000000011100010011
00000000111001111010000000100011
00000000000001111010001000100011
01001011010000000000000001101111
11111110110001000010011110000011
00000110111100000101010001100011
11111110110001000010011100000011
00100000000000000000011110110111
00000000000001111000011110010011
11111111111101111000011110010011
00000000111101110000011110110011
00000000001101111001011110010011
11111110000001000010011100000011
00000000111101110000011110110011
00000000000001111010011110000011
00000100000001111001000001100011
11111110110001000010011100000011
00100000000000000000011110110111
00000000000001111000011110010011
11111111111101111000011110010011
00000000111101110000011110110011
00000000001101111001011110010011
11111110000001000010011100000011
00000000111101110000011110110011
00000000010001111010011100000011
00000000000101110000011100010011
00000000111001111010001000100011
11111110100001000010011110000011
00000000000101111000011110010011
11111110111101000010010000100011
01000100100000000000000001101111
11111110110001000010011110000011
00000000000101111000011110010011
11111110111101000010011000100011
11111110110001000010011110000011
00000000001101111001011110010011
00000000111100000000010110110011
11111110000001000010010100000011
00000000000000000000000000010011
11111110101001000010000000100011
11111110110001000010011100000011
00100000000000000000011110110111
00000000000001111000011110010011
11111111111101111000011110010011
00000000111101110000011110110011
00000000001101111001011110010011
11111110000001000010011100000011
00000000111101110000011110110011
00000000000001111010000000100011
00000000000100000000011100010011
00000000111001111010001000100011
00111111010000000000000001101111
11111110010001000010011110000011
00000000000101111000011100010011
11111110111001000010001000100011
00000000001001111001011110010011
11111111000001000000011100010011
00000000111101110000011110110011
11111110110001000010011100000011
10111110111001111010000000100011
11111110110001000010011110000011
00000000000101111000011110010011
11111110111101000010011000100011
11111110110001000010011110000011
00000000001101111001011110010011
00000000111100000000010110110011
11111110000001000010010100000011
00000000000000000000000000010011
11111110101001000010000000100011
11111110110001000010011100000011
00100000000000000000011110110111
00000000000001111000011110010011
11111111111101111000011110010011
00000000111101110000011110110011
00000000001101111001011110010011
11111110000001000010011100000011
00000000111101110000011110110011
00000000011100000000011100010011
00000000111001111010000000100011
00000000000001111010001000100011
00111000000000000000000001101111
11111110010001000010011110000011
00000010111100000101010001100011
11111110010001000010011110000011
11111111111101111000011110010011
11111110111101000010001000100011
11111110010001000010011110000011
00000000001001111001011110010011
11111111000001000000011100010011
00000000111101110000011110110011
10111110000001111010011110000011
00000000100000000000000001101111
11111111111100000000011110010011
11111100111101000010101000100011
11111101010001000010011110000011
00000000000001111101111001100011
11111101100001000010010100000011
00000000000000000000000000010011
11111110000001000010010100000011
00000000000000000000000000010011
00000000000000000000011110010011
01000001010000000000000001101111
11111110110001000010011110000011
00000000000101111000011110010011
11111110111101000010011000100011
11111110110001000010011110000011
00000000001101111001011110010011
00000000111100000000010110110011
11111110000001000010010100000011
00000000000000000000000000010011
11111110101001000010000000100011
11111110110001000010011100000011
00100000000000000000011110110111
00000000000001111000011110010011
11111111111101111000011110010011
00000000111101110000011110110011
00000000001101111001011110010011
11111110000001000010011100000011
00000000111101110000011110110011
11111101010001000010011100000011
00000000000101110000011100010011
00000000100000000000011010010011
00000000110101111010000000100011
00000000111001111010001000100011
11111101010001000010011110000011
00000000000101111000011110010011
11111110110001000010011000000011
00000000111100000000010110110011
11111110000001000010010100000011
00000000000000000000000000010011
11111100101001000010100000100011
11111110110001000010011100000011
11111101000001000010011110000011
01000000111101110000011110110011
11111110111101000010011000100011
11111110100001000010011100000011
11111101000001000010011110000011
00000000111101110000011110110011
11111110111101000010010000100011
11111110110001000010011110000011
00000000001101111001011110010011
00000000111100000000010110110011
11111110000001000010010100000011
00000000000000000000000000010011
11111110101001000010000000100011
11111101000001000010011110000011
00100110000001111001011001100011
11111101010001000010011110000011
00000000001101111001011110010011
11111110000001000010011100000011
00000000111101110000011110110011
11111110110001000010011100000011
00000000111001111010001000100011
11111101010001000010011110000011
00000000001101111001011110010011
11111110000001000010011100000011
00000000111101110000011110110011
00000000000001111010011100000011
00000000011100000000011110010011
00100010111101110000110001100011
11111110110001000010011100000011
00000001110100000000011110010011
00100010111001111100011001100011
11111110110001000010011000000011
11111101010001000010010110000011
00010000000000010000011110110111
00001101100001111000010100010011
00000000000000000000000000010011
00100001010000000000000001101111
11111110110001000010011110000011
00000000000101111000011110010011
11111110111101000010011000100011
11111110110001000010011110000011
00000000001101111001011110010011
00000000111100000000010110110011
11111110000001000010010100000011
00000000000000000000000000010011
11111110101001000010000000100011
11111110110001000010011100000011
00100000000000000000011110110111
00000000000001111000011110010011
11111111111101111000011110010011
00000000111101110000011110110011
00000000001101111001011110010011
11111110000001000010011100000011
00000000111101110000011110110011
00000000100100000000011100010011
00000000111001111010000000100011
00000000000001111010001000100011
00011100110000000000000001101111
11111110110001000010011110000011
00000000000101111000011110010011
11111110111101000010011000100011
11111110110001000010011110000011
00000000001101111001011110010011
00000000111100000000010110110011
11111110000001000010010100000011
00000000000000000000000000010011
11111110101001000010000000100011
11111110110001000010011100000011
00100000000000000000011110110111
00000000000001111000011110010011
11111111111101111000011110010011
00000000111101110000011110110011
00000000001101111001011110010011
11111110000001000010011100000011
00000000111101110000011110110011
00000000100100000000011100010011
00000000111001111010000000100011
00000000000100000000011100010011
00000000111001111010001000100011
00010111010000000000000001101111
11111110110001000010011110000011
00000000000101111000011110010011
11111110111101000010011000100011
11111110110001000010011110000011
00000000001101111001011110010011
00000000111100000000010110110011
11111110000001000010010100000011
00000000000000000000000000010011
11111110101001000010000000100011
11111110110001000010011100000011
00100000000000000000011110110111
00000000000001111000011110010011
11111111111101111000011110010011
00000000111101110000011110110011
00000000001101111001011110010011
11111110000001000010011100000011
00000000111101110000011110110011
00000000101000000000011100010011
00000000111001111010000000100011
00000000000001111010001000100011
00010010000000000000000001101111
10110101110001000010011110000011
00000000000101111000011110010011
10110100111101000010111000100011
10110101110001000010011110000011
00000000000001111100011100000011
00000000101000000000011110010011
00001110111101110001010001100011
11111110000001000010011110000011
00001100000001111000011001100011
11111110110001000010011110000011
00000000000101111000011110010011
11111110111101000010011000100011
11111110110001000010011110000011
00000000001101111001011110010011
00000000111100000000010110110011
11111110000001000010010100000011
00000000000000000000000000010011
11111110101001000010000000100011
11111110110001000010011100000011
00100000000000000000011110110111
00000000000001111000011110010011
11111111111101111000011110010011
00000000111101110000011110110011
00000000001101111001011110010011
11111110000001000010011100000011
00000000111101110000011110110011
00000000110100000000011100010011
00000000111001111010000000100011
00000000000001111010001000100011
11111101100001000010011110000011
00000000010001111010011010000011
11111101100001000010011110000011
00000000000001111010011110000011
00000000000101111000011100010011
11111101100001000010011110000011
00000000111001111010000000100011
11111101100001000010011110000011
00000000000001111010011110000011
00000000001001111001011110010011
00000000111100000000010110110011
00000000110100000000010100110011
00000000000000000000000000010011
00000000101000000000011100110011
11111101100001000010011110000011
00000000111001111010001000100011
11111101100001000010011110000011
00000000010001111010011100000011
11111101100001000010011110000011
00000000000001111010011110000011
00000000111100000000011010110011
01000000000000000000011110110111
00000000000001111000011110010011
11111111111101111000011110010011
00000000111101101000011110110011
00000000001001111001011110010011
00000000111101110000011110110011
11111110000001000010011100000011
00000000111001111010000000100011
11111110000001000010000000100011
11111110000001000010011000100011
10110101110001000010011110000011
00000000000101111000011110010011
11111100111101000010111000100011
00000001110000000000000001101111
10110101110001000010011110000011
00000000000001111100011110000011
00000000000001111001100001100011
00000001110000000000000001101111
00000000000000000000000000010011
00000000100000000000000001101111
00000000000000000000000000010011
10110101110001000010011110000011
00000000000101111000011110010011
10110100111101000010111000100011
10110101110001000010011110000011
00000000000001111100011110000011
11101110000001111001111001100011
11111110000001000010011110000011
00001100000001111000010001100011
11111110110001000010011110000011
00000000000101111000011110010011
11111110111101000010011000100011
11111110110001000010011110000011
00000000001101111001011110010011
00000000111100000000010110110011
11111110000001000010010100000011
00000000000000000000000000010011
11111110101001000010000000100011
11111110110001000010011100000011
00100000000000000000011110110111
00000000000001111000011110010011
11111111111101111000011110010011
00000000111101110000011110110011
00000000001101111001011110010011
11111110000001000010011100000011
00000000111101110000011110110011
00000000110100000000011100010011
00000000111001111010000000100011
00000000000001111010001000100011
11111101100001000010011110000011
00000000010001111010011010000011
11111101100001000010011110000011
00000000000001111010011110000011
00000000000101111000011100010011
11111101100001000010011110000011
00000000111001111010000000100011
11111101100001000010011110000011
00000000000001111010011110000011
00000000001001111001011110010011
00000000111100000000010110110011
00000000110100000000010100110011
00000000000000000000000000010011
00000000101000000000011100110011
11111101100001000010011110000011
00000000111001111010001000100011
11111101100001000010011110000011
00000000010001111010011100000011
11111101100001000010011110000011
00000000000001111010011110000011
00000000111100000000011010110011
01000000000000000000011110110111
00000000000001111000011110010011
11111111111101111000011110010011
00000000111101101000011110110011
00000000001001111001011110010011
00000000111101110000011110110011
11111110000001000010011100000011
00000000111001111010000000100011
11111101100001000010011110000011
00000000111100000000010100110011
01001010110000010010000010000011
01001010100000010010010000000011
01001011000000010000000100010011
00000000000000001000000001100111
11111101000000010000000100010011
00000010000100010010011000100011
00000010100000010010010000100011
00000011000000010000010000010011
11111100101001000010111000100011
11111110000001000010011000100011
00000011000000000000000001101111
11111101110001000010011110000011
00000000010001111010011100000011
11111110110001000010011110000011
00000000001001111001011110010011
00000000111101110000011110110011
00000000000001111010011110000011
00000000111100000000010100110011
00000000000000000000000000010011
11111110110001000010011110000011
00000000000101111000011110010011
11111110111101000010011000100011
11111101110001000010011110000011
00000000000001111010011110000011
11111110110001000010011100000011
11111100111101110100010011100011
11111101110001000010010100000011
00000000000000000000000000010011
00000000000000000000000000010011
00000010110000010010000010000011
00000010100000010010010000000011
00000011000000010000000100010011
00000000000000001000000001100111
