11111110000000010000000100010011
00000000100000010010111000100011
00000010000000010000010000010011
11111110101001000010011000100011
11111110101101000010010000100011
11111110100001000010011100000011
00000111111100000000011110010011
00000100111001111100111001100011
11111110100001000010011110000011
01000001111101111101011100010011
00000000111101110111011100010011
00000000111101110000011110110011
01000000010001111101011110010011
11111110110001000010011100000011
00000000100001111000011110010011
00000000000101111001011110010011
00000000111101110000011110110011
00000000100001111101011110000011
00000000111100000000011010110011
11111110100001000010011100000011
01000001111101110101011110010011
00000001110001111101011110010011
00000000111101110000011100110011
00000000111101110111011100010011
01000000111101110000011110110011
01000000111101101101011110110011
00000000000101111111011110010011
00000000000001111000011001100011
00000000000100000000011110010011
00000000100000000000000001101111
00000000000000000000011110010011
00000000111100000000010100110011
00000001110000010010010000000011
00000010000000010000000100010011
00000000000000001000000001100111
11111011000000010000000100010011
00000100100000010010011000100011
00000101000000010000010000010011
11111010101001000010111000100011
11111010101101000010110000100011
00010000000000010000011110110111
00000000000001111000011110010011
00000000000001111010111000000011
00000000010001111010001100000011
00000000100001111010100010000011
00000000110001111010100000000011
00000001000001111010010100000011
00000001010001111010010110000011
00000001100001111010011000000011
00000001110001111010011010000011
00000010000001111010011100000011
00000010010001111010011110000011
11111101110001000010001000100011
11111100011001000010010000100011
11111101000101000010011000100011
11111101000001000010100000100011
11111100101001000010101000100011
11111100101101000010110000100011
11111100110001000010111000100011
11111110110101000010000000100011
11111110111001000010001000100011
11111110111101000010010000100011
11111011110001000010011110000011
11111100010001000010111010000011
11111100100001000010111000000011
11111100110001000010001100000011
11111101000001000010100010000011
11111101010001000010100000000011
11111101100001000010010100000011
11111101110001000010010110000011
11111110000001000010011000000011
11111110010001000010011010000011
11111110100001000010011100000011
00000001110101111010000000100011
00000001110001111010001000100011
00000000011001111010010000100011
00000001000101111010011000100011
00000001000001111010100000100011
00000000101001111010101000100011
00000000101101111010110000100011
00000000110001111010111000100011
00000010110101111010000000100011
00000010111001111010001000100011
11111011100001000010011110000011
00001010000001111000111001100011
00001010110000000000000001101111
11111011100001000010011110000011
00000000000001111100011110000011
11111110111101000010011000100011
11111110110001000010011100000011
00000111111100000000011110010011
00001000111001111100010001100011
11111110110001000010011110000011
01000001111101111101011100010011
00000000111101110111011100010011
00000000111101110000011110110011
01000000010001111101011110010011
00000000111100000000011010110011
11111011110001000010011100000011
00000000100001101000011110010011
00000000000101111001011110010011
00000000111101110000011110110011
00000000100001111101011000000011
11111110110001000010011100000011
01000001111101110101011110010011
00000001110001111101011110010011
00000000111101110000011100110011
00000000111101110111011100010011
01000000111101110000011110110011
00000000111100000000011100110011
00000000000100000000011110010011
00000000111001111001011110110011
00000001000001111001011110010011
00000001000001111101011110010011
11111111111101111100011110010011
00000001000001111001011110010011
00000001000001111101011110010011
00000000111101100111011110110011
00000001000001111001011100010011
00000001000001110101011100010011
11111011110001000010011000000011
00000000100001101000011110010011
00000000000101111001011110010011
00000000111101100000011110110011
00000000111001111001010000100011
11111011100001000010011110000011
00000000000101111000011110010011
11111010111101000010110000100011
11111011100001000010011110000011
00000000000001111100011110000011
11110100000001111001100011100011
00000000000000000000000000010011
00000100110000010010010000000011
00000101000000010000000100010011
00000000000000001000000001100111
11111110000000010000000100010011
00000000100000010010111000100011
00000010000000010000010000010011
11111110101001000010011000100011
00010000000000010000011110110111
00000010100001111000011100010011
11111110110001000010011110000011
00000000111101110000011110110011
00000000000001111100011110000011
00000000111100000000010100110011
00000001110000010010010000000011
00000010000000010000000100010011
00000000000000001000000001100111
11111110000000010000000100010011
00000000100000010010111000100011
00000010000000010000010000010011
11111110101001000010011000100011
11111110110001000010011100000011
00000111111100000000011110010011
00000000111001111100111001100011
00010000000000010000011110110111
00000110100001111000011100010011
11111110110001000010011110000011
00000000111101110000011110110011
00000000000001111000011110000011
00000000100000000000000001101111
11111111111100000000011110010011
00000000111100000000010100110011
00000001110000010010010000000011
00000010000000010000000100010011
00000000000000001000000001100111
11111101000000010000000100010011
00000010000100010010011000100011
00000010100000010010010000100011
00000011000000010000010000010011
11111100101001000010111000100011
00001000100000000000000001101111
11111101110001000010011110000011
00000000100001111010011100000011
11111101110001000010011110000011
00000000110001111010011110000011
11111111101001111000011110010011
00000000111101110101011110110011
00000011111101111111011110010011
11111110111101000010011000100011
11111101110001000010011110000011
00000000010001111010011110000011
00000000000001111001011001100011
11111111111000000000011110010011
00000110100000000000000001101111
11111110110001000010010100000011
00000000000000000000000000010011
00000000101000000000011000110011
11111101110001000010011110000011
00000000000001111010011110000011
00000000000101111000011010010011
11111101110001000010011100000011
00000000110101110010000000100011
00001111111101100111011100010011
00000000111001111000000000100011
11111101110001000010011110000011
00000000010001111010011110000011
11111111111101111000011100010011
11111101110001000010011110000011
00000000111001111010001000100011
11111101110001000010011110000011
00000000110001111010011110000011
11111111101001111000011100010011
11111101110001000010011110000011
00000000111001111010011000100011
11111101110001000010011110000011
00000000110001111010011100000011
00000000010100000000011110010011
11110110111001111100100011100011
11111111111100000000011110010011
00000000111100000000010100110011
00000010110000010010000010000011
00000010100000010010010000000011
00000011000000010000000100010011
00000000000000001000000001100111
11111101000000010000000100010011
00000010000100010010011000100011
00000010100000010010010000100011
00000011000000010000010000010011
11111100101001000010111000100011
11111100101101000010110000100011
11111101110001000010011110000011
00000001000001111010011110000011
00000000000101111111011110010011
00010000000001111000001001100011
11111101110001000010011110000011
00000000010001111010011110000011
00000000000001111001011001100011
11111111111000000000011110010011
00001111010000000000000001101111
11111101110001000010011110000011
00000000110001111010011110000011
00000110000001111000011001100011
11111101110001000010011110000011
00000000100001111010011100000011
11111101110001000010011110000011
00000000110001111010011110000011
00000000011000000000011010010011
01000000111101101000011110110011
00000000111101110001011110110011
00000011111101111111011110010011
11111110111101000010011000100011
11111110110001000010010100000011
00000000000000000000000000010011
00000000101000000000011000110011
11111101110001000010011110000011
00000000000001111010011110000011
00000000000101111000011010010011
11111101110001000010011100000011
00000000110101110010000000100011
00001111111101100111011100010011
00000000111001111000000000100011
11111101110001000010011110000011
00000000010001111010011110000011
11111111111101111000011100010011
11111101110001000010011110000011
00000000111001111010001000100011
11111101110001000010011110000011
00000000000001111010011000100011
11111101100001000010011100000011
00000010110100000000011110010011
00000000111101110000110001100011
11111101100001000010010100000011
00000000000000000000000000010011
00000000101000000000011100110011
11111111111100000000011110010011
00000100111101110000010001100011
11111101110001000010011110000011
00000000010001111010011110000011
00000000000001111001011001100011
11111111111000000000011110010011
00000100110000000000000001101111
11111101110001000010011110000011
00000000000001111010011110000011
00000000000101111000011010010011
11111101110001000010011100000011
00000000110101110010000000100011
00000010110100000000011100010011
00000000111001111000000000100011
11111101110001000010011110000011
00000000010001111010011110000011
11111111111101111000011100010011
11111101110001000010011110000011
00000000111001111010001000100011
11111101110001000010011110000011
00000001000001111010011110000011
11111111111001111111011100010011
11111101110001000010011110000011
00000000111001111010100000100011
11111111111100000000011110010011
00000000111100000000010100110011
00000010110000010010000010000011
00000010100000010010010000000011
00000011000000010000000100010011
00000000000000001000000001100111
11111101000000010000000100010011
00000010000100010010011000100011
00000010100000010010010000100011
00000011000000010000010000010011
11111100101001000010111000100011
11111100101101000010110000100011
11111101110001000010010100000011
00000000000000000000000000010011
00000000101000000000011100110011
11111111111100000000011110010011
00000000111101110000011001100011
11111111111000000000011110010011
00110000110000000000000001101111
11111101100001000010011100000011
11111111111100000000011110010011
00000000111101110001110001100011
00000010110100000000010110010011
11111101110001000010010100000011
00000000000000000000000000010011
00000000101000000000011110110011
00101110110000000000000001101111
11111101100001000010010110000011
11111101110001000010010100000011
00000000000000000000000000010011
00000000101000000000011110110011
00100110000001111001011001100011
11111101110001000010011110000011
00000001000001111010011110000011
00000000000101111111011110010011
00000110000001111001100001100011
11111101110001000010011110000011
00000000010001111010011110000011
00000000000001111001011001100011
11111111111000000000011110010011
00101011010000000000000001101111
11111101110001000010011110000011
00000001000001111010011110000011
11111111110101111111011100010011
11111101110001000010011110000011
00000000111001111010100000100011
11111101110001000010011110000011
00000001000001111010011110000011
00000000000101111110011100010011
11111101110001000010011110000011
00000000111001111010100000100011
11111101110001000010011110000011
00000000000001111010011110000011
00000000000101111000011010010011
11111101110001000010011100000011
00000000110101110010000000100011
00000010101100000000011100010011
00000000111001111000000000100011
11111101110001000010011110000011
00000000010001111010011110000011
11111111111101111000011100010011
11111101110001000010011110000011
00000000111001111010001000100011
11111101100001000010011100000011
00000000000000010000011110110111
00000000000001111000011110010011
00010000111101110100010001100011
11111101100001000010011100000011
11111111111111110000011110110111
00000000000001111000011110010011
00000000111101110000011110110011
11111110111101000010011000100011
11111110110001000010011110000011
00000000101001111101011100010011
00000000000000001110011110110111
00000000000001111000011110010011
10000000000001111000011110010011
00000000111101110000011110110011
11111110111101000010010000100011
11111110110001000010011110000011
00111111111101111111011100010011
00000000000000001110011110110111
00000000000001111000011110010011
11000000000001111000011110010011
00000000111101110000011110110011
11111110111101000010001000100011
11111101110001000010011110000011
00000000010001111010011110000011
00000000000001111001011001100011
11111111111000000000011110010011
00011110110000000000000001101111
11111101110001000010011110000011
00000001000001111010011110000011
00000000001001111110011100010011
11111101110001000010011110000011
00000000111001111010100000100011
11111101110001000010011110000011
00000000100001111010011110000011
00000001000001111001011100010011
11111101110001000010011110000011
00000000111001111010010000100011
11111101110001000010011110000011
00000000100001111010011100000011
11111110100001000010011110000011
00000000111101110110011100110011
11111101110001000010011110000011
00000000111001111010010000100011
11111101110001000010011110000011
00000000110001111010011110000011
00000001000001111000011100010011
11111101110001000010011110000011
00000000111001111010011000100011
11111101110001000010010100000011
00000000000000000000000000010011
11111101110001000010011110000011
00000000100001111010011110000011
00000001000001111001011100010011
11111101110001000010011110000011
00000000111001111010010000100011
11111101110001000010011110000011
00000000100001111010011100000011
11111110010001000010011110000011
00000000111101110110011100110011
11111101110001000010011110000011
00000000111001111010010000100011
11111101110001000010011110000011
00000000110001111010011110000011
00000001000001111000011100010011
11111101110001000010011110000011
00000000111001111010011000100011
11111111111100000000011110010011
00010100100000000000000001101111
11111101100001000010011100000011
00000010101100000000011110010011
00000110111101110001101001100011
11111101110001000010011110000011
00000001000001111010011110000011
00000000001001111111011110010011
00000110000001111001001001100011
11111101110001000010011110000011
00000000010001111010011110000011
00000000000001111001011001100011
11111111111000000000011110010011
00010001100000000000000001101111
11111101110001000010011110000011
00000000000001111010011110000011
00000000000101111000011010010011
11111101110001000010011100000011
00000000110101110010000000100011
00000010110100000000011100010011
00000000111001111000000000100011
11111101110001000010011110000011
00000000010001111010011110000011
11111111111101111000011100010011
11111101110001000010011110000011
00000000111001111010001000100011
11111101110001000010011110000011
00000001000001111010011110000011
11111111111001111111011100010011
11111101110001000010011110000011
00000000111001111010100000100011
11111111111100000000011110010011
00001100110000000000000001101111
11111101110001000010011110000011
00000000100001111010011110000011
00000001000001111001011100010011
11111101110001000010011110000011
00000000111001111010010000100011
11111101110001000010011110000011
00000000100001111010011100000011
11111101100001000010011110000011
00000000111101110110011100110011
11111101110001000010011110000011
00000000111001111010010000100011
11111101110001000010011110000011
00000000110001111010011110000011
00000001000001111000011100010011
11111101110001000010011110000011
00000000111001111010011000100011
11111101110001000010011110000011
00000001000001111010011110000011
00000000001001111110011100010011
11111101110001000010011110000011
00000000111001111010100000100011
11111111111100000000011110010011
00000111000000000000000001101111
11111101100001000010010110000011
11111101110001000010010100000011
00000000000000000000000000010011
00000000101000000000011100110011
11111111111100000000011110010011
00000000111101110000011001100011
11111111111000000000011110010011
00000101000000000000000001101111
11111101110001000010011110000011
00000000010001111010011110000011
00000000000001111001011001100011
11111111111000000000011110010011
00000011110000000000000001101111
11111101110001000010011110000011
00000000000001111010011110000011
00000000000101111000011010010011
11111101110001000010011100000011
00000000110101110010000000100011
11111101100001000010011100000011
00001111111101110111011100010011
00000000111001111000000000100011
11111101110001000010011110000011
00000000010001111010011110000011
11111111111101111000011100010011
11111101110001000010011110000011
00000000111001111010001000100011
11111111111100000000011110010011
00000000111100000000010100110011
00000010110000010010000010000011
00000010100000010010010000000011
00000011000000010000000100010011
00000000000000001000000001100111
11111110000000010000000100010011
00000000100000010010111000100011
00000010000000010000010000010011
11111110101001000010011000100011
11111110110001000010011100000011
00000000000000001101011110110111
00000000000001111000011110010011
01111111111101111000011110010011
00000010111001111101000001100011
11111110110001000010011100000011
00000000000000001110011110110111
00000000000001111000011110010011
10111111111101111000011110010011
00000000111001111100011001100011
00000000000100000000011110010011
00000000100000000000000001101111
00000000000000000000011110010011
00000000111100000000010100110011
00000001110000010010010000000011
00000010000000010000000100010011
00000000000000001000000001100111
11111110000000010000000100010011
00000000100000010010111000100011
00000010000000010000010000010011
11111110101001000010011000100011
11111110110001000010011100000011
00000000000000001110011110110111
00000000000001111000011110010011
10111111111101111000011110010011
00000000111001111101111001100011
11111110110001000010011100000011
00000000000000001110011110110111
00000000000001111000011110010011
00000000111101110101011001100011
00000000000100000000011110010011
00000000100000000000000001101111
00000000000000000000011110010011
00000000111100000000010100110011
00000001110000010010010000000011
00000010000000010000000100010011
00000000000000001000000001100111
11111101000000010000000100010011
00000010000100010010011000100011
00000010100000010010010000100011
00000011000000010000010000010011
11111100101001000010111000100011
01000011100000000000000001101111
11111101110001000010011110000011
00000000000001111010011110000011
00000000000101111000011010010011
11111101110001000010011100000011
00000000110101110010000000100011
00000000000001111100011110000011
11111110111101000010011000100011
11111101110001000010011110000011
00000000010001111010011110000011
11111111111101111000011100010011
11111101110001000010011110000011
00000000111001111010001000100011
11111110110001000010011110000011
00000000000001111100100001100011
11111110110001000010011100000011
00000111111100000000011110010011
00000010111001111101101001100011
11111101110001000010011110000011
00000000000001111010011110000011
11111111111101111000011100010011
11111101110001000010011110000011
00000000111001111010000000100011
11111101110001000010011110000011
00000000010001111010011110000011
00000000000101111000011100010011
11111101110001000010011110000011
00000000111001111010001000100011
11111111110000000000011110010011
01000000000000000000000001101111
11111101110001000010011110000011
00000001000001111010011110000011
00000000000101111111011110010011
00110010000001111000100001100011
11111101110001000010011110000011
00000001000001111010011110000011
00000000001001111111011110010011
00000010000001111001011001100011
11111110110001000010011100000011
00000010110100000000011110010011
00000010111101110001000001100011
11111101110001000010011110000011
00000001000001111010011110000011
11111111111001111111011100010011
11111101110001000010011110000011
00000000111001111010100000100011
00000010101100000000011110010011
00111011100000000000000001101111
11111110110001000010010100000011
00000000000000000000000000010011
11111110101001000010010000100011
11111110100001000010011110000011
00010100000001111101001001100011
11111101110001000010011110000011
00000000110001111010011100000011
00000000010100000000011110010011
00000010111001111101101001100011
11111101110001000010011110000011
00000000000001111010011110000011
11111111111101111000011100010011
11111101110001000010011110000011
00000000111001111010000000100011
11111101110001000010011110000011
00000000010001111010011110000011
00000000000101111000011100010011
11111101110001000010011110000011
00000000111001111010001000100011
11111111110000000000011110010011
00110110010000000000000001101111
11111101110001000010011110000011
00000000110001111010011110000011
00000000000100000000011100010011
00000000111101110001011110110011
11111111111101111000011110010011
11111110111101000010000000100011
11111101110001000010011110000011
00000000100001111010011100000011
11111110000001000010011110000011
00000000111101110111011110110011
00000010000001111000101001100011
11111101110001000010011110000011
00000000000001111010011110000011
11111111111101111000011100010011
11111101110001000010011110000011
00000000111001111010000000100011
11111101110001000010011110000011
00000000010001111010011110000011
00000000000101111000011100010011
11111101110001000010011110000011
00000000111001111010001000100011
11111111110000000000011110010011
00110000100000000000000001101111
11111101110001000010011110000011
00000001000001111010011110000011
11111111111001111111011100010011
11111101110001000010011110000011
00000000111001111010100000100011
11111110110001000010011100000011
00000010110100000000011110010011
00101010111101110000011001100011
11111101110001000010011110000011
00000001010001111010011110000011
00000010000001111000101001100011
11111101110001000010011110000011
00000000000001111010011110000011
11111111111101111000011100010011
11111101110001000010011110000011
00000000111001111010000000100011
11111101110001000010011110000011
00000000010001111010011110000011
00000000000101111000011100010011
11111101110001000010011110000011
00000000111001111010001000100011
11111111110000000000011110010011
00101010110000000000000001101111
11111101110001000010011110000011
00000001000001111010011110000011
00000000001001111111011110010011
00000000000001111000011001100011
11111110110001000010011110000011
00101001010000000000000001101111
11111101110001000010011110000011
00000000000001111010011110000011
11111111111101111000011100010011
11111101110001000010011110000011
00000000111001111010000000100011
11111101110001000010011110000011
00000000010001111010011110000011
00000000000101111000011100010011
11111101110001000010011110000011
00000000111001111010001000100011
11111111110000000000011110010011
00100110010000000000000001101111
11111101110001000010011110000011
00000001000001111010011110000011
00000000001001111110011100010011
11111101110001000010011110000011
00000000111001111010100000100011
11111101110001000010011110000011
00000000100001111010011110000011
00000000011001111001011100010011
11111110100001000010011110000011
00000000111101110110011100110011
11111101110001000010011110000011
00000000111001111010010000100011
11111101110001000010011110000011
00000000110001111010011110000011
00000000011001111000011100010011
11111101110001000010011110000011
00000000111001111010011000100011
11111101110001000010011110000011
00000000110001111010011100000011
00000000111100000000011110010011
00011100111001111101101001100011
11111101110001000010011110000011
00000000110001111010011110000011
11111111000001111000011100010011
11111101110001000010011110000011
00000000111001111010011000100011
11111101110001000010011110000011
00000000100001111010011100000011
11111101110001000010011110000011
00000000110001111010011110000011
00000000111101110101011110110011
00000000111100000000011100110011
00000000000000010000011110110111
00000000000001111000011110010011
11111111111101111000011110010011
00000000111101110111011110110011
11111110111101000010011000100011
11111101110001000010011110000011
00000001010001111010011110000011
00001000000001111000100001100011
11111101110001000010011110000011
00000001010001111010011110000011
11111110111101000010001000100011
11111110110001000010010100000011
00000000000000000000000000010011
00000000101000000000011110110011
00000010000001111001101001100011
11111101110001000010011110000011
00000000000001111010011110000011
11111111111101111000011100010011
11111101110001000010011110000011
00000000111001111010000000100011
11111101110001000010011110000011
00000000010001111010011110000011
00000000000101111000011100010011
11111101110001000010011110000011
00000000111001111010001000100011
11111111110000000000011110010011
00010111100000000000000001101111
11111101110001000010011110000011
00000000000001111010101000100011
11111110010001000010011100000011
11111111111111110011011110110111
00000000000001111000011110010011
10000000000001111000011110010011
00000000111101110000011110110011
00000000101001111001011100010011
11111110110001000010011110000011
00000000111101110000011100110011
00000000000000000010011110110111
00000000000001111000011110010011
01000000000001111000011110010011
00000000111101110000011110110011
11111110111101000010011000100011
00000111000000000000000001101111
11111110110001000010010100000011
00000000000000000000000000010011
00000000101000000000011110110011
00000010000001111000000001100011
11111110110001000010011100000011
11111101110001000010011110000011
00000000111001111010101000100011
11111101110001000010010100000011
00000000000000000000000000010011
00000000101000000000011110110011
00010000110000000000000001101111
11111110110001000010010100000011
00000000000000000000000000010011
00000000101000000000011110110011
00000010000001111000101001100011
11111101110001000010011110000011
00000000000001111010011110000011
11111111111101111000011100010011
11111101110001000010011110000011
00000000111001111010000000100011
11111101110001000010011110000011
00000000010001111010011110000011
00000000000101111000011100010011
11111101110001000010011110000011
00000000111001111010001000100011
11111111110000000000011110010011
00001100110000000000000001101111
11111110110001000010011110000011
00001100010000000000000001101111
11111110110001000010011100000011
00000010101100000000011110010011
00000010111101110001110001100011
11111101110001000010011110000011
00000001000001111010011110000011
00000000000101111110011100010011
11111101110001000010011110000011
00000000111001111010100000100011
11111101110001000010011110000011
00000001000001111010011110000011
11111111110101111111011100010011
11111101110001000010011110000011
00000000111001111010100000100011
11111101110001000010011110000011
00000000000001111010011000100011
00000100100000000000000001101111
11111101110001000010011110000011
00000001010001111010011110000011
00000010000001111000101001100011
11111101110001000010011110000011
00000000000001111010011110000011
11111111111101111000011100010011
11111101110001000010011110000011
00000000111001111010000000100011
11111101110001000010011110000011
00000000010001111010011110000011
00000000000101111000011100010011
11111101110001000010011110000011
00000000111001111010001000100011
11111111110000000000011110010011
00000100100000000000000001101111
11111110110001000010011110000011
00000100000000000000000001101111
11111101110001000010011110000011
00000000010001111010011110000011
10111100000001111001001011100011
11111101110001000010011110000011
00000001000001111010011110000011
00000000000101111111011110010011
00000000000001111000011001100011
11111111110100000000011110010011
00000001110000000000000001101111
11111101110001000010011110000011
00000001010001111010011110000011
00000000000001111000011001100011
11111111110100000000011110010011
00000000100000000000000001101111
11111111111100000000011110010011
00000000111100000000010100110011
00000010110000010010000010000011
00000010100000010010010000000011
00000011000000010000000100010011
00000000000000001000000001100111
