11111101000000010000000100010011
00000010100000010010011000100011
00000011000000010000010000010011
11111100101001000010111000100011
00010000000000010000011110110111
00000000000001111000011110010011
00000000000001111010011000000011
00000000010001111010011010000011
00000000100001111010011100000011
00000000110001111010011110000011
11111110110001000010000000100011
11111110110101000010001000100011
11111110111001000010010000100011
11111110111101000010011000100011
11111101110001000010011110000011
11111110000001000010010110000011
11111110010001000010011000000011
11111110100001000010011010000011
11111110110001000010011100000011
00000000101101111010000000100011
00000000110001111010001000100011
00000000110101111010010000100011
00000000111001111010011000100011
00000000000000000000000000010011
00000010110000010010010000000011
00000011000000010000000100010011
00000000000000001000000001100111
11111101000000010000000100010011
00000010100000010010011000100011
00000011000000010000010000010011
11111100101001000010111000100011
11111100101101000010110000100011
11111101110001000010011110000011
11111110111101000010011000100011
11111101100001000010011100000011
00000000000000010000011110110111
00000000000001111000011110010011
00001100111101110100111001100011
11111101100001000010011110000011
01000001001001111101011110010011
00000001100001111001011110010011
01000001100001111101011110010011
11111111000001111110011110010011
00000001100001111001011110010011
01000001100001111101011110010011
00001111111101111111011100010011
11111110110001000010011110000011
00000000111001111000000000100011
11111101100001000010011110000011
01000000110001111101011110010011
00000001100001111001011110010011
01000001100001111101011110010011
00000011111101111111011110010011
00000001100001111001011110010011
01000001100001111101011110010011
11111000000001111110011110010011
00000001100001111001011100010011
01000001100001110101011100010011
11111110110001000010011110000011
00000000000101111000011110010011
00001111111101110111011100010011
00000000111001111000000000100011
11111101100001000010011110000011
01000000011001111101011110010011
00000001100001111001011110010011
01000001100001111101011110010011
00000011111101111111011110010011
00000001100001111001011110010011
01000001100001111101011110010011
11111000000001111110011110010011
00000001100001111001011100010011
01000001100001110101011100010011
11111110110001000010011110000011
00000000001001111000011110010011
00001111111101110111011100010011
00000000111001111000000000100011
11111101100001000010011110000011
00000001100001111001011110010011
01000001100001111101011110010011
00000011111101111111011110010011
00000001100001111001011110010011
01000001100001111101011110010011
11111000000001111110011110010011
00000001100001111001011100010011
01000001100001110101011100010011
11111110110001000010011110000011
00000000001101111000011110010011
00001111111101110111011100010011
00000000111001111000000000100011
11111110110001000010011110000011
00000000010001111000011110010011
00010011110000000000000001101111
11111101100001000010011100000011
01111111111100000000011110010011
00001010111001111101001001100011
11111101100001000010011110000011
01000000110001111101011110010011
00000001100001111001011110010011
01000001100001111101011110010011
11111110000001111110011110010011
00000001100001111001011110010011
01000001100001111101011110010011
00001111111101111111011100010011
11111110110001000010011110000011
00000000111001111000000000100011
11111101100001000010011110000011
01000000011001111101011110010011
00000001100001111001011110010011
01000001100001111101011110010011
00000011111101111111011110010011
00000001100001111001011110010011
01000001100001111101011110010011
11111000000001111110011110010011
00000001100001111001011100010011
01000001100001110101011100010011
11111110110001000010011110000011
00000000000101111000011110010011
00001111111101110111011100010011
00000000111001111000000000100011
11111101100001000010011110000011
00000001100001111001011110010011
01000001100001111101011110010011
00000011111101111111011110010011
00000001100001111001011110010011
01000001100001111101011110010011
11111000000001111110011110010011
00000001100001111001011100010011
01000001100001110101011100010011
11111110110001000010011110000011
00000000001001111000011110010011
00001111111101110111011100010011
00000000111001111000000000100011
11111110110001000010011110000011
00000000001101111000011110010011
00001001000000000000000001101111
11111101100001000010011100000011
00000111111100000000011110010011
00000110111001111101011001100011
11111101100001000010011110000011
01000000011001111101011110010011
00000001100001111001011110010011
01000001100001111101011110010011
11111100000001111110011110010011
00000001100001111001011110010011
01000001100001111101011110010011
00001111111101111111011100010011
11111110110001000010011110000011
00000000111001111000000000100011
11111101100001000010011110000011
00000001100001111001011110010011
01000001100001111101011110010011
00000011111101111111011110010011
00000001100001111001011110010011
01000001100001111101011110010011
11111000000001111110011110010011
00000001100001111001011100010011
01000001100001110101011100010011
11111110110001000010011110000011
00000000000101111000011110010011
00001111111101110111011100010011
00000000111001111000000000100011
11111110110001000010011110000011
00000000001001111000011110010011
00000001110000000000000001101111
11111101100001000010011110000011
00001111111101111111011100010011
11111110110001000010011110000011
00000000111001111000000000100011
11111110110001000010011110000011
00000000000101111000011110010011
00000000111100000000010100110011
00000010110000010010010000000011
00000011000000010000000100010011
00000000000000001000000001100111
11111101000000010000000100010011
00000010100000010010011000100011
00000011000000010000010000010011
11111100101001000010111000100011
11111100101101000010110000100011
11111101110001000010011110000011
11111110111101000010010000100011
11111110100001000010011110000011
00000000000001111100011110000011
00000001100001111001011110010011
01000001100001111101011110010011
00000010000001111100010001100011
11111110100001000010011110000011
00000000000001111100011110000011
00000000111100000000011100110011
11111101100001000010011110000011
00000000111001111010000000100011
11111110100001000010011110000011
00000000000101111000011110010011
11111110111101000010011000100011
00011001010000000000000001101111
11111110100001000010011110000011
00000000000001111100011110000011
00001110000001111111011100010011
00001100000000000000011110010011
00000100111101110001000001100011
11111110100001000010011110000011
00000000000001111100011110000011
00000000011001111001011110010011
01111100000001111111011100010011
11111110100001000010011110000011
00000000000101111000011110010011
00000000000001111100011110000011
00000011111101111111011110010011
00000000111101110110011100110011
11111101100001000010011110000011
00000000111001111010000000100011
11111110100001000010011110000011
00000000001001111000011110010011
11111110111101000010011000100011
00010100010000000000000001101111
11111110100001000010011110000011
00000000000001111100011110000011
00001111000001111111011100010011
00001110000000000000011110010011
00000110111101110001100001100011
11111110100001000010011110000011
00000000000001111100011110000011
00000000110001111001011100010011
00000000000000010000011110110111
00000000000001111000011110010011
11111111111101111000011110010011
00000000111101110111011100110011
11111110100001000010011110000011
00000000000101111000011110010011
00000000000001111100011110000011
00000000011001111001011010010011
00000000000000000001011110110111
00000000000001111000011110010011
11111100000001111000011110010011
00000000111101101111011110110011
00000000111101110110011100110011
11111110100001000010011110000011
00000000001001111000011110010011
00000000000001111100011110000011
00000011111101111111011110010011
00000000111101110110011100110011
11111101100001000010011110000011
00000000111001111010000000100011
11111110100001000010011110000011
00000000001101111000011110010011
11111110111101000010011000100011
00001100010000000000000001101111
11111110100001000010011110000011
00000000000001111100011110000011
00001111100001111111011100010011
00001111000000000000011110010011
00001000111101110001111001100011
11111110100001000010011110000011
00000000000001111100011100000011
00001111010000000000011110010011
00001000111001111110011001100011
11111110100001000010011110000011
00000000000001111100011110000011
00000001001001111001011100010011
00000000000111000000011110110111
00000000000001111000011110010011
00000000111101110111011100110011
11111110100001000010011110000011
00000000000101111000011110010011
00000000000001111100011110000011
00000000110001111001011010010011
00000000000000111111011110110111
00000000000001111000011110010011
00000000111101101111011110110011
00000000111101110110011100110011
11111110100001000010011110000011
00000000001001111000011110010011
00000000000001111100011110000011
00000000011001111001011010010011
00000000000000000001011110110111
00000000000001111000011110010011
11111100000001111000011110010011
00000000111101101111011110110011
00000000111101110110011100110011
11111110100001000010011110000011
00000000001101111000011110010011
00000000000001111100011110000011
00000011111101111111011110010011
00000000111101110110011100110011
11111101100001000010011110000011
00000000111001111010000000100011
11111110100001000010011110000011
00000000010001111000011110010011
11111110111101000010011000100011
00000001100000000000000001101111
11111101100001000010011110000011
11111111111100000000011100010011
00000000111001111010000000100011
11111110100001000010011110000011
11111110111101000010011000100011
11111101100001000010011110000011
00000000000001111010011100000011
00000000000000001101011110110111
00000000000001111000011110010011
01111111111101111000011110010011
00000010111001111101001001100011
11111101100001000010011110000011
00000000000001111010011100000011
00000000000000001110011110110111
00000000000001111000011110010011
00000000111101110101100001100011
11111101100001000010011110000011
11111111111100000000011100010011
00000000111001111010000000100011
11111110110001000010011110000011
00000000111100000000010100110011
00000010110000010010010000000011
00000011000000010000000100010011
00000000000000001000000001100111
11111101000000010000000100010011
00000010100000010010011000100011
00000011000000010000010000010011
11111100101001000010111000100011
11111101110001000010011110000011
00000000110001111010011110000011
00001110000001111000101001100011
11111110000001000010011000100011
00000100100000000000000001101111
11111110110001000010011100000011
00000000000101110000011110010011
11111110111101000010011000100011
11111101110001000010011110000011
00000000000001111010011110000011
00000000000101111000011000010011
11111101110001000010011010000011
00000000110001101010000000100011
11111101110001000010011010000011
00000000111001101000011100110011
00000000100001110100011100000011
00000000111001111000000000100011
11111101110001000010011110000011
00000000010001111010011110000011
11111111111101111000011100010011
11111101110001000010011110000011
00000000111001111010001000100011
11111101110001000010011110000011
00000000110001111010011110000011
11111110110001000010011100000011
00000000111101110101100001100011
11111101110001000010011110000011
00000000010001111010011110000011
11111010000001111001001011100011
11111101110001000010011110000011
00000000110001111010011110000011
11111110110001000010011100000011
00000110111101110101101001100011
11111110110001000010011110000011
11111110111101000010001000100011
11111101110001000010011110000011
00000000100001111000011110010011
11111110111101000010010000100011
00000010110000000000000001101111
11111110110001000010011100000011
00000000000101110000011110010011
11111110111101000010011000100011
11111110100001000010011110000011
00000000000101111000011010010011
11111110110101000010010000100011
11111101110001000010011010000011
00000000111001101000011100110011
00000000100001110100011100000011
00000000111001111000000000100011
11111101110001000010011110000011
00000000110001111010011110000011
11111110110001000010011100000011
11111100111101110100011011100011
11111101110001000010011110000011
00000000110001111010011100000011
11111110010001000010011110000011
01000000111101110000011100110011
11111101110001000010011110000011
00000000111001111010011000100011
11111111111000000000011110010011
00000001000000000000000001101111
11111101110001000010011110000011
00000000000001111010011000100011
11111111111100000000011110010011
00000000111100000000010100110011
00000010110000010010010000000011
00000011000000010000000100010011
00000000000000001000000001100111
11111101000000010000000100010011
00000010000100010010011000100011
00000010100000010010010000100011
00000011000000010000010000010011
11111100101001000010111000100011
11111100101101000010110000100011
11111101110001000010010100000011
00000000000000000000000000010011
00000000101000000000011100110011
11111111111100000000011110010011
00000000111101110000011001100011
11111111111000000000011110010011
00001011000000000000000001101111
11111101100001000010011100000011
11111111111100000000011110010011
00000000111101110001011001100011
11111111111100000000011110010011
00001001110000000000000001101111
11111101110001000010011110000011
00000000010001111010011100000011
00000000001100000000011110010011
00000100111001111110000001100011
11111101110001000010011110000011
00000000100001111000011110010011
11111101100001000010010110000011
00000000111100000000010100110011
00000000000000000000000000010011
00000000101000000000011100110011
11111101110001000010011110000011
00000000100001111000011110010011
01000000111101110000011100110011
11111101110001000010011110000011
00000000111001111010011000100011
11111101110001000010010100000011
00000000000000000000000000010011
11111111111100000000011110010011
00000101000000000000000001101111
11111101110001000010011110000011
00000000000001111010011110000011
11111101100001000010010110000011
00000000111100000000010100110011
00000000000000000000000000010011
11111110101001000010011000100011
11111101110001000010011110000011
00000000010001111010011110000011
11111101110001000010011100000011
00000000000001110010011100000011
11111110110001000010011010000011
01000000111001101000011100110011
01000000111001111000011100110011
11111101110001000010011110000011
00000000111001111010001000100011
11111101110001000010011110000011
11111110110001000010011100000011
00000000111001111010000000100011
11111111111100000000011110010011
00000000111100000000010100110011
00000010110000010010000010000011
00000010100000010010010000000011
00000011000000010000000100010011
00000000000000001000000001100111
11111100000000010000000100010011
00000010000100010010111000100011
00000010100000010010110000100011
00000100000000010000010000010011
11111100101001000010011000100011
11111110000001000010001000100011
11111100110001000010011110000011
00000000110001111010011110000011
00000000000001111001110001100011
11111100110001000010011110000011
00000000010001111010011110000011
00000000000001111001011001100011
11111111111100000000011110010011
00101110000000000000000001101111
11111100110001000010011110000011
00000000110001111010011110000011
00010110000001111000101001100011
11111100110001000010011110000011
00000000100001111000011110010011
11111101000001000000011100010011
00000000111000000000010110110011
00000000111100000000010100110011
00000000000000000000000000010011
00000000101000000000011100110011
11111100110001000010011110000011
00000000100001111000011110010011
01000000111101110000011110110011
11111100111101000010110000100011
11111100110001000010011110000011
00000000010001111010011110000011
11111100110001000010011100000011
00000000110001110010011100000011
00000000111001111000011100110011
11111101100001000010011110000011
00001010111101110111011001100011
11111110000001000010000000100011
00000100000000000000000001101111
11111100110001000010011110000011
00000000000001111010011100000011
11111110000001000010011110000011
00000000111101110000011100110011
11111100110001000010011110000011
00000000110001111010011010000011
11111110000001000010011110000011
00000000111101101000011110110011
00000000000001110100011100000011
11111100110001000010011010000011
00000000111101101000011110110011
00000000111001111000010000100011
11111110000001000010011110000011
00000000000101111000011110010011
11111110111101000010000000100011
11111100110001000010011110000011
00000000010001111010011110000011
00000000111100000000011100110011
11111110000001000010011110000011
11111010111001111100101011100011
11111100110001000010011110000011
00000000110001111010011110000011
00000000111100000000011100110011
11111100110001000010011110000011
00000000010001111010011110000011
00000000111101110000011110110011
00000000111100000000011100110011
11111100110001000010011110000011
00000000111001111010011000100011
11111100110001000010011110000011
00000000000001111010011100000011
11111100110001000010011110000011
00000000010001111010011110000011
00000000111101110000011100110011
11111100110001000010011110000011
00000000111001111010000000100011
11111100110001000010011110000011
00000000000001111010001000100011
11111111110100000000011110010011
00011110010000000000000001101111
11111100000001000010111000100011
00000100000000000000000001101111
11111100110001000010011110000011
00000000000001111010011100000011
11111101110001000010011110000011
00000000111101110000011100110011
11111100110001000010011110000011
00000000110001111010011010000011
11111101110001000010011110000011
00000000111101101000011110110011
00000000000001110100011100000011
11111100110001000010011010000011
00000000111101101000011110110011
00000000111001111000010000100011
11111101110001000010011110000011
00000000000101111000011110010011
11111100111101000010111000100011
11111100110001000010011110000011
00000000110001111010011110000011
11111101100001000010011100000011
01000000111101110000011110110011
11111101110001000010011100000011
11111010111101110100100011100011
11111100110001000010011110000011
00000000110001111010011110000011
11111110111101000010001000100011
11111100110001000010011110000011
00000000100001111000011110010011
11111110111101000010011000100011
11111101100001000010011110000011
11111110111101000010010000100011
00001010010000000000000001101111
11111100110001000010011110000011
00000000010001111010011100000011
00000000001100000000011110010011
00001000111001111110000001100011
11111100110001000010011110000011
00000000000001111010011000100011
00000100010000000000000001101111
11111100110001000010011110000011
00000000000001111010011110000011
11111100110001000010011100000011
00000000110001110010011100000011
00000000111001111000011100110011
11111100110001000010011110000011
00000000110001111010011110000011
00000000000001110100011100000011
11111100110001000010011010000011
00000000111101101000011110110011
00000000111001111000010000100011
11111100110001000010011110000011
00000000110001111010011110000011
00000000000101111000011100010011
11111100110001000010011110000011
00000000111001111010011000100011
11111100110001000010011110000011
00000000110001111010011110000011
11111100110001000010011100000011
00000000010001110010011100000011
11111010111001111100100011100011
11111100110001000010011110000011
00000000100001111000011110010011
11111110111101000010011000100011
11111100110001000010011110000011
00000000010001111010011110000011
11111110111101000010010000100011
00000001100000000000000001101111
11111100110001000010011110000011
00000000000001111010011110000011
11111110111101000010011000100011
00000000010000000000011110010011
11111110111101000010010000100011
11111101000001000000011110010011
00000000111100000000010110110011
11111110110001000010010100000011
00000000000000000000000000010011
11111100101001000010101000100011
11111101010001000010011100000011
11111110110001000010011110000011
01000000111101110000011110110011
11111110100001000010011100000011
00000010111101110101100001100011
11111100110001000010011110000011
00000000000001111010011100000011
11111100110001000010011110000011
00000000010001111010011110000011
00000000111101110000011100110011
11111100110001000010011110000011
00000000111001111010000000100011
11111100110001000010011110000011
00000000000001111010001000100011
11111111110100000000011110010011
00000111000000000000000001101111
11111100110001000010011110000011
00000000000001111010011000100011
11111100110001000010011110000011
00000000000001111010011110000011
11111101010001000010011010000011
11111110110001000010011100000011
01000000111001101000011010110011
11111110010001000010011100000011
01000000111001101000011100110011
00000000111001111000011100110011
11111100110001000010011110000011
00000000111001111010000000100011
11111100110001000010011110000011
00000000010001111010011110000011
11111101010001000010011010000011
11111110110001000010011100000011
01000000111001101000011010110011
11111110010001000010011100000011
01000000111001101000011100110011
01000000111001111000011100110011
11111100110001000010011110000011
00000000111001111010001000100011
11111101000001000010011110000011
00000000000001111101011001100011
11111111110000000000011110010011
00000000100000000000000001101111
11111101000001000010011110000011
00000000111100000000010100110011
00000011110000010010000010000011
00000011100000010010010000000011
00000100000000010000000100010011
00000000000000001000000001100111
