11111011000000010000000100010011
00000100100000010010011000100011
00000101000000010000010000010011
11111010101001000010111000100011
11111010101101000010110000100011
11111010110001000010101000100011
11111010110101000010100000100011
11111011010001000010011110000011
00000000001001111000011110010011
11111100111101000010101000100011
11111011000001000010011110000011
11111111111101111000011110010011
11111100111101000010100000100011
11111011110001000010011110000011
00000000000101111000011110010011
11111110111101000010001000100011
11111101010001000010011110000011
00000000000101111000011110010011
11111011110001000010011100000011
00000000111101110000011110110011
11111110111101000010000000100011
11111110000001000010011000100011
00010100100000000000000001101111
11111011010001000010011110000011
11111111111101111000011110010011
11111110010001000010011100000011
00000000111101110000011100110011
11111110010001000010011110000011
11111111111101111000011110010011
00000000000001110100011100000011
00000000111001111000000000100011
11111011010001000010011110000011
11111110010001000010011100000011
00000000111101110000011110110011
11111110010001000010011100000011
00000000000001110100011100000011
00000000111001111000000000100011
11111011010001000010011110000011
11111110000001000010011100000011
00000000111101110000011110110011
11111100111101000010011000100011
11111111111100000000011110010011
11111110111101000010010000100011
00000111100000000000000001101111
11111110100001000010011110000011
11111110010001000010011100000011
00000000111101110000011110110011
11111100111101000010110000100011
11111110000001000010011110000011
11111100111101000010111000100011
11111110000001000010011110000011
11111100111101000010111000100011
00000011110000000000000001101111
11111101100001000010011110000011
00000000000001111100011100000011
11111101110001000010011110000011
00000000000001111100011110000011
00000000111101110000011110110011
00001111111101111111011100010011
11111101110001000010011110000011
00000000111001111000000000100011
11111101100001000010011110000011
00000000000101111000011110010011
11111100111101000010110000100011
11111101110001000010011110000011
00000000000101111000011110010011
11111100111101000010111000100011
11111101110001000010011100000011
11111100110001000010011110000011
11111100111101110110000011100011
11111110100001000010011110000011
00000000000101111000011110010011
11111110111101000010010000100011
11111110100001000010011100000011
00000000000100000000011110010011
11111000111001111101001011100011
11111110000001000010011110000011
11111100111101000010111000100011
00000011000000000000000001101111
11111101110001000010011110000011
00000000000001111100011110000011
00000000111100000000011100110011
11111011100001000010011110000011
00000000111001111000011110110011
00000000000001111100011100000011
11111101110001000010011110000011
00000000111001111000000000100011
11111101110001000010011110000011
00000000000101111000011110010011
11111100111101000010111000100011
11111101110001000010011100000011
11111100110001000010011110000011
11111100111101110110011011100011
11111101010001000010011110000011
11111110010001000010011100000011
00000000111101110000011110110011
11111110111101000010001000100011
11111101010001000010011110000011
11111110000001000010011100000011
00000000111101110000011110110011
11111110111101000010000000100011
11111110110001000010011110000011
00000000000101111000011110010011
11111110111101000010011000100011
11111110110001000010011100000011
11111101000001000010011110000011
11101010111101110100101011100011
00000000000000000000000000010011
00000000000000000000000000010011
00000100110000010010010000000011
00000101000000010000000100010011
00000000000000001000000001100111
