11111110000000010000000100010011
00000000000100010010111000100011
00000000100000010010110000100011
00000010000000010000010000010011
00000000010100000000011110010011
11111110111101000010011000100011
00000000011000000000011110010011
11111110111101000010010000100011
11111110100001000010011100000011
11111110110001000010011110000011
01000000111101110000011110110011
11111111111101111000011110010011
11111110111101000010001000100011
11111110010001000010010110000011
00010000000000010000011110110111
00000000000001111000010100010011
00000000000000000000000000010011
00000000000000000000011110010011
00000000111100000000010100110011
00000001110000010010000010000011
00000001100000010010010000000011
00000010000000010000000100010011
00000000000000001000000001100111
