11111101000000010000000100010011
00000010000100010010011000100011
00000010100000010010010000100011
00000011000000010000010000010011
11111100101001000010111000100011
11111100101101000010110000100011
11111101110001000000011110010011
00000000111100000000010110110011
00010000000000010000011110110111
00000000000001111000010100010011
00000000000000000000000000010011
11111101100001000010010110000011
00010000000000010000011110110111
00000000110001111000010100010011
00000000000000000000000000010011
11111101110001000010011110000011
00000000111100000000010110110011
00010000000000010000011110110111
00000001110001111000010100010011
00000000000000000000000000010011
11111110000001000010011000100011
00000011100000000000000001101111
11111110110001000010011110000011
00000000001001111001011110010011
11111101100001000010011100000011
00000000111101110000011110110011
00000000000001111010011110000011
00000000111100000000011000110011
11111110110001000010010110000011
00010000000000010000011110110111
00000010100001111000010100010011
00000000000000000000000000010011
11111110110001000010011110000011
00000000000101111000011110010011
11111110111101000010011000100011
11111101110001000010011110000011
11111110110001000010011100000011
11111100111101110100001011100011
00000000000000000000011110010011
00000000111100000000010100110011
00000010110000010010000010000011
00000010100000010010010000000011
00000011000000010000000100010011
00000000000000001000000001100111
