11110111000000010000000100010011
00000110000100010010111000100011
00000110100000010010110000100011
00000110100100010010101000100011
00001000000000010000010000010011
11111000101001000010111000100011
11111000101101000010110000100011
11111000110001000010101000100011
11111000110101000010100000100011
00000000111001000010000000100011
00000000111101000010001000100011
00000001000001000010010000100011
00000001000101000010011000100011
11111001110001000010011110000011
11111001010001000010011100000011
00000000111001111010010000100011
00000001000001000000011110010011
11111000111101000010011000100011
11111000110001000010011110000011
11111111000001111000011110010011
11111110111101000010011000100011
11111001110001000010011110000011
00000000110001111000011110010011
11111110110001000010011100000011
00000000111000000000011010110011
11111001000001000010011000000011
00000110000000000000010110010011
00000000111100000000010100110011
00000000000000000000000000010011
11111001010001000010011110000011
00000110000001111000100001100011
11111010110001000000011110010011
00000100000000000000011000010011
00000000111100000000010110110011
11111001010001000010010100000011
00000000000000000000000000010011
11111001110001000010011110000011
00000000110001111000010010010011
11111001110001000010011110000011
00000000110001111000011110010011
00000000111100000000010100110011
00000000000000000000000000010011
00000000101000000000011110110011
00000000111101001000010010110011
11111001110001000010011110000011
00000000110001111000011110010011
00000000111100000000010100110011
00000000000000000000000000010011
00000000101000000000011100110011
00000110000000000000011110010011
01000000111001111000010110110011
11111010110001000000011110010011
11111001010001000010011100000011
00000000111100000000011010110011
00010000000000010000011110110111
00000101010001111000011000010011
00000000100100000000010100110011
00000000000000000000000000010011
11111001100001000010011110000011
00000000111100000000010100110011
00000111110000010010000010000011
00000111100000010010010000000011
00000111010000010010010010000011
00001001000000010000000100010011
00000000000000001000000001100111
11100101000000010000000100010011
00011010000100010010011000100011
00011010100000010010010000100011
00011010100100010010001000100011
00011011000000010000010000010011
11100100101001000010111000100011
11100100101101000010110000100011
11100100110001000010101000100011
11100101010001000010011110000011
00000100000001111000101001100011
11100101010001000010011100000011
00000000000100000000011110010011
00000100111101110000010001100011
11100101010001000010011100000011
00000000001000000000011110010011
00000010111101110000111001100011
11100101010001000010011100000011
00000000001100000000011110010011
00000010111101110000100001100011
11100101010001000010011100000011
00000000010000000000011110010011
00000010111101110000001001100011
00010000000000010000011110110111
00000110010001111000011010010011
00000000000000000000011000010011
11111111111100000000010110010011
11100101110001000010010100000011
00000000000000000000000000010011
00000000101000000000011110110011
00111110000000000000000001101111
11101101110001000000011100010011
11100101100001000010011010000011
00010000000000010000011110110111
00001010010001111000011000010011
00010000000000000000010110010011
00000000111000000000010100110011
00000000000000000000000000010011
11100111000001000000011100010011
11101101110001000000011110010011
00000000111000000000010110110011
00000000111100000000010100110011
00000000000000000000000000010011
00000000101000000000011110110011
00011100000001111101111001100011
11100110000001000000011100010011
11100101100001000010011010000011
00010000000000010000011110110111
00001011110001111000011000010011
00000001000000000000010110010011
00000000111000000000010100110011
00000000000000000000000000010011
00000000000100000000010110010011
00010000000000010000011110110111
00001100000001111000010100010011
00000000000000000000000000010011
11111110101001000010010000100011
11111110100001000010011110000011
00000010000001111101100001100011
00000000000000000000000000010011
00000000101000000000011110110011
00000000000001111010011100000011
00010000000000010000011110110111
00001101100001111000011010010011
00000000111000000000011000110011
11111111111000000000010110010011
11100101110001000010010100000011
00000000000000000000000000010011
00000000101000000000011110110011
00110100010000000000000001101111
11100110000001000000011110010011
00000000111100000000010100110011
00000000000000000000000000010011
00000000101000000000011110110011
00000000000101111000011100010011
11100110000001000000011110010011
00000000111000000000011000110011
00000000111100000000010110110011
11111110100001000010010100000011
00000000000000000000000000010011
00000000101000000000011110110011
00000010000001111101111001100011
00000000000000000000000000010011
00000000101000000000011110110011
00000000000001111010011110000011
11111110111101000010000000100011
11111110100001000010010100000011
00000000000000000000000000010011
00010000000000010000011110110111
00001111110001111000011010010011
11111110000001000010011000000011
11111111111000000000010110010011
11100101110001000010010100000011
00000000000000000000000000010011
00000000101000000000011110110011
00101101110000000000000001101111
11111110100001000010010100000011
00000000000000000000000000010011
00000000101000000000011110110011
00000010000001111101100001100011
00000000000000000000000000010011
00000000101000000000011110110011
00000000000001111010011100000011
00010000000000010000011110110111
00010010000001111000011010010011
00000000111000000000011000110011
11111111111000000000010110010011
11100101110001000010010100000011
00000000000000000000000000010011
00000000101000000000011110110011
00101010000000000000000001101111
11111110000001000010011000100011
00001000100000000000000001101111
11100111000001000000011100010011
11101101110001000000011110010011
00000000111000000000010110110011
00000000111100000000010100110011
00000000000000000000000000010011
11111110101001000010001000100011
11111110010001000010011110000011
00000110000001111000110001100011
11111110010001000010011110000011
00000100000001111101001001100011
00000000000000000000000000010011
00000000101000000000011110110011
00000000000001111010011100000011
00000000001000000000011110010011
00000010111101110000100001100011
00000000000000000000000000010011
00000000101000000000011110110011
00000000000001111010011000000011
11100101100001000010011100000011
00010000000000010000011110110111
00010100010001111000011010010011
11111111111000000000010110010011
11100101110001000010010100000011
00000000000000000000000000010011
00000000101000000000011110110011
00100011000000000000000001101111
00000000000000011000011110110111
00000000000001111000011110010011
01101010000001111000010100010011
00000000000000000000000000010011
11111110110001000010011110000011
00000000000101111000011110010011
11111110111101000010011000100011
11111110110001000010011100000011
00000000100100000000011110010011
11110110111001111111101011100011
00000000100000000000000001101111
00000000000000000000000000010011
11111110110001000010011100000011
00000000101000000000011110010011
00000010111101110001010001100011
11100101100001000010011100000011
00010000000000010000011110110111
00010110010001111000011010010011
00000000000000000000011000010011
11111111111000000000010110010011
11100101110001000010010100000011
00000000000000000000000000010011
00000000101000000000011110110011
00011101000000000000000001101111
11100101010001000010011100000011
00000000010000000000011110010011
00010010111101110000101001100011
11101101110001000000011100010011
11100101100001000010011010000011
00010000000000010000011110110111
00011001010001111000011000010011
00010000000000000000010110010011
00000000111000000000010100110011
00000000000000000000000000010011
11101101110001000000011110010011
00000000000100000000010110010011
00000000111100000000010100110011
00000000000000000000000000010011
11111110101001000010010000100011
11111110100001000010011110000011
00000010000001111101100001100011
00000000000000000000000000010011
00000000101000000000011110110011
00000000000001111010011100000011
00010000000000010000011110110111
00011011100001111000011010010011
00000000111000000000011000110011
11111111101000000000010110010011
11100101110001000010010100000011
00000000000000000000000000010011
00000000101000000000011110110011
00010110000000000000000001101111
00010000000000010000011110110111
00000001010001111000011100010011
11100101010001000010011110000011
00000000001001111001011110010011
00000000111101110000011110110011
00000000000001111010010010000011
00010000000000010000011110110111
00000001010001111000011100010011
11100101010001000010011110000011
00000000001001111001011110010011
00000000111101110000011110110011
00000000000001111010011110000011
00000000111100000000010100110011
00000000000000000000000000010011
00000000101000000000011110110011
00000000000101111000011110010011
00000000111100000000011000110011
00000000100100000000010110110011
11111110100001000010010100000011
00000000000000000000000000010011
00000000101000000000011110110011
00000010000001111101111001100011
00000000000000000000000000010011
00000000101000000000011110110011
00000000000001111010011110000011
11111100111101000010111000100011
11111110100001000010010100000011
00000000000000000000000000010011
00010000000000010000011110110111
00011110000001111000011010010011
11111101110001000010011000000011
11111111101000000000010110010011
11100101110001000010010100000011
00000000000000000000000000010011
00000000101000000000011110110011
00001101000000000000000001101111
11111110100001000010010100000011
00000000000000000000000000010011
00000000101000000000011110110011
00000010000001111101100001100011
00000000000000000000000000010011
00000000101000000000011110110011
00000000000001111010011100000011
00010000000000010000011110110111
00100000100001111000011010010011
00000000111000000000011000110011
11111111101000000000010110010011
11100101110001000010010100000011
00000000000000000000000000010011
00000000101000000000011110110011
00001001010000000000000001101111
00000110110000000000011000010011
00000000000000000000010110010011
11100101110001000010010100000011
00000000000000000000000000010011
11100101110001000010011110000011
11100101100001000010011100000011
00000000111001111010000000100011
11101101110001000000011100010011
11100101100001000010011010000011
00010000000000010000011110110111
00100011000001111000011000010011
00010000000000000000010110010011
00000000111000000000010100110011
00000000000000000000000000010011
11101101110001000000011110010011
00000000001000000000010110010011
00000000111100000000010100110011
00000000000000000000000000010011
00000000101000000000011100110011
11100101110001000010011110000011
00000000111001111010001000100011
11100101110001000010011110000011
00000000010001111010011110000011
00000010000001111101100001100011
00000000000000000000000000010011
00000000101000000000011110110011
00000000000001111010011000000011
11100101100001000010011100000011
00010000000000010000011110110111
00100101000001111000011010010011
11111111110100000000010110010011
11100101110001000010010100000011
00000000000000000000000000010011
00000000101000000000011110110011
00000000100000000000000001101111
00000000000000000000011110010011
00000000111100000000010100110011
00011010110000010010000010000011
00011010100000010010010000000011
00011010010000010010010010000011
00011011000000010000000100010011
00000000000000001000000001100111
11111110000000010000000100010011
00000000000100010010111000100011
00000000100000010010110000100011
00000010000000010000010000010011
11111110101001000010011000100011
11111110110001000010011110000011
00000000010001111010011110000011
00000000000001111101011001100011
00000000000000000000011110010011
00000101100000000000000001101111
11111110110001000010011110000011
00000000010001111010011110000011
00000000111100000000010100110011
00000000000000000000000000010011
00000000101000000000011110110011
00000010000001111101100001100011
00000000000000000000000000010011
00000000101000000000011110110011
00000000000001111010011100000011
00010000000000010000011110110111
00100110110001111000011010010011
00000000111000000000011000110011
11111111101100000000010110010011
11111110110001000010010100000011
00000000000000000000000000010011
00000000101000000000011110110011
00000001010000000000000001101111
11111110110001000010011110000011
11111111111100000000011100010011
00000000111001111010001000100011
00000000000000000000011110010011
00000000111100000000010100110011
00000001110000010010000010000011
00000001100000010010010000000011
00000010000000010000000100010011
00000000000000001000000001100111
11111101000000010000000100010011
00000010000100010010011000100011
00000010100000010010010000100011
00000011000000010000010000010011
11111100101001000010111000100011
11111100101101000010110000100011
11111101110001000010011110000011
00000000010001111010011110000011
11111110110001000000011100010011
00000000001000000000011000010011
00000000111000000000010110110011
00000000111100000000010100110011
00000000000000000000000000010011
00000000101000000000011110110011
00000010000001111101100001100011
00000000000000000000000000010011
00000000101000000000011110110011
00000000000001111010011100000011
00010000000000010000011110110111
00101000010001111000011010010011
00000000111000000000011000110011
11111111110000000000010110010011
11111101110001000010010100000011
00000000000000000000000000010011
00000000101000000000011110110011
00001010100000000000000001101111
11111101110001000010011110000011
00000000010001111010011110000011
00000000000000000000011000010011
00000000000000000000010110010011
00000000111100000000010100110011
00000000000000000000000000010011
00000000101000000000011110110011
00000010000001111101100001100011
00000000000000000000000000010011
00000000101000000000011110110011
00000000000001111010011100000011
00010000000000010000011110110111
00101001110001111000011010010011
00000000111000000000011000110011
11111111110000000000010110010011
11111101110001000010010100000011
00000000000000000000000000010011
00000000101000000000011110110011
00000101110000000000000001101111
11111110110001000100011100000011
00000011000000000000011110010011
00000000111101110001100001100011
11111101100001000010011110000011
00000000000001111000000000100011
00000100000000000000000001101111
11111110110001000100011100000011
00000011000100000000011110010011
00000000111101110001101001100011
11111101100001000010011110000011
00000000000100000000011100010011
00000000111001111000000000100011
00000010010000000000000001101111
00010000000000010000011110110111
00101011010001111000011010010011
00000000000000000000011000010011
11111111110000000000010110010011
11111101110001000010010100000011
00000000000000000000000000010011
00000000101000000000011110110011
00000000100000000000000001101111
00000000000000000000011110010011
00000000111100000000010100110011
00000010110000010010000010000011
00000010100000010010010000000011
00000011000000010000000100010011
00000000000000001000000001100111
11111101000000010000000100010011
00000010000100010010011000100011
00000010100000010010010000100011
00000011000000010000010000010011
11111100101001000010111000100011
00000000101100000000011110110011
11111100111101000000110110100011
00010000000000010000011110110111
00101110000001111010011110000011
11111110111101000010011000100011
11111101110001000010011110000011
00000000010001111010011010000011
11111101101101000100011110000011
11111110110001000000011100010011
00000000000101111001011110010011
00000000111101110000011110110011
00000000001000000000011000010011
00000000111100000000010110110011
00000000110100000000010100110011
00000000000000000000000000010011
00000000101000000000011110110011
00000010000001111101100001100011
00000000000000000000000000010011
00000000101000000000011110110011
00000000000001111010011100000011
00010000000000010000011110110111
00101100100001111000011010010011
00000000111000000000011000110011
11111111110000000000010110010011
11111101110001000010010100000011
00000000000000000000000000010011
00000000101000000000011110110011
00000101010000000000000001101111
11111101110001000010011110000011
00000000010001111010011110000011
00000000000000000000011000010011
00000000000000000000010110010011
00000000111100000000010100110011
00000000000000000000000000010011
00000000101000000000011110110011
00000010000001111101100001100011
00000000000000000000000000010011
00000000101000000000011110110011
00000000000001111010011100000011
00010000000000010000011110110111
00101001110001111000011010010011
00000000111000000000011000110011
11111111110000000000010110010011
11111101110001000010010100000011
00000000000000000000000000010011
00000000101000000000011110110011
00000000100000000000000001101111
00000000000000000000011110010011
00000000111100000000010100110011
00000010110000010010000010000011
00000010100000010010010000000011
00000011000000010000000100010011
00000000000000001000000001100111
11111101000000010000000100010011
00000010000100010010011000100011
00000010100000010010010000100011
00000011000000010000010000010011
11111100101001000010111000100011
11111100101101000010110000100011
11111101110001000010011110000011
00000000010001111010011110000011
11111110000001000000011100010011
00000000000100000000011000010011
00000000111000000000010110110011
00000000111100000000010100110011
00000000000000000000000000010011
00000000101000000000011110110011
00000010000001111101100001100011
00000000000000000000000000010011
00000000101000000000011110110011
00000000000001111010011100000011
00010000000000010000011110110111
00101000010001111000011010010011
00000000111000000000011000110011
11111111110000000000010110010011
11111101110001000010010100000011
00000000000000000000000000010011
00000000101000000000011110110011
00010001000000000000000001101111
11111101110001000010011110000011
00000000010001111010011110000011
00000000001000000000011000010011
00000000000000000000010110010011
00000000111100000000010100110011
00000000000000000000000000010011
00000000101000000000011110110011
00000010000001111101100001100011
00000000000000000000000000010011
00000000101000000000011110110011
00000000000001111010011100000011
00010000000000010000011110110111
00101110010001111000011010010011
00000000111000000000011000110011
11111111110000000000010110010011
11111101110001000010010100000011
00000000000000000000000000010011
00000000101000000000011110110011
00001100010000000000000001101111
11111101110001000010011110000011
00000000010001111010011110000011
11111110111101000010001000100011
00000000101000000000011110010011
11111110111101000001010000100011
11111110010001000000011110010011
11111101100001000010011000000011
00000000000100000000010110010011
00000000111100000000010100110011
00000000000000000000000000010011
11111110101001000010011000100011
11111110110001000010011110000011
00000010000001111101100001100011
00000000000000000000000000010011
00000000101000000000011110110011
00000000000001111010011100000011
00010000000000010000011110110111
00110000010001111000011010010011
00000000111000000000011000110011
11111111110000000000010110010011
11111101110001000010010100000011
00000000000000000000000000010011
00000000101000000000011110110011
00000110010000000000000001101111
11111110110001000010011110000011
00000100000001111000110001100011
11111101110001000010011110000011
00000000010001111010011110000011
00000000000000000000011000010011
00000000000000000000010110010011
00000000111100000000010100110011
00000000000000000000000000010011
00000000101000000000011110110011
00000010000001111101100001100011
00000000000000000000000000010011
00000000101000000000011110110011
00000000000001111010011100000011
00010000000000010000011110110111
00101001110001111000011010010011
00000000111000000000011000110011
11111111110000000000010110010011
11111101110001000010010100000011
00000000000000000000000000010011
00000000101000000000011110110011
00000001000000000000000001101111
00000000000100000000011110010011
00000000100000000000000001101111
00000000000000000000011110010011
00000000111100000000010100110011
00000010110000010010000010000011
00000010100000010010010000000011
00000011000000010000000100010011
00000000000000001000000001100111
11101101000000010000000100010011
00010010000100010010011000100011
00010010100000010010010000100011
00010010100100010010001000100011
00010011000000010000010000010011
11101100101001000010111000100011
11101100101101000010110000100011
11101101100001000010011110000011
00000100000001111000010001100011
11101101100001000010011100000011
00000000000100000000011110010011
00000010111101110000111001100011
11101101100001000010011100000011
00000000001000000000011110010011
00000010111101110000100001100011
11101101100001000010011100000011
00000000001100000000011110010011
00000010111101110000001001100011
00010000000000010000011110110111
00110001110001111000011010010011
00000000000000000000011000010011
11111111111100000000010110010011
11101101110001000010010100000011
00000000000000000000000000010011
00000000101000000000011110110011
00010100000000000000000001101111
11101101110001000010011110000011
00000000000001111010011110000011
11101110100001000000011100010011
00000000111100000000011010110011
00010000000000010000011110110111
00011001010001111000011000010011
00010000000000000000010110010011
00000000111000000000010100110011
00000000000000000000000000010011
11101110100001000000011110010011
00000000000100000000010110010011
00000000111100000000010100110011
00000000000000000000000000010011
11111110101001000010011000100011
11111110110001000010011110000011
00000010000001111101100001100011
00000000000000000000000000010011
00000000101000000000011110110011
00000000000001111010011100000011
00010000000000010000011110110111
00110101000001111000011010010011
00000000111000000000011000110011
11111111101000000000010110010011
11101101110001000010010100000011
00000000000000000000000000010011
00000000101000000000011110110011
00001101010000000000000001101111
00010000000000010000011110110111
00000001010001111000011100010011
11101101100001000010011110000011
00000000001001111001011110010011
00000000111101110000011110110011
00000000000001111010010010000011
00010000000000010000011110110111
00000001010001111000011100010011
11101101100001000010011110000011
00000000001001111001011110010011
00000000111101110000011110110011
00000000000001111010011110000011
00000000111100000000010100110011
00000000000000000000000000010011
00000000101000000000011110110011
00000000000101111000011110010011
00000000111100000000011000110011
00000000100100000000010110110011
11111110110001000010010100000011
00000000000000000000000000010011
00000000101000000000011110110011
00000010000001111101111001100011
00000000000000000000000000010011
00000000101000000000011110110011
00000000000001111010011110000011
11111110111101000010010000100011
11111110110001000010010100000011
00000000000000000000000000010011
00010000000000010000011110110111
00110110110001111000011010010011
11111110100001000010011000000011
11111111101000000000010110010011
11101101110001000010010100000011
00000000000000000000000000010011
00000000101000000000011110110011
00000100010000000000000001101111
11111110110001000010010100000011
00000000000000000000000000010011
00000000101000000000011110110011
00000010000001111101100001100011
00000000000000000000000000010011
00000000101000000000011110110011
00000000000001111010011100000011
00010000000000010000011110110111
00111000100001111000011010010011
00000000111000000000011000110011
11111111101000000000010110010011
11101101110001000010010100000011
00000000000000000000000000010011
00000000101000000000011110110011
00000000100000000000000001101111
00000000000000000000011110010011
00000000111100000000010100110011
00010010110000010010000010000011
00010010100000010010010000000011
00010010010000010010010010000011
00010011000000010000000100010011
00000000000000001000000001100111
11101100000000010000000100010011
00010010000100010010111000100011
00010010100000010010110000100011
00010100000000010000010000010011
11101100101001000010011000100011
11101100101101000010010000100011
11101100110001000010011110000011
00000000000001111010011110000011
11101110010001000000011100010011
00000000111100000000011010110011
00010000000000010000011110110111
00011001010001111000011000010011
00010000000000000000010110010011
00000000111000000000010100110011
00000000000000000000000000010011
11101110010001000000011110010011
00000000000000000000010110010011
00000000111100000000010100110011
00000000000000000000000000010011
11111110101001000010011000100011
11111110110001000010011110000011
00000010000001111101100001100011
00000000000000000000000000010011
00000000101000000000011110110011
00000000000001111010011100000011
00010000000000010000011110110111
00110101000001111000011010010011
00000000111000000000011000110011
11111111100100000000010110010011
11101100110001000010010100000011
00000000000000000000000000010011
00000000101000000000011110110011
00010010000000000000000001101111
11101101110001000000011110010011
00000000100000000000011000010011
00000000111100000000010110110011
11111110110001000010010100000011
00000000000000000000000000010011
11111110101001000010010000100011
11111110100001000010011110000011
00000010000001111101111001100011
00000000000000000000000000010011
00000000101000000000011110110011
00000000000001111010011110000011
11111110111101000010001000100011
11111110110001000010010100000011
00000000000000000000000000010011
00010000000000010000011110110111
00110110110001111000011010010011
11111110010001000010011000000011
11111111100100000000010110010011
11101100110001000010010100000011
00000000000000000000000000010011
00000000101000000000011110110011
00001100100000000000000001101111
11111110110001000010010100000011
00000000000000000000000000010011
00000000101000000000011110110011
00000010000001111101100001100011
00000000000000000000000000010011
00000000101000000000011110110011
00000000000001111010011100000011
00010000000000010000011110110111
00111000100001111000011010010011
00000000111000000000011000110011
11111111100100000000010110010011
11101100110001000010010100000011
00000000000000000000000000010011
00000000101000000000011110110011
00001000110000000000000001101111
11111110100001000010011110000011
11111111000001000000011100010011
00000000111101110000011110110011
11101110000001111000011000100011
11101101110001000000011100010011
00010000000000010000011110110111
00111010010001111000010110010011
00000000111000000000010100110011
00000000000000000000000000010011
00000000101000000000011110110011
00000000000001111001100001100011
11101100100001000010011110000011
00000000000001111010000000100011
00000101000000000000000001101111
11101101110001000000011100010011
00010000000000010000011110110111
00111010100001111000010110010011
00000000111000000000010100110011
00000000000000000000000000010011
00000000101000000000011110110011
00000000000001111001101001100011
11101100100001000010011110000011
00000000000100000000011100010011
00000000111001111010000000100011
00000010010000000000000001101111
00010000000000010000011110110111
00111011000001111000011010010011
00000000000000000000011000010011
11111111100100000000010110010011
11101100110001000010010100000011
00000000000000000000000000010011
00000000101000000000011110110011
00000000100000000000000001101111
00000000000000000000011110010011
00000000111100000000010100110011
00010011110000010010000010000011
00010011100000010010010000000011
00010100000000010000000100010011
00000000000000001000000001100111
11100111000000010000000100010011
00011000000100010010011000100011
00011000100000010010010000100011
00011001000000010000010000010011
11100110101001000010111000100011
11100110101101000010110000100011
11100111110001000010011110000011
00000000000001111010011110000011
11101111000001000000011100010011
00000000111100000000011010110011
00010000000000010000011110110111
00111100100001111000011000010011
00010000000000000000010110010011
00000000111000000000010100110011
00000000000000000000000000010011
11101000100001000000011100010011
11101111000001000000011110010011
00000000111000000000010110110011
00000000111100000000010100110011
00000000000000000000000000010011
00000000101000000000011110110011
00000100000001111101111001100011
00000000000000000000000000010011
00000000101000000000011110110011
00000000000001111010011100000011
00000000001000000000011110010011
00000000111101110001101001100011
11100111100001000010011110000011
00000000000001111000000000100011
00000000000000000000011110010011
00000100100000000000000001101111
00000000000000000000000000010011
00000000101000000000011110110011
00000000000001111010011000000011
11100111110001000010011110000011
00000000000001111010011110000011
00000000111100000000011100110011
00010000000000010000011110110111
00111110010001111000011010010011
11111111110000000000010110010011
11100111110001000010010100000011
00000000000000000000000000010011
00000000101000000000011110110011
00000001010000000000000001101111
11100111100001000010011110000011
00000000000100000000011100010011
00000000111001111000000000100011
00000000000000000000011110010011
00000000111100000000010100110011
00011000110000010010000010000011
00011000100000010010010000000011
00011001000000010000000100010011
00000000000000001000000001100111
11101101000000010000000100010011
00010010000100010010011000100011
00010010100000010010010000100011
00010010100100010010001000100011
00010011000000010000010000010011
11101100101001000010111000100011
11101100101101000010110000100011
11101101100001000010011110000011
00000100000001111000010001100011
11101101100001000010011100000011
00000000000100000000011110010011
00000010111101110000111001100011
11101101100001000010011100000011
00000000001000000000011110010011
00000010111101110000100001100011
11101101100001000010011100000011
00000000001100000000011110010011
00000010111101110000001001100011
00010000000000010000011110110111
01000000100001111000011010010011
00000000000000000000011000010011
11111111111100000000010110010011
11101101110001000010010100000011
00000000000000000000000000010011
00000000101000000000011110110011
00010100000000000000000001101111
11101101110001000010011110000011
00000000000001111010011110000011
11101110100001000000011100010011
00000000111100000000011010110011
00010000000000010000011110110111
00111100100001111000011000010011
00010000000000000000010110010011
00000000111000000000010100110011
00000000000000000000000000010011
11101110100001000000011110010011
00000000000100000000010110010011
00000000111100000000010100110011
00000000000000000000000000010011
11111110101001000010011000100011
11111110110001000010011110000011
00000010000001111101100001100011
00000000000000000000000000010011
00000000101000000000011110110011
00000000000001111010011100000011
00010000000000010000011110110111
01000100110001111000011010010011
00000000111000000000011000110011
11111111100000000000010110010011
11101101110001000010010100000011
00000000000000000000000000010011
00000000101000000000011110110011
00001101010000000000000001101111
00010000000000010000011110110111
00000100010001111000011100010011
11101101100001000010011110000011
00000000001001111001011110010011
00000000111101110000011110110011
00000000000001111010010010000011
00010000000000010000011110110111
00000100010001111000011100010011
11101101100001000010011110000011
00000000001001111001011110010011
00000000111101110000011110110011
00000000000001111010011110000011
00000000111100000000010100110011
00000000000000000000000000010011
00000000101000000000011110110011
00000000000101111000011110010011
00000000111100000000011000110011
00000000100100000000010110110011
11111110110001000010010100000011
00000000000000000000000000010011
00000000101000000000011110110011
00000010000001111101111001100011
00000000000000000000000000010011
00000000101000000000011110110011
00000000000001111010011110000011
11111110111101000010010000100011
11111110110001000010010100000011
00000000000000000000000000010011
00010000000000010000011110110111
01000110000001111000011010010011
11111110100001000010011000000011
11111111100000000000010110010011
11101101110001000010010100000011
00000000000000000000000000010011
00000000101000000000011110110011
00000100010000000000000001101111
11111110110001000010010100000011
00000000000000000000000000010011
00000000101000000000011110110011
00000010000001111101100001100011
00000000000000000000000000010011
00000000101000000000011110110011
00000000000001111010011100000011
00010000000000010000011110110111
01000111010001111000011010010011
00000000111000000000011000110011
11111111100000000000010110010011
11101101110001000010010100000011
00000000000000000000000000010011
00000000101000000000011110110011
00000000100000000000000001101111
00000000000000000000011110010011
00000000111100000000010100110011
00010010110000010010000010000011
00010010100000010010010000000011
00010010010000010010010010000011
00010011000000010000000100010011
00000000000000001000000001100111
11101100000000010000000100010011
00010010000100010010111000100011
00010010100000010010110000100011
00010100000000010000010000010011
11101100101001000010011000100011
11101100101101000010010000100011
11101100110001000010011110000011
00000000000001111010011110000011
11101110010001000000011100010011
00000000111100000000011010110011
00010000000000010000011110110111
00111100100001111000011000010011
00010000000000000000010110010011
00000000111000000000010100110011
00000000000000000000000000010011
11101110010001000000011110010011
00000000000000000000010110010011
00000000111100000000010100110011
00000000000000000000000000010011
11111110101001000010011000100011
11111110110001000010011110000011
00000010000001111101100001100011
00000000000000000000000000010011
00000000101000000000011110110011
00000000000001111010011100000011
00010000000000010000011110110111
01000100110001111000011010010011
00000000111000000000011000110011
11111111011100000000010110010011
11101100110001000010010100000011
00000000000000000000000000010011
00000000101000000000011110110011
00010111100000000000000001101111
11101101010001000000011110010011
00000001000000000000011000010011
00000000111100000000010110110011
11111110110001000010010100000011
00000000000000000000000000010011
11111110101001000010010000100011
11111110100001000010011110000011
00000010000001111101111001100011
00000000000000000000000000010011
00000000101000000000011110110011
00000000000001111010011110000011
11111110111101000010001000100011
11111110110001000010010100000011
00000000000000000000000000010011
00010000000000010000011110110111
01000110000001111000011010010011
11111110010001000010011000000011
11111111011100000000010110010011
11101100110001000010010100000011
00000000000000000000000000010011
00000000101000000000011110110011
00010010000000000000000001101111
11111110110001000010010100000011
00000000000000000000000000010011
00000000101000000000011110110011
00000010000001111101100001100011
00000000000000000000000000010011
00000000101000000000011110110011
00000000000001111010011100000011
00010000000000010000011110110111
01000111010001111000011010010011
00000000111000000000011000110011
11111111011100000000010110010011
11101100110001000010010100000011
00000000000000000000000000010011
00000000101000000000011110110011
00001110010000000000000001101111
11111110100001000010011110000011
11111111000001000000011100010011
00000000111101110000011110110011
11101110000001111000001000100011
11101101010001000000011100010011
00010000000000010000011110110111
01001000100001111000010110010011
00000000111000000000010100110011
00000000000000000000000000010011
00000000101000000000011110110011
00000000000001111001100001100011
11101100100001000010011110000011
00000000000001111010000000100011
00001010100000000000000001101111
11101101010001000000011100010011
00010000000000010000011110110111
01001001000001111000010110010011
00000000111000000000010100110011
00000000000000000000000000010011
00000000101000000000011110110011
00000000000001111001101001100011
11101100100001000010011110000011
00000000000100000000011100010011
00000000111001111010000000100011
00000111110000000000000001101111
11101101010001000000011100010011
00010000000000010000011110110111
01001001100001111000010110010011
00000000111000000000010100110011
00000000000000000000000000010011
00000000101000000000011110110011
00000000000001111001101001100011
11101100100001000010011110000011
00000000001000000000011100010011
00000000111001111010000000100011
00000101000000000000000001101111
11101101010001000000011100010011
00010000000000010000011110110111
01001010010001111000010110010011
00000000111000000000010100110011
00000000000000000000000000010011
00000000101000000000011110110011
00000000000001111001101001100011
11101100100001000010011110000011
00000000001100000000011100010011
00000000111001111010000000100011
00000010010000000000000001101111
00010000000000010000011110110111
01001010110001111000011010010011
00000000000000000000011000010011
11111111011100000000010110010011
11101100110001000010010100000011
00000000000000000000000000010011
00000000101000000000011110110011
00000000100000000000000001101111
00000000000000000000011110010011
00000000111100000000010100110011
00010011110000010010000010000011
00010011100000010010010000000011
00010100000000010000000100010011
00000000000000001000000001100111
11111101000000010000000100010011
00000010000100010010011000100011
00000010100000010010010000100011
00000011000000010000010000010011
11111100101001000010111000100011
11111100101101000010110000100011
11111100110001000010101000100011
11111110010001000000011110010011
00000000111100000000010110110011
11111101110001000010010100000011
00000000000000000000000000010011
00000000101000000000011110110011
00000000000001111101101001100011
00010000000000010000011110110111
01001100000001111000011110010011
11111110111101000010011000100011
00000010000000000000000001101111
11111110010001000010011110000011
00010000000000010000011100110111
00000001010001110000011100010011
00000000001001111001011110010011
00000000111101110000011110110011
00000000000001111010011110000011
11111110111101000010011000100011
11111110000001000000011110010011
00000000111100000000010110110011
11111101110001000010010100000011
00000000000000000000000000010011
00000000101000000000011110110011
00000000000001111101101001100011
00010000000000010000011110110111
01001100000001111000011110010011
11111110111101000010010000100011
00000010000000000000000001101111
11111110000001000010011110000011
00010000000000010000011100110111
00000100010001110000011100010011
00000000001001111001011110010011
00000000111101110000011110110011
00000000000001111010011110000011
11111110111101000010010000100011
11111101110001000010011110000011
00000000000001111010011010000011
11111101110001000010011110000011
00000000010001111010011100000011
11111110100001000010100000000011
11111110110001000010011110000011
00010000000000010000011000110111
01001100010001100000011000010011
11111101010001000010010110000011
11111101100001000010010100000011
00000000000000000000000000010011
00000000101000000000011110110011
00000000111100000000010100110011
00000010110000010010000010000011
00000010100000010010010000000011
00000011000000010000000100010011
00000000000000001000000001100111
11111110000000010000000100010011
00000000100000010010111000100011
00000010000000010000010000010011
11111110101001000010011000100011
11111110110001000010011110000011
00000000110001111000011110010011
00000000111100000000010100110011
00000001110000010010010000000011
00000010000000010000000100010011
00000000000000001000000001100111
11111110000000010000000100010011
00000000100000010010111000100011
00000010000000010000010000010011
11111110101001000010011000100011
11111110110001000010011110000011
00000000100001111010011110000011
00000000111100000000010100110011
00000001110000010010010000000011
00000010000000010000000100010011
00000000000000001000000001100111
11111110000000010000000100010011
00000000100000010010111000100011
00000010000000010000010000010011
11111110101001000010011000100011
11111110110001000010011110000011
00000000000001111010011110000011
00000000111100000000010100110011
00000001110000010010010000000011
00000010000000010000000100010011
00000000000000001000000001100111
11111110000000010000000100010011
00000000100000010010111000100011
00000010000000010000010000010011
11111110101001000010011000100011
11111110110001000010011110000011
00000000010001111010011110000011
00000000111100000000010100110011
00000001110000010010010000000011
00000010000000010000000100010011
00000000000000001000000001100111
