11111101000000010000000100010011
00000010100000010010011000100011
00000011000000010000010000010011
11111100101001000010111000100011
11111100101101000010110000100011
11111110000001000010011000100011
00000111110000000000000001101111
00000011110000000000011110010011
11111101100001000010011100000011
00000000111101110101011110110011
00001111111101111111011110010011
00000000111101111111011110010011
11111110111101000000010110100011
11111110101101000100011100000011
00000000100100000000011110010011
00000010111001111110001001100011
11111101110001000010011110000011
00000000000101111000011100010011
11111100111001000010111000100011
11111110101101000100011100000011
00000011000001110000011100010011
00001111111101110111011100010011
00000000111001111000000000100011
00000010000000000000000001101111
11111101110001000010011110000011
00000000000101111000011100010011
11111100111001000010111000100011
11111110101101000100011100000011
00000101011101110000011100010011
00001111111101110111011100010011
00000000111001111000000000100011
11111101100001000010011110000011
00000000010001111001011110010011
11111100111101000010110000100011
11111110110001000010011110000011
00000000000101111000011110010011
11111110111101000010011000100011
11111110110001000010011100000011
00000000111100000000011110010011
11111000111001111101000011100011
11111101110001000010011110000011
00000000000001111000000000100011
00000000000000000000000000010011
00000010110000010010010000000011
00000011000000010000000100010011
00000000000000001000000001100111
11101101000000010000000100010011
00010010000100010010011000100011
00010010100000010010010000100011
00010011000000010000010000010011
11101100101001000010111000100011
11101100101101000010110000100011
11101101100001000010011110000011
00000000010001111000011110010011
00000000000001111010011110000011
00000001000000000000011000010011
00000000000000000000010110010011
00000000111100000000010100110011
00000000000000000000000000010011
11111110101001000010011000100011
11101110110001000000011110010011
11111110110001000010010110000011
00000000111100000000010100110011
00000000000000000000000000010011
11101110110001000000011110010011
00000000111100000000011000110011
11111110110001000010010110000011
00010000000000010000011110110111
00000000000001111000010100010011
00000000000000000000000000010011
00000000000000000000011110010011
00000000111100000000010100110011
00010010110000010010000010000011
00010010100000010010010000000011
00010011000000010000000100010011
00000000000000001000000001100111
