11110111000000010000000100010011
00000110000100010010111000100011
00000110100000010010110000100011
00000110100100010010101000100011
00001000000000010000010000010011
11111000101001000010111000100011
11111000101101000010110000100011
11111000110001000010101000100011
11111000110101000010100000100011
00000000111001000010000000100011
00000000111101000010001000100011
00000001000001000010010000100011
00000001000101000010011000100011
11111001110001000010011110000011
11111001010001000010011100000011
00000000111001111010101000100011
00000001000001000000011110010011
11111000111101000010011000100011
11111000110001000010011110000011
11111111000001111000011110010011
11111110111101000010011000100011
11111001110001000010011110000011
00000001100001111000011110010011
11111110110001000010011100000011
00000000111000000000011010110011
11111001000001000010011000000011
00000110000000000000010110010011
00000000111100000000010100110011
00000000000000000000000000010011
11111001010001000010011110000011
00000110000001111000100001100011
11111010110001000000011110010011
00000100000000000000011000010011
00000000111100000000010110110011
11111001010001000010010100000011
00000000000000000000000000010011
11111001110001000010011110000011
00000001100001111000010010010011
11111001110001000010011110000011
00000001100001111000011110010011
00000000111100000000010100110011
00000000000000000000000000010011
00000000101000000000011110110011
00000000111101001000010010110011
11111001110001000010011110000011
00000001100001111000011110010011
00000000111100000000010100110011
00000000000000000000000000010011
00000000101000000000011100110011
00000110000000000000011110010011
01000000111001111000010110110011
11111010110001000000011110010011
11111001010001000010011100000011
00000000111100000000011010110011
00010000000000010000011110110111
00000000000001111000011000010011
00000000100100000000010100110011
00000000000000000000000000010011
11111001100001000010011110000011
00000000111100000000010100110011
00000111110000010010000010000011
00000111100000010010010000000011
00000111010000010010010010000011
00001001000000010000000100010011
00000000000000001000000001100111
11111101000000010000000100010011
00000010000100010010011000100011
00000010100000010010010000100011
00000010100100010010001000100011
00000011001000010010000000100011
00000011000000010000010000010011
11111100101001000010111000100011
11111100101101000010110000100011
11111100110001000010101000100011
00000111100000000000011000010011
00000000000000000000010110010011
11111101110001000010010100000011
00000000000000000000000000010011
11111101110001000010011110000011
11111101100001000010011100000011
00000000111001111010000000100011
11111101110001000010011110000011
11111101010001000010011100000011
00000000111001111010010000100011
11111101110001000010011110000011
00000000000001111010010010000011
11111101110001000010011110000011
00000000000001111010100100000011
00000001111000000000010100010011
00000000000000000000000000010011
00000000101000000000011110110011
00000010111110010111011110110011
01000000111101001000011100110011
11111101110001000010011110000011
00000000111001111010001000100011
11111101110001000010011110000011
00000000100001111010011100000011
11111101110001000010011110000011
00000000000001111010011010000011
11111101110001000010011110000011
00000000010001111010011110000011
01000000111101101000011110110011
00000000111101110000011100110011
11111101110001000010011110000011
00000000111001111010011000100011
00000000000100000001011110110111
00000000000001111000011110010011
00000000001001111000010110010011
00010000000000010000011110110111
00000001000001111000010100010011
00000000000000000000000000010011
11111110101001000010011000100011
11111110110001000010011110000011
00000010000001111101100001100011
00000000000000000000000000010011
00000000101000000000011110110011
00000000000001111010011100000011
00010000000000010000011110110111
00000001110001111000011010010011
00000000111000000000011000110011
11111111111000000000010110010011
11111101110001000010010100000011
00000000000000000000000000010011
00000000101000000000011110110011
00001101110000000000000001101111
11111101110001000010011110000011
00000000110001111010010110000011
11111101110001000010011110000011
00000000010001111010011110000011
11111110110001000010011100000011
00000000000100000000011010010011
00000000001100000000011000010011
00000000000000000000010100010011
00000000000000000000000000010011
00000000101000000000011100110011
11111101110001000010011110000011
00000000111001111010100000100011
11111101110001000010011110000011
00000001000001111010011100000011
11111111111100000000011110010011
00000010111101110001111001100011
00000000000000000000000000010011
00000000101000000000011110110011
00000000000001111010011110000011
11111110111101000010001000100011
11111110110001000010010100000011
00000000000000000000000000010011
00010000000000010000011110110111
00000011000001111000011010010011
11111110010001000010011000000011
11111111110100000000010110010011
11111101110001000010010100000011
00000000000000000000000000010011
00000000101000000000011110110011
00000110010000000000000001101111
11111110110001000010010100000011
00000000000000000000000000010011
00000000101000000000011110110011
00000100000001111101100001100011
00000000000000000000000000010011
00000000101000000000011110110011
00000000000001111010011110000011
11111110111101000010010000100011
11111101110001000010011110000011
00000001000001111010011100000011
11111101110001000010011110000011
00000000110001111010011110000011
00000000111100000000010110110011
00000000111000000000010100110011
00000000000000000000000000010011
00010000000000010000011110110111
00000100000001111000011010010011
11111110100001000010011000000011
11111111111000000000010110010011
11111101110001000010010100000011
00000000000000000000000000010011
00000000101000000000011110110011
00000000100000000000000001101111
00000000000000000000011110010011
00000000111100000000010100110011
00000010110000010010000010000011
00000010100000010010010000000011
00000010010000010010010010000011
00000010000000010010100100000011
00000011000000010000000100010011
00000000000000001000000001100111
11111110000000010000000100010011
00000000100000010010111000100011
00000010000000010000010000010011
11111110101001000010011000100011
11111110110001000010011110000011
00000001000001111010011100000011
11111110110001000010011110000011
00000000000001111010011010000011
11111110110001000010011110000011
00000000010001111010011110000011
01000000111101101000011110110011
00000000111101110000011110110011
00000000111100000000010100110011
00000001110000010010010000000011
00000010000000010000000100010011
00000000000000001000000001100111
11111110000000010000000100010011
00000000000100010010111000100011
00000000100000010010110000100011
00000010000000010000010000010011
11111110101001000010011000100011
11111110101101000010010000100011
11111110110001000010001000100011
11111110110001000010011110000011
00000000000001111010011100000011
11111110110001000010011110000011
00000000010001111010011110000011
01000000111101110000011110110011
11111110100001000010011100000011
00000000111101110000011110110011
11111110111101000010010000100011
11111110100001000010011110000011
00000000010001111000011100010011
11111110110001000010011110000011
00000000110001111010011110000011
00000010111001111111001001100011
00010000000000010000011110110111
00000101010001111000011010010011
00000000000000000000011000010011
11111111111100000000010110010011
11111110110001000010010100000011
00000000000000000000000000010011
00000000101000000000011110110011
00000010010000000000000001101111
11111110110001000010011110000011
00000001000001111010011100000011
11111110100001000010011110000011
00000000111101110000011110110011
00000000000001111010011100000011
11111110010001000010011110000011
00000000111001111010000000100011
00000000000000000000011110010011
00000000111100000000010100110011
00000001110000010010000010000011
00000001100000010010010000000011
00000010000000010000000100010011
00000000000000001000000001100111
11111110000000010000000100010011
00000000000100010010111000100011
00000000100000010010110000100011
00000010000000010000010000010011
11111110101001000010011000100011
11111110101101000010010000100011
11111110110001000010001000100011
11111110110001000010011110000011
00000000000001111010011100000011
11111110110001000010011110000011
00000000010001111010011110000011
01000000111101110000011110110011
11111110100001000010011100000011
00000000111101110000011110110011
11111110111101000010010000100011
11111110100001000010011110000011
00000000001001111000011100010011
11111110110001000010011110000011
00000000110001111010011110000011
00000010111001111111001001100011
00010000000000010000011110110111
00000101010001111000011010010011
00000000000000000000011000010011
11111111111100000000010110010011
11111110110001000010010100000011
00000000000000000000000000010011
00000000101000000000011110110011
00000010110000000000000001101111
11111110110001000010011110000011
00000001000001111010011100000011
11111110100001000010011110000011
00000000111101110000011110110011
00000000000001111101011110000011
00000001000001111001011100010011
00000001000001110101011100010011
11111110010001000010011110000011
00000000111001111001000000100011
00000000000000000000011110010011
00000000111100000000010100110011
00000001110000010010000010000011
00000001100000010010010000000011
00000010000000010000000100010011
00000000000000001000000001100111
11111110000000010000000100010011
00000000000100010010111000100011
00000000100000010010110000100011
00000010000000010000010000010011
11111110101001000010011000100011
11111110101101000010010000100011
11111110110001000010001000100011
11111110110001000010011110000011
00000000000001111010011100000011
11111110110001000010011110000011
00000000010001111010011110000011
01000000111101110000011110110011
11111110100001000010011100000011
00000000111101110000011110110011
11111110111101000010010000100011
11111110100001000010011110000011
00000000000101111000011100010011
11111110110001000010011110000011
00000000110001111010011110000011
00000010111001111111001001100011
00010000000000010000011110110111
00000101010001111000011010010011
00000000000000000000011000010011
11111111111100000000010110010011
11111110110001000010010100000011
00000000000000000000000000010011
00000000101000000000011110110011
00000010100000000000000001101111
11111110110001000010011110000011
00000001000001111010011100000011
11111110100001000010011110000011
00000000111101110000011110110011
00000000000001111100011110000011
00001111111101111111011100010011
11111110010001000010011110000011
00000000111001111000000000100011
00000000000000000000011110010011
00000000111100000000010100110011
00000001110000010010000010000011
00000001100000010010010000000011
00000010000000010000000100010011
00000000000000001000000001100111
11111110000000010000000100010011
00000000000100010010111000100011
00000000100000010010110000100011
00000010000000010000010000010011
11111110101001000010011000100011
11111110101101000010010000100011
11111110110001000010001000100011
11111110110101000010000000100011
11111110110001000010011110000011
00000000000001111010011100000011
11111110110001000010011110000011
00000000010001111010011110000011
01000000111101110000011110110011
11111110100001000010011100000011
00000000111101110000011110110011
11111110111101000010010000100011
11111110100001000010011100000011
11111110000001000010011110000011
00000000111101110000011100110011
11111110110001000010011110000011
00000000110001111010011110000011
00000010111001111111001001100011
00010000000000010000011110110111
00000101010001111000011010010011
00000000000000000000011000010011
11111111111100000000010110010011
11111110110001000010010100000011
00000000000000000000000000010011
00000000101000000000011110110011
00000010100000000000000001101111
11111110110001000010011110000011
00000001000001111010011100000011
11111110100001000010011110000011
00000000111101110000011110110011
11111110000001000010011000000011
00000000111100000000010110110011
11111110010001000010010100000011
00000000000000000000000000010011
00000000000000000000011110010011
00000000111100000000010100110011
00000001110000010010000010000011
00000001100000010010010000000011
00000010000000010000000100010011
00000000000000001000000001100111
11111110000000010000000100010011
00000000000100010010111000100011
00000000100000010010110000100011
00000010000000010000010000010011
11111110101001000010011000100011
11111110101101000010010000100011
11111110110001000010001000100011
11111110110001000010011110000011
00000000000001111010011100000011
11111110110001000010011110000011
00000000010001111010011110000011
01000000111101110000011110110011
11111110100001000010011100000011
00000000111101110000011110110011
11111110111101000010010000100011
11111110100001000010011110000011
00000000010001111000011100010011
11111110110001000010011110000011
00000000110001111010011110000011
00000010111001111111001001100011
00010000000000010000011110110111
00000101010001111000011010010011
00000000000000000000011000010011
11111111111100000000010110010011
11111110110001000010010100000011
00000000000000000000000000010011
00000000101000000000011110110011
00000010000000000000000001101111
11111110110001000010011110000011
00000001000001111010011100000011
11111110100001000010011110000011
00000000111101110000011110110011
11111110010001000010011100000011
00000000111001111010000000100011
00000000000000000000011110010011
00000000111100000000010100110011
00000001110000010010000010000011
00000001100000010010010000000011
00000010000000010000000100010011
00000000000000001000000001100111
11111110000000010000000100010011
00000000000100010010111000100011
00000000100000010010110000100011
00000010000000010000010000010011
11111110101001000010011000100011
11111110101101000010010000100011
00000000110000000000011110110011
11111110111101000001001100100011
11111110110001000010011110000011
00000000000001111010011100000011
11111110110001000010011110000011
00000000010001111010011110000011
01000000111101110000011110110011
11111110100001000010011100000011
00000000111101110000011110110011
11111110111101000010010000100011
11111110100001000010011110000011
00000000001001111000011100010011
11111110110001000010011110000011
00000000110001111010011110000011
00000010111001111111001001100011
00010000000000010000011110110111
00000101010001111000011010010011
00000000000000000000011000010011
11111111111100000000010110010011
11111110110001000010010100000011
00000000000000000000000000010011
00000000101000000000011110110011
00000010000000000000000001101111
11111110110001000010011110000011
00000001000001111010011100000011
11111110100001000010011110000011
00000000111101110000011110110011
11111110011001000101011100000011
00000000111001111001000000100011
00000000000000000000011110010011
00000000111100000000010100110011
00000001110000010010000010000011
00000001100000010010010000000011
00000010000000010000000100010011
00000000000000001000000001100111
11111110000000010000000100010011
00000000000100010010111000100011
00000000100000010010110000100011
00000010000000010000010000010011
11111110101001000010011000100011
11111110101101000010010000100011
00000000110000000000011110110011
11111110111101000000001110100011
11111110110001000010011110000011
00000000000001111010011100000011
11111110110001000010011110000011
00000000010001111010011110000011
01000000111101110000011110110011
11111110100001000010011100000011
00000000111101110000011110110011
11111110111101000010010000100011
11111110100001000010011110000011
00000000000101111000011100010011
11111110110001000010011110000011
00000000110001111010011110000011
00000010111001111111001001100011
00010000000000010000011110110111
00000101010001111000011010010011
00000000000000000000011000010011
11111111111100000000010110010011
11111110110001000010010100000011
00000000000000000000000000010011
00000000101000000000011110110011
00000010000000000000000001101111
11111110110001000010011110000011
00000001000001111010011100000011
11111110100001000010011110000011
00000000111101110000011110110011
11111110011101000100011100000011
00000000111001111000000000100011
00000000000000000000011110010011
00000000111100000000010100110011
00000001110000010010000010000011
00000001100000010010010000000011
00000010000000010000000100010011
00000000000000001000000001100111
11111110000000010000000100010011
00000000000100010010111000100011
00000000100000010010110000100011
00000010000000010000010000010011
11111110101001000010011000100011
11111110101101000010010000100011
11111110110001000010001000100011
11111110110101000010000000100011
11111110110001000010011110000011
00000000000001111010011100000011
11111110110001000010011110000011
00000000010001111010011110000011
01000000111101110000011110110011
11111110100001000010011100000011
00000000111101110000011110110011
11111110111101000010010000100011
11111110100001000010011100000011
11111110000001000010011110000011
00000000111101110000011100110011
11111110110001000010011110000011
00000000110001111010011110000011
00000010111001111111001001100011
00010000000000010000011110110111
00000101010001111000011010010011
00000000000000000000011000010011
11111111111100000000010110010011
11111110110001000010010100000011
00000000000000000000000000010011
00000000101000000000011110110011
00000010100000000000000001101111
11111110110001000010011110000011
00000001000001111010011100000011
11111110100001000010011110000011
00000000111101110000011110110011
11111110000001000010011000000011
11111110010001000010010110000011
00000000111100000000010100110011
00000000000000000000000000010011
00000000000000000000011110010011
00000000111100000000010100110011
00000001110000010010000010000011
00000001100000010010010000000011
00000010000000010000000100010011
00000000000000001000000001100111
11111110000000010000000100010011
00000000000100010010111000100011
00000000100000010010110000100011
00000010000000010000010000010011
11111110101001000010011000100011
11111110110001000010011110000011
00000001000001111010011110000011
00000000000001111001011001100011
00000000000000000000011110010011
00000110000000000000000001101111
11111110110001000010011110000011
00000001000001111010011100000011
11111110110001000010011110000011
00000000110001111010011110000011
00000000111100000000010110110011
00000000111000000000010100110011
00000000000000000000000000010011
00000000101000000000011110110011
00000010000001111101100001100011
00000000000000000000000000010011
00000000101000000000011110110011
00000000000001111010011100000011
00010000000000010000011110110111
00000110110001111000011010010011
00000000111000000000011000110011
11111111101100000000010110010011
11111110110001000010010100000011
00000000000000000000000000010011
00000000101000000000011110110011
00000001000000000000000001101111
11111110110001000010011110000011
00000000000001111010100000100011
00000000000000000000011110010011
00000000111100000000010100110011
00000001110000010010000010000011
00000001100000010010010000000011
00000010000000010000000100010011
00000000000000001000000001100111
11111110000000010000000100010011
00000000000100010010111000100011
00000000100000010010110000100011
00000010000000010000010000010011
11111110101001000010011000100011
11111110101101000010010000100011
11111110110001000010001000100011
11111110110001000010011110000011
00000000000001111010011010000011
11111110110001000010011110000011
00000001000001111010011100000011
11111110110001000010011110000011
00000000100001111010011110000011
00010000000000010000011000110111
00001000000001100000011000010011
11111110010001000010010110000011
11111110100001000010010100000011
00000000000000000000000000010011
00000000101000000000011110110011
00000000111100000000010100110011
00000001110000010010000010000011
00000001100000010010010000000011
00000010000000010000000100010011
00000000000000001000000001100111
11111110000000010000000100010011
00000000100000010010111000100011
00000010000000010000010000010011
11111110101001000010011000100011
11111110110001000010011110000011
00000001100001111000011110010011
00000000111100000000010100110011
00000001110000010010010000000011
00000010000000010000000100010011
00000000000000001000000001100111
11111110000000010000000100010011
00000000100000010010111000100011
00000010000000010000010000010011
11111110101001000010011000100011
11111110110001000010011110000011
00000001010001111010011110000011
00000000111100000000010100110011
00000001110000010010010000000011
00000010000000010000000100010011
00000000000000001000000001100111
11111110000000010000000100010011
00000000100000010010111000100011
00000010000000010000010000010011
11111110101001000010011000100011
11111110110001000010011110000011
00000000000001111010011110000011
00000000111100000000010100110011
00000001110000010010010000000011
00000010000000010000000100010011
00000000000000001000000001100111
11111110000000010000000100010011
00000000100000010010111000100011
00000010000000010000010000010011
11111110101001000010011000100011
11111110110001000010011110000011
00000000100001111010011110000011
00000000111100000000010100110011
00000001110000010010010000000011
00000010000000010000000100010011
00000000000000001000000001100111
