11110111000000010000000100010011
00000110000100010010111000100011
00000110100000010010110000100011
00000110100100010010101000100011
00001000000000010000010000010011
11111000101001000010111000100011
11111000101101000010110000100011
11111000110001000010101000100011
11111000110101000010100000100011
00000000111001000010000000100011
00000000111101000010001000100011
00000001000001000010010000100011
00000001000101000010011000100011
11111001110001000010011110000011
11111001010001000010011100000011
00000000111001111010001000100011
00000001000001000000011110010011
11111000111101000010011000100011
11111000110001000010011110000011
11111111000001111000011110010011
11111110111101000010011000100011
11111001110001000010011110000011
00000000100001111000011110010011
11111110110001000010011100000011
00000000111000000000011010110011
11111001000001000010011000000011
00000110000000000000010110010011
00000000111100000000010100110011
00000000000000000000000000010011
11111001010001000010011110000011
00000110000001111000100001100011
11111010110001000000011110010011
00000100000000000000011000010011
00000000111100000000010110110011
11111001010001000010010100000011
00000000000000000000000000010011
11111001110001000010011110000011
00000000100001111000010010010011
11111001110001000010011110000011
00000000100001111000011110010011
00000000111100000000010100110011
00000000000000000000000000010011
00000000101000000000011110110011
00000000111101001000010010110011
11111001110001000010011110000011
00000000100001111000011110010011
00000000111100000000010100110011
00000000000000000000000000010011
00000000101000000000011100110011
00000110000000000000011110010011
01000000111001111000010110110011
11111010110001000000011110010011
11111001010001000010011100000011
00000000111100000000011010110011
00010000000000010000011110110111
00000000000001111000011000010011
00000000100100000000010100110011
00000000000000000000000000010011
11111001100001000010011110000011
00000000111100000000010100110011
00000111110000010010000010000011
00000111100000010010010000000011
00000111010000010010010010000011
00001001000000010000000100010011
00000000000000001000000001100111
11111110000000010000000100010011
00000000100000010010111000100011
00000010000000010000010000010011
11111110101001000010011000100011
11111110110001000010011100000011
00000000001111010001011110110111
00000000000001111000011110010011
10010000000001111000011110010011
01010010111101110000111001100011
11111110110001000010011100000011
00000000001111010001011110110111
00000000000001111000011110010011
10010000000001111000011110010011
01010010111001111110110001100011
11111110110001000010011100000011
00000000001101010110011110110111
00000000000001111000011110010011
01111110000001111000011110010011
01010000111101110000001001100011
11111110110001000010011100000011
00000000001101010110011110110111
00000000000001111000011110010011
01111110000001111000011110010011
01010000111001111110100001100011
11111110110001000010011100000011
00000000001011011100011110110111
00000000000001111000011110010011
01101100000001111000011110010011
01001100111101110000011001100011
11111110110001000010011100000011
00000000001011011100011110110111
00000000000001111000011110010011
01101100000001111000011110010011
01001110111001111110010001100011
11111110110001000010011100000011
00000000001001100010011110110111
00000000000001111000011110010011
01011010000001111000011110010011
01001000111101110000101001100011
11111110110001000010011100000011
00000000001001100010011110110111
00000000000001111000011110010011
01011010000001111000011110010011
01001100111001111110000001100011
11111110110001000010011100000011
00000000000111101000011110110111
00000000000001111000011110010011
01001000000001111000011110010011
01000100111101110000111001100011
11111110110001000010011100000011
00000000000111101000011110110111
00000000000001111000011110010011
01001000000001111000011110010011
01001000111001111110110001100011
11111110110001000010011100000011
00000000000101101110011110110111
00000000000001111000011110010011
00110110000001111000011110010011
01000010111101110000001001100011
11111110110001000010011100000011
00000000000101101110011110110111
00000000000001111000011110010011
00110110000001111000011110010011
01000110111001111110100001100011
11111110110001000010011100000011
00000000000100011001011110110111
00000000000001111000011110010011
01000000000001111000011110010011
00111110111101110000011001100011
11111110110001000010011100000011
00000000000100011001011110110111
00000000000001111000011110010011
01000000000001111000011110010011
01000100111001111110010001100011
11111110110001000010011100000011
00000000000011110100011110110111
00000000000001111000011110010011
00100100000001111000011110010011
00111010111101110000101001100011
11111110110001000010011100000011
00000000000011110100011110110111
00000000000001111000011110010011
00100100000001111000011110010011
01000010111001111110000001100011
11111110110001000010011100000011
00000000000011100001011110110111
00000000000001111000011110010011
00111000111101110000000001100011
11111110110001000010011100000011
00000000000011100001011110110111
00000000000001111000011110010011
01000000111001111110000001100011
11111110110001000010011100000011
00000000000010001101011110110111
00000000000001111000011110010011
10100000000001111000011110010011
00110100111101110000011001100011
11111110110001000010011100000011
00000000000010001101011110110111
00000000000001111000011110010011
10100000000001111000011110010011
00111100111001111110110001100011
11111110110001000010011100000011
00000000000001111010011110110111
00000000000001111000011110010011
00010010000001111000011110010011
00110000111101110000101001100011
11111110110001000010011100000011
00000000000001111010011110110111
00000000000001111000011110010011
00010010000001111000011110010011
00111010111001111110100001100011
11111110110001000010011100000011
00000000000001110001011110110111
00000000000001111000011110010011
10000000000001111000011110010011
00101100111101110000111001100011
11111110110001000010011100000011
00000000000001110001011110110111
00000000000001111000011110010011
10000000000001111000011110010011
00111000111001111110010001100011
11111110110001000010011100000011
00000000000000111000011110110111
00000000000001111000011110010011
01000000000001111000011110010011
00101010111101110000001001100011
11111110110001000010011100000011
00000000000000111000011110110111
00000000000001111000011110010011
01000000000001111000011110010011
00110110111001111110000001100011
11111110110001000010011100000011
00000000000000011100011110110111
00000000000001111000011110010011
00100000000001111000011110010011
00100110111101110000011001100011
11111110110001000010011100000011
00000000000000011100011110110111
00000000000001111000011110010011
00100000000001111000011110010011
00110010111001111110110001100011
11111110110001000010011100000011
00000000000000001110011110110111
00000000000001111000011110010011
00010000000001111000011110010011
00100010111101110000101001100011
11111110110001000010011100000011
00000000000000001110011110110111
00000000000001111000011110010011
00010000000001111000011110010011
00110000111001111110100001100011
11111110110001000010011100000011
00000000000000001001011110110111
00000000000001111000011110010011
01100000000001111000011110010011
00100000111101110000001001100011
11111110110001000010011100000011
00000000000000001001011110110111
00000000000001111000011110010011
01100000000001111000011110010011
00101110111001111110010001100011
11111110110001000010011100000011
00000000000000000101011110110111
00000000000001111000011110010011
10110000000001111000011110010011
00011100111101110000101001100011
11111110110001000010011100000011
00000000000000000101011110110111
00000000000001111000011110010011
10110000000001111000011110010011
00101100111001111110000001100011
11111110110001000010011100000011
00000000000000000010011110110111
00000000000001111000011110010011
01011000000001111000011110010011
00011010111101110000001001100011
11111110110001000010011100000011
00000000000000000010011110110111
00000000000001111000011110010011
01011000000001111000011110010011
00101000111001111110110001100011
11111110110001000010011100000011
00000000000000000001011110110111
00000000000001111000011110010011
00101100000001111000011110010011
00010110111101110000101001100011
11111110110001000010011100000011
00000000000000000001011110110111
00000000000001111000011110010011
00101100000001111000011110010011
00100110111001111110100001100011
11111110110001000010011100000011
00000000000000000001011110110111
00000000000001111000011110010011
10010110000001111000011110010011
00010100111101110000001001100011
11111110110001000010011100000011
00000000000000000001011110110111
00000000000001111000011110010011
10010110000001111000011110010011
00100100111001111110010001100011
11111110110001000010011100000011
01110000100000000000011110010011
00010000111101110000111001100011
11111110110001000010011100000011
01110000100000000000011110010011
00100010111001111110100001100011
11111110110001000010011100000011
01001011000000000000011110010011
00001110111101110000111001100011
11111110110001000010011100000011
01001011000000000000011110010011
00100000111001111110110001100011
11111110110001000010011100000011
00100101100000000000011110010011
00001100111101110000111001100011
11111110110001000010011100000011
00100101100000000000011110010011
00100000111001111110000001100011
11111110110001000010011100000011
00010010110000000000011110010011
00001010111101110000111001100011
11111110110001000010011100000011
00010010110000000000011110010011
00011110111001111110010001100011
11111110110001000010011100000011
00001100100000000000011110010011
00001000111101110000111001100011
11111110110001000010011100000011
00001100100000000000011110010011
00011100111001111110100001100011
11111110110001000010011100000011
00001001011000000000011110010011
00000110111101110000111001100011
11111110110001000010011100000011
00001001011000000000011110010011
00011010111001111110110001100011
11111110110001000010011100000011
00001000011000000000011110010011
00000100111101110000111001100011
11111110110001000010011100000011
00001000011000000000011110010011
00011010111001111110000001100011
11111110110001000010011100000011
00000110111000000000011110010011
00000010111101110000111001100011
11111110110001000010011100000011
00000110111000000000011110010011
00011000111001111110010001100011
11111110110001000010011100000011
00000011001000000000011110010011
00000000111101110000101001100011
11111110110001000010011100000011
00000100101100000000011110010011
00000000111101110000100001100011
00010110110000000000000001101111
00000000000100000000011110010011
00010110100000000000000001101111
00000000001000000000011110010011
00010110000000000000000001101111
00000000001100000000011110010011
00010101100000000000000001101111
00000000010000000000011110010011
00010101000000000000000001101111
00000000010100000000011110010011
00010100100000000000000001101111
00000000011000000000011110010011
00010100000000000000000001101111
00000000011100000000011110010011
00010011100000000000000001101111
00000000100000000000011110010011
00010011000000000000000001101111
00000000100100000000011110010011
00010010100000000000000001101111
00000000101000000000011110010011
00010010000000000000000001101111
00000000101100000000011110010011
00010001100000000000000001101111
00000000110000000000011110010011
00010001000000000000000001101111
00000000110100000000011110010011
00010000100000000000000001101111
00000000111000000000011110010011
00010000000000000000000001101111
00000000111100000000011110010011
00001111100000000000000001101111
00000000000000000001011110110111
00000000000001111000011110010011
00000000000101111000011110010011
00001110100000000000000001101111
00000000000000000001011110110111
00000000000001111000011110010011
00000000001001111000011110010011
00001101100000000000000001101111
00000000000000000001011110110111
00000000000001111000011110010011
00000000001101111000011110010011
00001100100000000000000001101111
00000000000000000001011110110111
00000000000001111000011110010011
00000000010001111000011110010011
00001011100000000000000001101111
00000000000000000001011110110111
00000000000001111000011110010011
00000000010101111000011110010011
00001010100000000000000001101111
00000000000000000001011110110111
00000000000001111000011110010011
00000000011001111000011110010011
00001001100000000000000001101111
00000000000000000001011110110111
00000000000001111000011110010011
00000000011101111000011110010011
00001000100000000000000001101111
00000000000000000001011110110111
00000000000001111000011110010011
00000000100001111000011110010011
00000111100000000000000001101111
00000000000000000001011110110111
00000000000001111000011110010011
00000000100101111000011110010011
00000110100000000000000001101111
00000000000000000001011110110111
00000000000001111000011110010011
00000000101001111000011110010011
00000101100000000000000001101111
00000000000000000001011110110111
00000000000001111000011110010011
00000000101101111000011110010011
00000100100000000000000001101111
00000000000000000001011110110111
00000000000001111000011110010011
00000000110001111000011110010011
00000011100000000000000001101111
00000000000000000001011110110111
00000000000001111000011110010011
00000000110101111000011110010011
00000010100000000000000001101111
00000000000000000001011110110111
00000000000001111000011110010011
00000000111001111000011110010011
00000001100000000000000001101111
00000000000000000001011110110111
00000000000001111000011110010011
00000000111101111000011110010011
00000000100000000000000001101111
11111111111100000000011110010011
00000000111100000000010100110011
00000001110000010010010000000011
00000010000000010000000100010011
00000000000000001000000001100111
11111110000000010000000100010011
00000000100000010010111000100011
00000010000000010000010000010011
11111110101001000010011000100011
11111110110001000010011100000011
00000000111100000000011110010011
00000110111001111110001001100011
00000011100000000000000001101111
11111110110001000010011100000011
11111111111111111111011110110111
00000000000001111000011110010011
11111111111101111000011110010011
00000000111101110000011110110011
00000000111000000000011100010011
00100000111101110110000001100011
00000000001001111001011100010011
00010000000000010000011110110111
00000001000001111000011110010011
00000000111101110000011110110011
00000000000001111010011110000011
00000000000001111000000001100111
11111110110001000010011100000011
00000000111100000000011110010011
00011100111001111110111001100011
11111110110001000010011110000011
00000000001001111001011100010011
00010000000000010000011110110111
00000100110001111000011110010011
00000000111101110000011110110011
00000000000001111010011110000011
00000000000001111000000001100111
11111110110001000010011100000011
00000000000000000001011110110111
00000000000001111000011110010011
00000000111101111000011110010011
00011010111001111110011001100011
11111110110001000010011100000011
00000000000000000001011110110111
00000000000001111000011110010011
11111000111001111110001011100011
00011001100000000000000001101111
00000000000000000000011110010011
00011001010000000000000001101111
00000011001000000000011110010011
00011000110000000000000001101111
00000100101100000000011110010011
00011000010000000000000001101111
00000110111000000000011110010011
00010111110000000000000001101111
00001000011000000000011110010011
00010111010000000000000001101111
00001001011000000000011110010011
00010110110000000000000001101111
00001100100000000000011110010011
00010110010000000000000001101111
00010010110000000000011110010011
00010101110000000000000001101111
00100101100000000000011110010011
00010101010000000000000001101111
01001011000000000000011110010011
00010100110000000000000001101111
01110000100000000000011110010011
00010100010000000000000001101111
00000000000000000001011110110111
00000000000001111000011110010011
10010110000001111000011110010011
00010011010000000000000001101111
00000000000000000001011110110111
00000000000001111000011110010011
00101100000001111000011110010011
00010010010000000000000001101111
00000000000000000010011110110111
00000000000001111000011110010011
01011000000001111000011110010011
00010001010000000000000001101111
00000000000000000101011110110111
00000000000001111000011110010011
10110000000001111000011110010011
00010000010000000000000001101111
00000000000000001001011110110111
00000000000001111000011110010011
01100000000001111000011110010011
00001111010000000000000001101111
00000000000000001110011110110111
00000000000001111000011110010011
00010000000001111000011110010011
00001110010000000000000001101111
00000000000000011100011110110111
00000000000001111000011110010011
00100000000001111000011110010011
00001101010000000000000001101111
00000000000000111000011110110111
00000000000001111000011110010011
01000000000001111000011110010011
00001100010000000000000001101111
00000000000001110001011110110111
00000000000001111000011110010011
10000000000001111000011110010011
00001011010000000000000001101111
00000000000001111010011110110111
00000000000001111000011110010011
00010010000001111000011110010011
00001010010000000000000001101111
00000000000010001101011110110111
00000000000001111000011110010011
10100000000001111000011110010011
00001001010000000000000001101111
00000000000011100001011110110111
00000000000001111000011110010011
00001000100000000000000001101111
00000000000011110100011110110111
00000000000001111000011110010011
00100100000001111000011110010011
00000111100000000000000001101111
00000000000100011001011110110111
00000000000001111000011110010011
01000000000001111000011110010011
00000110100000000000000001101111
00000000000101101110011110110111
00000000000001111000011110010011
00110110000001111000011110010011
00000101100000000000000001101111
00000000000111101000011110110111
00000000000001111000011110010011
01001000000001111000011110010011
00000100100000000000000001101111
00000000001001100010011110110111
00000000000001111000011110010011
01011010000001111000011110010011
00000011100000000000000001101111
00000000001011011100011110110111
00000000000001111000011110010011
01101100000001111000011110010011
00000010100000000000000001101111
00000000001101010110011110110111
00000000000001111000011110010011
01111110000001111000011110010011
00000001100000000000000001101111
00000000001111010001011110110111
00000000000001111000011110010011
10010000000001111000011110010011
00000000100000000000000001101111
11111111111100000000011110010011
00000000111100000000010100110011
00000001110000010010010000000011
00000010000000010000000100010011
00000000000000001000000001100111
11111110000000010000000100010011
00000000000100010010111000100011
00000000100000010010110000100011
00000010000000010000010000010011
11111110101001000010011000100011
11111110101101000010010000100011
11111110110001000010001000100011
00000000000000000000100010010011
00000000000000000000100000010011
00000000000100000000011110010011
00000000000000000000011100010011
00000000100000000000011010010011
11111110010001000010011000000011
11111110100001000010010110000011
11111110110001000010010100000011
00000000000000000000000000010011
00000000101000000000011110110011
00000000111100000000010100110011
00000001110000010010000010000011
00000001100000010010010000000011
00000010000000010000000100010011
00000000000000001000000001100111
11111001000000010000000100010011
00000110000100010010011000100011
00000110100000010010010000100011
00000111000000010000010000010011
11111010101001000010011000100011
11111010101101000010010000100011
11111010110001000010001000100011
11111010110101000010000000100011
11111000111001000010111000100011
11111000111101000010110000100011
00000001000000000000011110110011
00000001000100000000011100110011
11111000111101000000101110100011
00000000111000000000011110110011
11111000111101000000101100100011
11111010000001000010011100000011
00000000010100000000011110010011
00000100111101110000010001100011
11111010000001000010011100000011
00000000011000000000011110010011
00000010111101110000111001100011
11111010000001000010011100000011
00000000011100000000011110010011
00000010111101110000100001100011
11111010000001000010011100000011
00000000100000000000011110010011
00000010111101110000001001100011
00010000000000010000011110110111
00001000110001111000011010010011
00000000000000000000011000010011
11111111111100000000010110010011
11111010110001000010010100000011
00000000000000000000000000010011
00000000101000000000011110110011
00101101110000000000000001101111
11111001110001000010011110000011
00000010000001111000111001100011
11111001110001000010011100000011
00000000000100000000011110010011
00000010111101110000100001100011
11111001110001000010011100000011
00000000001000000000011110010011
00000010111101110000001001100011
00010000000000010000011110110111
00001011000001111000011010010011
00000000000000000000011000010011
11111111111100000000010110010011
11111010110001000010010100000011
00000000000000000000000000010011
00000000101000000000011110110011
00101001110000000000000001101111
11111001100001000010011100000011
00000000000100000000011110010011
00000010111101110000100001100011
11111001100001000010011100000011
00000000001000000000011110010011
00000010111101110000001001100011
00010000000000010000011110110111
00001110110001111000011010010011
00000000000000000000011000010011
11111111111100000000010110010011
11111010110001000010010100000011
00000000000000000000000000010011
00000000101000000000011110110011
00100110010000000000000001101111
00000110100000000000011000010011
00000000000000000000010110010011
11111010110001000010010100000011
00000000000000000000000000010011
00010000001000000000010110010011
11111010100001000010010100000011
00000000000000000000000000010011
00000000101000000000011100110011
11111010110001000010011110000011
00000000111001111010000000100011
11111010110001000010011110000011
00000000000001111010011110000011
00000010000001111101100001100011
00000000000000000000000000010011
00000000101000000000011110110011
00000000000001111010011000000011
11111010100001000010011100000011
00010000000000010000011110110111
00010000110001111000011010010011
11111111111000000000010110010011
11111010110001000010010100000011
00000000000000000000000000010011
00000000101000000000011110110011
00100000010000000000000001101111
11111011000001000000011110010011
00000011110000000000011000010011
00000000000000000000010110010011
00000000111100000000010100110011
00000000000000000000000000010011
00000000000100000000011110010011
11111010111101000010100000100011
11111001110001000010011110000011
00000000000001111000100001100011
11111011000001000010011110000011
00000001000001111110011110010011
11111010111101000010100000100011
11111001110001000010011110000011
00000000000001111000111001100011
11111010000001000010011100000011
00000000100000000000011110010011
00000000111101110000100001100011
11111011000001000010011110000011
00000010000001111110011110010011
11111010111101000010100000100011
11111001011101000100011110000011
00000000000001111000111001100011
11111011000001000010011100000011
00000000000000000001011110110111
00000000000001111000011110010011
01000000000001111000011110010011
00000000111101110110011110110011
11111010111101000010100000100011
11111010000001000010101000100011
11111010000001000010111000100011
00000000000000000001011110110111
00000000000001111000011110010011
10001000000001111000011110010011
11111010111101000010110000100011
11111010000001000010011100000011
00000000010100000000011110010011
00000000111101110001100001100011
11111011100001000010011110000011
11111010111101000010110000100011
00000101010000000000000001101111
11111010000001000010011100000011
00000000011000000000011110010011
00000000111101110001101001100011
11111011100001000010011110000011
00000001000001111110011110010011
11111010111101000010110000100011
00000011100000000000000001101111
11111010000001000010011100000011
00000000011100000000011110010011
00000000111101110001101001100011
11111011100001000010011110000011
00000010000001111110011110010011
11111010111101000010110000100011
00000001110000000000000001101111
11111010000001000010011100000011
00000000100000000000011110010011
00000000111101110001100001100011
11111011100001000010011110000011
00000011000001111110011110010011
11111010111101000010110000100011
11111001110001000010011100000011
00000000001000000000011110010011
00000000111101110001101001100011
11111011100001000010011110000011
00010000000001111110011110010011
11111010111101000010110000100011
00000001110000000000000001101111
11111001110001000010011100000011
00000000000100000000011110010011
00000000111101110001100001100011
11111011100001000010011110000011
00110000000001111110011110010011
11111010111101000010110000100011
11111001100001000010011100000011
00000000001000000000011110010011
00000000111101110001100001100011
11111011100001000010011110000011
00000100000001111110011110010011
11111010111101000010110000100011
11111001011001000100011110000011
00000000000001111000110001100011
11111011100001000010011100000011
10000000000000000000011110110111
00000000000001111000011110010011
00000000111101110110011110110011
11111010111101000010110000100011
11111010010001000010010100000011
00000000000000000000000000010011
00000000101000000000011110110011
00000000111100000000011100110011
11111011000001000000011110010011
00000000111000000000010110110011
00000000111100000000010100110011
00000000000000000000000000010011
11111010010001000010010100000011
00000000000000000000000000010011
00000000101000000000011110110011
00000000111100000000011100110011
11111011000001000000011110010011
00000000111000000000010110110011
00000000111100000000010100110011
00000000000000000000000000010011
11111010110001000010011110000011
00000000000001111010011110000011
11111011000001000000011100010011
00000000111000000000011000110011
00000000000000000000010110010011
00000000111100000000010100110011
00000000000000000000000000010011
00000000101000000000011110110011
00000100000001111101001001100011
00000000000000000000000000010011
00000000101000000000011110110011
00000000000001111010011110000011
11111110111101000010011000100011
11111010110001000010011110000011
00000000000001111010011110000011
00000000111100000000010100110011
00000000000000000000000000010011
00010000000000010000011110110111
00010010100001111000011010010011
11111110110001000010011000000011
11111111101000000000010110010011
11111010110001000010010100000011
00000000000000000000000000010011
00000000101000000000011110110011
00000000100000000000000001101111
00000000000000000000011110010011
00000000111100000000010100110011
00000110110000010010000010000011
00000110100000010010010000000011
00000111000000010000000100010011
00000000000000001000000001100111
11110100000000010000000100010011
00001010000100010010111000100011
00001010100000010010110000100011
00001100000000010000010000010011
11110100101001000010011000100011
11110100101101000010010000100011
11110100110001000010001000100011
11110100110101000010000000100011
11110100000001000010011100000011
00111110100000000000011110010011
00000010111101110100011110110011
11110100111101000010101000100011
11110100000001000010011100000011
00111110100000000000011110010011
00000010111101110110011100110011
00111110100000000000011110010011
00000010111101110000011110110011
11110100111101000010110000100011
11110100010001000010011110000011
11111110111101000010011000100011
11111110000001000010010000100011
11110100000001000010011110000011
00010000000001111100011001100011
11110101110001000000011110010011
11111110111101000010000000100011
11111110000001000010001000100011
00000010010000000000000001101111
11111110000001000010011100000011
11111110010001000010011110000011
00000000001001111001011110010011
00000000111101110000011110110011
00000000000001111010000000100011
11111110010001000010011110000011
00000000000101111000011110010011
11111110111101000010001000100011
11111110010001000010011100000011
00000001111100000000011110010011
11111100111001111111110011100011
11110100110001000010011110000011
00000000000001111010011110000011
01000001111101111101011100010011
00000001111101110111011100010011
00000000111101110000011110110011
01000000010101111101011110010011
00000000111100000000011010110011
00000000001001101001011110010011
11111111000001000000011100010011
00000000111101110000011110110011
11110110110001111010011000000011
11110100110001000010011110000011
00000000000001111010011100000011
01000001111101110101011110010011
00000001101101111101011110010011
00000000111101110000011100110011
00000001111101110111011100010011
01000000111101110000011110110011
00000000111100000000011100110011
00000000000100000000011110010011
00000000111001111001011110110011
00000000111101100110011100110011
00000000001001101001011110010011
11111111000001000000011010010011
00000000111101101000011110110011
11110110111001111010011000100011
11110100110001000010011110000011
00000000000001111010011110000011
00000000000101111000011110010011
11110101010001000000011100010011
11110101110001000000010110010011
00000000000000000000011010010011
00000000000000000000011000010011
00000000111100000000010100110011
00000000000000000000000000010011
11111100101001000010111000100011
11111101110001000010011110000011
00000010000001111101100001100011
00000000000000000000000000010011
00000000101000000000011110110011
00000000000001111010011100000011
00010000000000010000011110110111
00010100100001111000011010010011
00000000111000000000011000110011
11111111101100000000010110010011
11110100110001000010010100000011
00000000000000000000000000010011
00000000101000000000011110110011
00001001110000000000000001101111
11111101110001000010011110000011
00001000000001111000011001100011
11110100110001000010011110000011
00000000000001111010011010000011
11110100100001000010011100000011
11111110100001000010011110000011
00000000111101110000011110110011
11111110110001000010011000000011
00000000111100000000010110110011
00000000110100000000010100110011
00000000000000000000000000010011
11111100101001000010111000100011
11111101110001000010011110000011
00000010000001111101100001100011
00000000000000000000000000010011
00000000101000000000011110110011
00000000000001111010011100000011
00010000000000010000011110110111
00010110000001111000011010010011
00000000111000000000011000110011
11111111101100000000010110010011
11110100110001000010010100000011
00000000000000000000000000010011
00000000101000000000011110110011
00000011100000000000000001101111
11111101110001000010011110000011
11111110100001000010011100000011
00000000111101110000011110110011
11111110111101000010010000100011
11111101110001000010011110000011
11111110110001000010011100000011
01000000111101110000011110110011
11111110111101000010011000100011
11111110110001000010011110000011
11100110000001111001100011100011
00000000100000000000000001101111
00000000000000000000000000010011
11111110100001000010011110000011
00000000111100000000010100110011
00001011110000010010000010000011
00001011100000010010010000000011
00001100000000010000000100010011
00000000000000001000000001100111
11111101000000010000000100010011
00000010000100010010011000100011
00000010100000010010010000100011
00000011000000010000010000010011
11111100101001000010111000100011
11111100101101000010110000100011
11111100110001000010101000100011
11111101110001000010011110000011
00000000000001111010011110000011
11111101010001000010011000000011
11111101100001000010010110000011
00000000111100000000010100110011
00000000000000000000000000010011
11111110101001000010011000100011
11111110110001000010011110000011
00000010000001111101100001100011
00000000000000000000000000010011
00000000101000000000011110110011
00000000000001111010011100000011
00010000000000010000011110110111
00010111010001111000011010010011
00000000111000000000011000110011
11111111101100000000010110010011
11111101110001000010010100000011
00000000000000000000000000010011
00000000101000000000011110110011
00000000100000000000000001101111
11111110110001000010011110000011
00000000111100000000010100110011
00000010110000010010000010000011
00000010100000010010010000000011
00000011000000010000000100010011
00000000000000001000000001100111
11111110000000010000000100010011
00000000000100010010111000100011
00000000100000010010110000100011
00000010000000010000010000010011
11111110101001000010011000100011
11111110110001000010011110000011
00000000000001111010011110000011
00000000111100000000010100110011
00000000000000000000000000010011
00000000101000000000011110110011
00000010000001111101100001100011
00000000000000000000000000010011
00000000101000000000011110110011
00000000000001111010011100000011
00010000000000010000011110110111
00011000100001111000011010010011
00000000111000000000011000110011
11111111101100000000010110010011
11111110110001000010010100000011
00000000000000000000000000010011
00000000101000000000011110110011
00000000100000000000000001101111
00000000000000000000011110010011
00000000111100000000010100110011
00000001110000010010000010000011
00000001100000010010010000000011
00000010000000010000000100010011
00000000000000001000000001100111
11111110000000010000000100010011
00000000000100010010111000100011
00000000100000010010110000100011
00000010000000010000010000010011
11111110101001000010011000100011
11111110101101000010010000100011
11111110110001000010011110000011
00000000000001111010011100000011
11111110100001000010011000000011
00000000000000000101011110110111
00000000000001111000011110010011
01000001101101111000010110010011
00000000111000000000010100110011
00000000000000000000000000010011
00000000101000000000011110110011
00000010000001111101100001100011
00000000000000000000000000010011
00000000101000000000011110110011
00000000000001111010011100000011
00010000000000010000011110110111
00011010000001111000011010010011
00000000111000000000011000110011
11111111101100000000010110010011
11111110110001000010010100000011
00000000000000000000000000010011
00000000101000000000011110110011
00000000100000000000000001101111
00000000000000000000011110010011
00000000111100000000010100110011
00000001110000010010000010000011
00000001100000010010010000000011
00000010000000010000000100010011
00000000000000001000000001100111
11111110000000010000000100010011
00000000000100010010111000100011
00000000100000010010110000100011
00000010000000010000010000010011
11111110101001000010011000100011
11111110101101000010010000100011
11111110110001000010011110000011
00000000000001111010011100000011
11111110100001000010011000000011
00000000000000000101011110110111
00000000000001111000011110010011
01000001000101111000010110010011
00000000111000000000010100110011
00000000000000000000000000010011
00000000101000000000011110110011
00000010000001111101100001100011
00000000000000000000000000010011
00000000101000000000011110110011
00000000000001111010011100000011
00010000000000010000011110110111
00011011000001111000011010010011
00000000111000000000011000110011
11111111101100000000010110010011
11111110110001000010010100000011
00000000000000000000000000010011
00000000101000000000011110110011
00000000100000000000000001101111
00000000000000000000011110010011
00000000111100000000010100110011
00000001110000010010000010000011
00000001100000010010010000000011
00000010000000010000000100010011
00000000000000001000000001100111
11111101000000010000000100010011
00000010000100010010011000100011
00000010100000010010010000100011
00000011000000010000010000010011
11111100101001000010111000100011
11111100101101000010110000100011
11111101110001000010011110000011
00000000000001111010011110000011
11111110111101000010001000100011
00000000001100000000011110010011
11111110111101000001010000100011
11111110010001000000011110010011
11111101100001000010011000000011
00000000000100000000010110010011
00000000111100000000010100110011
00000000000000000000000000010011
11111110101001000010011000100011
11111110110001000010011110000011
00000010000001111101100001100011
00000000000000000000000000010011
00000000101000000000011110110011
00000000000001111010011100000011
00010000000000010000011110110111
00011100000001111000011010010011
00000000111000000000011000110011
11111111101100000000010110010011
11111101110001000010010100000011
00000000000000000000000000010011
00000000101000000000011110110011
00000001100000000000000001101111
11111110110001000010011110000011
00000000000001111000011001100011
00000000000100000000011110010011
00000000100000000000000001101111
00000000000000000000011110010011
00000000111100000000010100110011
00000010110000010010000010000011
00000010100000010010010000000011
00000011000000010000000100010011
00000000000000001000000001100111
11111110000000010000000100010011
00000000000100010010111000100011
00000000100000010010110000100011
00000010000000010000010000010011
11111110101001000010011000100011
11111110110001000010011110000011
00000000000001111010011110000011
00000000000001111101011001100011
00000000000000000000011110010011
00000101100000000000000001101111
11111110110001000010011110000011
00000000000001111010011110000011
00000000111100000000010100110011
00000000000000000000000000010011
00000000101000000000011110110011
00000010000001111101100001100011
00000000000000000000000000010011
00000000101000000000011110110011
00000000000001111010011100000011
00010000000000010000011110110111
00011101010001111000011010010011
00000000111000000000011000110011
11111111100100000000010110010011
11111110110001000010010100000011
00000000000000000000000000010011
00000000101000000000011110110011
00000001010000000000000001101111
11111110110001000010011110000011
11111111111100000000011100010011
00000000111001111010000000100011
00000000000000000000011110010011
00000000111100000000010100110011
00000001110000010010000010000011
00000001100000010010010000000011
00000010000000010000000100010011
00000000000000001000000001100111
11111010000000010000000100010011
00000100000100010010111000100011
00000100100000010010110000100011
00000110000000010000010000010011
11111010101001000010011000100011
11111010101101000010010000100011
11111010110001000010011110000011
00000000000001111010011110000011
11111011010001000000011100010011
00000000111000000000010110110011
00000000111100000000010100110011
00000000000000000000000000010011
00000000101000000000011110110011
00000010000001111101100001100011
00000000000000000000000000010011
00000000101000000000011110110011
00000000000001111010011100000011
00010000000000010000011110110111
00011110100001111000011010010011
00000000111000000000011000110011
11111111110100000000010110010011
11111010110001000010010100000011
00000000000000000000000000010011
00000000101000000000011110110011
00000011000000000000000001101111
11111011010001000000011110010011
00000000111100000000010100110011
00000000000000000000000000010011
00000000101000000000011110110011
00000000111100000000010100110011
00000000000000000000000000010011
00000000101000000000011110110011
00000000111100000000011100110011
11111010100001000010011110000011
00000000111001111010000000100011
00000000000000000000011110010011
00000000111100000000010100110011
00000101110000010010000010000011
00000101100000010010010000000011
00000110000000010000000100010011
00000000000000001000000001100111
11111010000000010000000100010011
00000100000100010010111000100011
00000100100000010010110000100011
00000110000000010000010000010011
11111010101001000010011000100011
11111010101101000010010000100011
11111010110001000010011110000011
00000000000001111010011110000011
11111011010001000000011100010011
00000000111000000000010110110011
00000000111100000000010100110011
00000000000000000000000000010011
00000000101000000000011110110011
00000010000001111101100001100011
00000000000000000000000000010011
00000000101000000000011110110011
00000000000001111010011100000011
00010000000000010000011110110111
00011110100001111000011010010011
00000000111000000000011000110011
11111111110100000000010110010011
11111010110001000010010100000011
00000000000000000000000000010011
00000000101000000000011110110011
00001000000000000000000001101111
11111011110001000010011110000011
00000011000001111111011110010011
00000011000000000000011100010011
00000100111001111000111001100011
00000011000000000000011100010011
00000110111101110110001001100011
00000010000000000000011100010011
00000010111001111000111001100011
00000010000000000000011100010011
00000100111101110110101001100011
00000000000001111000100001100011
00000001000000000000011100010011
00000000111001111000110001100011
00000100010000000000000001101111
11111010100001000010011110000011
00000000010100000000011100010011
00000000111001111010000000100011
00000011010000000000000001101111
11111010100001000010011110000011
00000000011000000000011100010011
00000000111001111010000000100011
00000010010000000000000001101111
11111010100001000010011110000011
00000000011100000000011100010011
00000000111001111010000000100011
00000001010000000000000001101111
11111010100001000010011110000011
00000000100000000000011100010011
00000000111001111010000000100011
00000000000000000000000000010011
00000000000000000000011110010011
00000000111100000000010100110011
00000101110000010010000010000011
00000101100000010010010000000011
00000110000000010000000100010011
00000000000000001000000001100111
11111010000000010000000100010011
00000100000100010010111000100011
00000100100000010010110000100011
00000110000000010000010000010011
11111010101001000010011000100011
11111010101101000010010000100011
11111010110001000010011110000011
00000000000001111010011110000011
11111011010001000000011100010011
00000000111000000000010110110011
00000000111100000000010100110011
00000000000000000000000000010011
00000000101000000000011110110011
00000010000001111101100001100011
00000000000000000000000000010011
00000000101000000000011110110011
00000000000001111010011100000011
00010000000000010000011110110111
00011110100001111000011010010011
00000000111000000000011000110011
11111111110100000000010110010011
11111010110001000010010100000011
00000000000000000000000000010011
00000000101000000000011110110011
00000100100000000000000001101111
11111011110001000010011110000011
00010000000001111111011110010011
00000000000001111001100001100011
11111010100001000010011110000011
00000000000001111010000000100011
00000010110000000000000001101111
11111011110001000010011110000011
00100000000001111111011110010011
00000000000001111001101001100011
11111010100001000010011110000011
00000000001000000000011100010011
00000000111001111010000000100011
00000001000000000000000001101111
11111010100001000010011110000011
00000000000100000000011100010011
00000000111001111010000000100011
00000000000000000000011110010011
00000000111100000000010100110011
00000101110000010010000010000011
00000101100000010010010000000011
00000110000000010000000100010011
00000000000000001000000001100111
11111010000000010000000100010011
00000100000100010010111000100011
00000100100000010010110000100011
00000110000000010000010000010011
11111010101001000010011000100011
11111010101101000010010000100011
11111010110001000010011110000011
00000000000001111010011110000011
11111011010001000000011100010011
00000000111000000000010110110011
00000000111100000000010100110011
00000000000000000000000000010011
00000000101000000000011110110011
00000010000001111101100001100011
00000000000000000000000000010011
00000000101000000000011110110011
00000000000001111010011100000011
00010000000000010000011110110111
00011110100001111000011010010011
00000000111000000000011000110011
11111111110100000000010110010011
11111010110001000010010100000011
00000000000000000000000000010011
00000000101000000000011110110011
00000011000000000000000001101111
11111011110001000010011110000011
00000100000001111111011110010011
00000000000001111000101001100011
11111010100001000010011110000011
00000000001000000000011100010011
00000000111001111010000000100011
00000001000000000000000001101111
11111010100001000010011110000011
00000000000100000000011100010011
00000000111001111010000000100011
00000000000000000000011110010011
00000000111100000000010100110011
00000101110000010010000010000011
00000101100000010010010000000011
00000110000000010000000100010011
00000000000000001000000001100111
11111010000000010000000100010011
00000100000100010010111000100011
00000100100000010010110000100011
00000110000000010000010000010011
11111010101001000010011000100011
11111010101101000010010000100011
11111010110001000010011110000011
00000000000001111010011110000011
11111011010001000000011100010011
00000000111000000000010110110011
00000000111100000000010100110011
00000000000000000000000000010011
00000000101000000000011110110011
00000010000001111101100001100011
00000000000000000000000000010011
00000000101000000000011110110011
00000000000001111010011100000011
00010000000000010000011110110111
00011110100001111000011010010011
00000000111000000000011000110011
11111111110100000000010110010011
11111010110001000010010100000011
00000000000000000000000000010011
00000000101000000000011110110011
00000011100000000000000001101111
11111011010001000010011100000011
00000000000000000001011110110111
00000000000001111000011110010011
01000000000001111000011110010011
00000000111101110111011110110011
00000000000001111000101001100011
11111010100001000010011110000011
00000000000100000000011100010011
00000000111001111000000000100011
00000000110000000000000001101111
11111010100001000010011110000011
00000000000001111000000000100011
00000000000000000000011110010011
00000000111100000000010100110011
00000101110000010010000010000011
00000101100000010010010000000011
00000110000000010000000100010011
00000000000000001000000001100111
11111010000000010000000100010011
00000100000100010010111000100011
00000100100000010010110000100011
00000110000000010000010000010011
11111010101001000010011000100011
11111010101101000010010000100011
11111010110001000010011110000011
00000000000001111010011110000011
11111011010001000000011100010011
00000000111000000000010110110011
00000000111100000000010100110011
00000000000000000000000000010011
00000000101000000000011110110011
00000010000001111101100001100011
00000000000000000000000000010011
00000000101000000000011110110011
00000000000001111010011100000011
00010000000000010000011110110111
00011110100001111000011010010011
00000000111000000000011000110011
11111111110100000000010110010011
11111010110001000010010100000011
00000000000000000000000000010011
00000000101000000000011110110011
00000010100000000000000001101111
11111011110001000010011110000011
00000000000001111101101001100011
11111010100001000010011110000011
00000000000100000000011100010011
00000000111001111000000000100011
00000000110000000000000001101111
11111010100001000010011110000011
00000000000001111000000000100011
00000000000000000000011110010011
00000000111100000000010100110011
00000101110000010010000010000011
00000101100000010010010000000011
00000110000000010000000100010011
00000000000000001000000001100111
11111010000000010000000100010011
00000100000100010010111000100011
00000100100000010010110000100011
00000110000000010000010000010011
11111010101001000010011000100011
11111010101101000010010000100011
11111010110001000010011110000011
00000000000001111010011110000011
11111011010001000000011100010011
00000000111000000000010110110011
00000000111100000000010100110011
00000000000000000000000000010011
00000000101000000000011110110011
00000010000001111101100001100011
00000000000000000000000000010011
00000000101000000000011110110011
00000000000001111010011100000011
00010000000000010000011110110111
00011110100001111000011010010011
00000000111000000000011000110011
11111111110100000000010110010011
11111010110001000010010100000011
00000000000000000000000000010011
00000000101000000000011110110011
00001001100000000000000001101111
11111010100001000010010100000011
00000000000000000000000000010011
00000000101000000000011110110011
00000000111100000000011100110011
11111011010001000000011110010011
00000000111000000000010110110011
00000000111100000000010100110011
00000000000000000000000000010011
11111010100001000010010100000011
00000000000000000000000000010011
00000000101000000000011110110011
00000000111100000000011100110011
11111011010001000000011110010011
00000000111000000000010110110011
00000000111100000000010100110011
00000000000000000000000000010011
11111010110001000010011110000011
00000000000001111010011110000011
11111011010001000000011100010011
00000000111000000000011000110011
00000000000000000000010110010011
00000000111100000000010100110011
00000000000000000000000000010011
00000000101000000000011110110011
00000010000001111101100001100011
00000000000000000000000000010011
00000000101000000000011110110011
00000000000001111010011100000011
00010000000000010000011110110111
00010010100001111000011010010011
00000000111000000000011000110011
11111111101000000000010110010011
11111010110001000010010100000011
00000000000000000000000000010011
00000000101000000000011110110011
00000000100000000000000001101111
00000000000000000000011110010011
00000000111100000000010100110011
00000101110000010010000010000011
00000101100000010010010000000011
00000110000000010000000100010011
00000000000000001000000001100111
11111010000000010000000100010011
00000100000100010010111000100011
00000100100000010010110000100011
00000110000000010000010000010011
11111010101001000010011000100011
11111010101101000010010000100011
11111010100001000010011100000011
00000000010100000000011110010011
00000100111101110000010001100011
11111010100001000010011100000011
00000000011000000000011110010011
00000010111101110000111001100011
11111010100001000010011100000011
00000000011100000000011110010011
00000010111101110000100001100011
11111010100001000010011100000011
00000000100000000000011110010011
00000010111101110000001001100011
00010000000000010000011110110111
00001000110001111000011010010011
00000000000000000000011000010011
11111111111100000000010110010011
11111010110001000010010100000011
00000000000000000000000000010011
00000000101000000000011110110011
00010001100000000000000001101111
11111010110001000010011110000011
00000000000001111010011110000011
11111011010001000000011100010011
00000000111000000000010110110011
00000000111100000000010100110011
00000000000000000000000000010011
00000000101000000000011110110011
00000010000001111101100001100011
00000000000000000000000000010011
00000000101000000000011110110011
00000000000001111010011100000011
00010000000000010000011110110111
00011110100001111000011010010011
00000000111000000000011000110011
11111111110100000000010110010011
11111010110001000010010100000011
00000000000000000000000000010011
00000000101000000000011110110011
00001100110000000000000001101111
11111011110001000010011110000011
11111100111101111111011110010011
11111010111101000010111000100011
11111010100001000010011100000011
00000000010100000000011110010011
00000000111101110001100001100011
11111011110001000010011110000011
11111010111101000010111000100011
00000101010000000000000001101111
11111010100001000010011100000011
00000000011000000000011110010011
00000000111101110001101001100011
11111011110001000010011110000011
00000001000001111110011110010011
11111010111101000010111000100011
00000011100000000000000001101111
11111010100001000010011100000011
00000000011100000000011110010011
00000000111101110001101001100011
11111011110001000010011110000011
00000010000001111110011110010011
11111010111101000010111000100011
00000001110000000000000001101111
11111010100001000010011100000011
00000000100000000000011110010011
00000000111101110001100001100011
11111011110001000010011110000011
00000011000001111110011110010011
11111010111101000010111000100011
11111010110001000010011110000011
00000000000001111010011110000011
11111011010001000000011100010011
00000000111000000000011000110011
00000000000000000000010110010011
00000000111100000000010100110011
00000000000000000000000000010011
00000000101000000000011110110011
00000010000001111101100001100011
00000000000000000000000000010011
00000000101000000000011110110011
00000000000001111010011100000011
00010000000000010000011110110111
00010010100001111000011010010011
00000000111000000000011000110011
11111111101000000000010110010011
11111010110001000010010100000011
00000000000000000000000000010011
00000000101000000000011110110011
00000000100000000000000001101111
00000000000000000000011110010011
00000000111100000000010100110011
00000101110000010010000010000011
00000101100000010010010000000011
00000110000000010000000100010011
00000000000000001000000001100111
11111010000000010000000100010011
00000100000100010010111000100011
00000100100000010010110000100011
00000110000000010000010000010011
11111010101001000010011000100011
11111010101101000010010000100011
11111010100001000010011110000011
00000010000001111000111001100011
11111010100001000010011100000011
00000000000100000000011110010011
00000010111101110000100001100011
11111010100001000010011100000011
00000000001000000000011110010011
00000010111101110000001001100011
00010000000000010000011110110111
00001011000001111000011010010011
00000000000000000000011000010011
11111111111100000000010110010011
11111010110001000010010100000011
00000000000000000000000000010011
00000000101000000000011110110011
00010000010000000000000001101111
11111010110001000010011110000011
00000000000001111010011110000011
11111011010001000000011100010011
00000000111000000000010110110011
00000000111100000000010100110011
00000000000000000000000000010011
00000000101000000000011110110011
00000010000001111101100001100011
00000000000000000000000000010011
00000000101000000000011110110011
00000000000001111010011100000011
00010000000000010000011110110111
00011110100001111000011010010011
00000000111000000000011000110011
11111111110100000000010110010011
11111010110001000010010100000011
00000000000000000000000000010011
00000000101000000000011110110011
00001011100000000000000001101111
11111011010001000010011110000011
11111100111101111111011110010011
11111010111101000010101000100011
11111010100001000010011110000011
00000000000001111000100001100011
11111011010001000010011110000011
00000011000001111110011110010011
11111010111101000010101000100011
11111011110001000010011110000011
11001111111101111111011110010011
11111010111101000010111000100011
11111010100001000010011100000011
00000000001000000000011110010011
00000000111101110001101001100011
11111011110001000010011110000011
00010000000001111110011110010011
11111010111101000010111000100011
00000001110000000000000001101111
11111010100001000010011100000011
00000000000100000000011110010011
00000000111101110001100001100011
11111011110001000010011110000011
00110000000001111110011110010011
11111010111101000010111000100011
11111010110001000010011110000011
00000000000001111010011110000011
11111011010001000000011100010011
00000000111000000000011000110011
00000000000000000000010110010011
00000000111100000000010100110011
00000000000000000000000000010011
00000000101000000000011110110011
00000010000001111101100001100011
00000000000000000000000000010011
00000000101000000000011110110011
00000000000001111010011100000011
00010000000000010000011110110111
00010010100001111000011010010011
00000000111000000000011000110011
11111111101000000000010110010011
11111010110001000010010100000011
00000000000000000000000000010011
00000000101000000000011110110011
00000000100000000000000001101111
00000000000000000000011110010011
00000000111100000000010100110011
00000101110000010010000010000011
00000101100000010010010000000011
00000110000000010000000100010011
00000000000000001000000001100111
11111010000000010000000100010011
00000100000100010010111000100011
00000100100000010010110000100011
00000110000000010000010000010011
11111010101001000010011000100011
11111010101101000010010000100011
11111010100001000010011100000011
00000000000100000000011110010011
00000010111101110000100001100011
11111010100001000010011100000011
00000000001000000000011110010011
00000010111101110000001001100011
00010000000000010000011110110111
00001110110001111000011010010011
00000000000000000000011000010011
11111111111100000000010110010011
11111010110001000010010100000011
00000000000000000000000000010011
00000000101000000000011110110011
00001100100000000000000001101111
11111010110001000010011110000011
00000000000001111010011110000011
11111011010001000000011100010011
00000000111000000000010110110011
00000000111100000000010100110011
00000000000000000000000000010011
00000000101000000000011110110011
00000010000001111101100001100011
00000000000000000000000000010011
00000000101000000000011110110011
00000000000001111010011100000011
00010000000000010000011110110111
00011110100001111000011010010011
00000000111000000000011000110011
11111111110100000000010110010011
11111010110001000010010100000011
00000000000000000000000000010011
00000000101000000000011110110011
00000111110000000000000001101111
11111011110001000010011110000011
11111011111101111111011110010011
11111010111101000010111000100011
11111010100001000010011100000011
00000000001000000000011110010011
00000000111101110001100001100011
11111011110001000010011110000011
00000100000001111110011110010011
11111010111101000010111000100011
11111010110001000010011110000011
00000000000001111010011110000011
11111011010001000000011100010011
00000000111000000000011000110011
00000000000000000000010110010011
00000000111100000000010100110011
00000000000000000000000000010011
00000000101000000000011110110011
00000010000001111101100001100011
00000000000000000000000000010011
00000000101000000000011110110011
00000000000001111010011100000011
00010000000000010000011110110111
00010010100001111000011010010011
00000000111000000000011000110011
11111111101000000000010110010011
11111010110001000010010100000011
00000000000000000000000000010011
00000000101000000000011110110011
00000000100000000000000001101111
00000000000000000000011110010011
00000000111100000000010100110011
00000101110000010010000010000011
00000101100000010010010000000011
00000110000000010000000100010011
00000000000000001000000001100111
11111010000000010000000100010011
00000100000100010010111000100011
00000100100000010010110000100011
00000110000000010000010000010011
11111010101001000010011000100011
00000000101100000000011110110011
11111010111101000000010110100011
11111010110001000010011110000011
00000000000001111010011110000011
11111011010001000000011100010011
00000000111000000000010110110011
00000000111100000000010100110011
00000000000000000000000000010011
00000000101000000000011110110011
00000010000001111101100001100011
00000000000000000000000000010011
00000000101000000000011110110011
00000000000001111010011100000011
00010000000000010000011110110111
00011110100001111000011010010011
00000000111000000000011000110011
11111111110100000000010110010011
11111010110001000010010100000011
00000000000000000000000000010011
00000000101000000000011110110011
00001001000000000000000001101111
11111011010001000010011100000011
11111111111111111110011110110111
00000000000001111000011110010011
00111111111101111000011110010011
00000000111101110111011110110011
11111010111101000010101000100011
11111010101101000100011110000011
00000000000001111000111001100011
11111011010001000010011100000011
00000000000000000001011110110111
00000000000001111000011110010011
01000000000001111000011110010011
00000000111101110110011110110011
11111010111101000010101000100011
11111010110001000010011110000011
00000000000001111010011110000011
11111011010001000000011100010011
00000000111000000000011000110011
00000000000000000000010110010011
00000000111100000000010100110011
00000000000000000000000000010011
00000000101000000000011110110011
00000010000001111101100001100011
00000000000000000000000000010011
00000000101000000000011110110011
00000000000001111010011100000011
00010000000000010000011110110111
00010010100001111000011010010011
00000000111000000000011000110011
11111111101000000000010110010011
11111010110001000010010100000011
00000000000000000000000000010011
00000000101000000000011110110011
00000000100000000000000001101111
00000000000000000000011110010011
00000000111100000000010100110011
00000101110000010010000010000011
00000101100000010010010000000011
00000110000000010000000100010011
00000000000000001000000001100111
11111010000000010000000100010011
00000100000100010010111000100011
00000100100000010010110000100011
00000110000000010000010000010011
11111010101001000010011000100011
00000000101100000000011110110011
11111010111101000000010110100011
11111010110001000010011110000011
00000000000001111010011110000011
11111011010001000000011100010011
00000000111000000000010110110011
00000000111100000000010100110011
00000000000000000000000000010011
00000000101000000000011110110011
00000010000001111101100001100011
00000000000000000000000000010011
00000000101000000000011110110011
00000000000001111010011100000011
00010000000000010000011110110111
00011110100001111000011010010011
00000000111000000000011000110011
11111111110100000000010110010011
11111010110001000010010100000011
00000000000000000000000000010011
00000000101000000000011110110011
00001000110000000000000001101111
11111011110001000010011100000011
10000000000000000000011110110111
00000000000001111000011110010011
11111111111101111100011110010011
00000000111101110111011110110011
11111010111101000010111000100011
11111010101101000100011110000011
00000000000001111000110001100011
11111011110001000010011100000011
10000000000000000000011110110111
00000000000001111000011110010011
00000000111101110110011110110011
11111010111101000010111000100011
11111010110001000010011110000011
00000000000001111010011110000011
11111011010001000000011100010011
00000000111000000000011000110011
00000000000000000000010110010011
00000000111100000000010100110011
00000000000000000000000000010011
00000000101000000000011110110011
00000010000001111101100001100011
00000000000000000000000000010011
00000000101000000000011110110011
00000000000001111010011100000011
00010000000000010000011110110111
00010010100001111000011010010011
00000000111000000000011000110011
11111111101000000000010110010011
11111010110001000010010100000011
00000000000000000000000000010011
00000000101000000000011110110011
00000000100000000000000001101111
00000000000000000000011110010011
00000000111100000000010100110011
00000101110000010010000010000011
00000101100000010010010000000011
00000110000000010000000100010011
00000000000000001000000001100111
11110111000000010000000100010011
00001000000100010010011000100011
00001000100000010010010000100011
00001001000000010000010000010011
11111000101001000010011000100011
11111000101101000010010000100011
11111000110001000010001000100011
11111000110001000010011110000011
00000000000001111010011110000011
11111001110001000000011100010011
00000000111000000000010110110011
00000000111100000000010100110011
00000000000000000000000000010011
00000000101000000000011110110011
00000010000001111101000001100011
00010000000000010000011110110111
00100000100001111000011000010011
11111000010001000010010110000011
11111000100001000010010100000011
00000000000000000000000000010011
00000000101000000000011110110011
00011010110000000000000001101111
11111001110001000000011110010011
00000000111100000000010100110011
00000000000000000000000000010011
00000000101000000000011110110011
00000000111100000000010100110011
00000000000000000000000000010011
00000000101000000000011110110011
11111100111101000010110000100011
11111010010001000010011110000011
00000011000001111111011110010011
00000011000000000000011100010011
00000100111001111000111001100011
00000011000000000000011100010011
00000110111101110110001001100011
00000010000000000000011100010011
00000010111001111000111001100011
00000010000000000000011100010011
00000100111101110110101001100011
00000000000001111000100001100011
00000001000000000000011100010011
00000000111001111000110001100011
00000100010000000000000001101111
00010000000000010000011110110111
00100101010001111000011110010011
11111110111101000010011000100011
00000100000000000000000001101111
00010000000000010000011110110111
00100101100001111000011110010011
11111110111101000010011000100011
00000011000000000000000001101111
00010000000000010000011110110111
00100101110001111000011110010011
11111110111101000010011000100011
00000010000000000000000001101111
00010000000000010000011110110111
00100110000001111000011110010011
11111110111101000010011000100011
00000001000000000000000001101111
00010000000000010000011110110111
00100110010001111000011110010011
11111110111101000010011000100011
11111010010001000010011110000011
00010000000001111111011110010011
00000000000001111001101001100011
00010000000000010000011110110111
00100110100001111000011110010011
11111110111101000010010000100011
00000010110000000000000001101111
11111010010001000010011110000011
00100000000001111111011110010011
00000000000001111001101001100011
00010000000000010000011110110111
00100111000001111000011110010011
11111110111101000010010000100011
00000001000000000000000001101111
00010000000000010000011110110111
00100111100001111000011110010011
11111110111101000010010000100011
11111010010001000010011110000011
00000100000001111111011110010011
00000000000001111000101001100011
00010000000000010000011110110111
00100111110001111000011110010011
11111110111101000010001000100011
00000001000000000000000001101111
00010000000000010000011110110111
00101000000001111000011110010011
11111110111101000010001000100011
11111001110001000010011100000011
00000000000000000001011110110111
00000000000001111000011110010011
01000000000001111000011110010011
00000000111101110111011110110011
00000000000001111000101001100011
00010000000000010000011110110111
00101000010001111000011110010011
11111110111101000010000000100011
00000001000000000000000001101111
00010000000000010000011110110111
00101000110001111000011110010011
11111110111101000010000000100011
11111010010001000010011110000011
00000000000001111101101001100011
00010000000000010000011110110111
00101000010001111000011110010011
11111100111101000010111000100011
00000001000000000000000001101111
00010000000000010000011110110111
00101000110001111000011110010011
11111100111101000010111000100011
11111000110001000010011110000011
00000000000001111010011010000011
11111101110001000010011110000011
00000000111100010010001000100011
11111110000001000010011110000011
00000000111100010010000000100011
11111110010001000010100010000011
11111110100001000010100000000011
11111110110001000010011110000011
11111101100001000010011100000011
00010000000000010000011000110111
00101001010001100000011000010011
11111000010001000010010110000011
11111000100001000010010100000011
00000000000000000000000000010011
00000000101000000000011110110011
00000000111100000000010100110011
00001000110000010010000010000011
00001000100000010010010000000011
00001001000000010000000100010011
00000000000000001000000001100111
11111110000000010000000100010011
00000000100000010010111000100011
00000010000000010000010000010011
11111110101001000010011000100011
11111110110001000010011110000011
00000000100001111000011110010011
00000000111100000000010100110011
00000001110000010010010000000011
00000010000000010000000100010011
00000000000000001000000001100111
11111110000000010000000100010011
00000000100000010010111000100011
00000010000000010000010000010011
11111110101001000010011000100011
11111110110001000010011110000011
00000000010001111010011110000011
00000000111100000000010100110011
00000001110000010010010000000011
00000010000000010000000100010011
00000000000000001000000001100111
11111110000000010000000100010011
00000000100000010010111000100011
00000010000000010000010000010011
11111110101001000010011000100011
11111110110001000010011110000011
00000000000001111010011110000011
00000000111100000000010100110011
00000001110000010010010000000011
00000010000000010000000100010011
00000000000000001000000001100111
