11110111000000010000000100010011
00000110000100010010111000100011
00000110100000010010110000100011
00000110100100010010101000100011
00001000000000010000010000010011
11111000101001000010111000100011
11111000101101000010110000100011
11111000110001000010101000100011
11111000110101000010100000100011
00000000111001000010000000100011
00000000111101000010001000100011
00000001000001000010010000100011
00000001000101000010011000100011
11111001110001000010011110000011
11111001010001000010011100000011
00000000111001111010001000100011
00000001000001000000011110010011
11111000111101000010011000100011
11111000110001000010011110000011
11111111000001111000011110010011
11111110111101000010011000100011
11111001110001000010011110000011
00000000100001111000011110010011
11111110110001000010011100000011
00000000111000000000011010110011
11111001000001000010011000000011
00000110000000000000010110010011
00000000111100000000010100110011
00000000000000000000000000010011
11111001010001000010011110000011
00000110000001111000100001100011
11111010110001000000011110010011
00000100000000000000011000010011
00000000111100000000010110110011
11111001010001000010010100000011
00000000000000000000000000010011
11111001110001000010011110000011
00000000100001111000010010010011
11111001110001000010011110000011
00000000100001111000011110010011
00000000111100000000010100110011
00000000000000000000000000010011
00000000101000000000011110110011
00000000111101001000010010110011
11111001110001000010011110000011
00000000100001111000011110010011
00000000111100000000010100110011
00000000000000000000000000010011
00000000101000000000011100110011
00000110000000000000011110010011
01000000111001111000010110110011
11111010110001000000011110010011
11111001010001000010011100000011
00000000111100000000011010110011
00010000000000010000011110110111
00000000000001111000011000010011
00000000100100000000010100110011
00000000000000000000000000010011
11111001100001000010011110000011
00000000111100000000010100110011
00000111110000010010000010000011
00000111100000010010010000000011
00000111010000010010010010000011
00001001000000010000000100010011
00000000000000001000000001100111
11111110000000010000000100010011
00000000000100010010111000100011
00000000100000010010110000100011
00000010000000010000010000010011
11111110101001000010011000100011
11111110101101000010010000100011
11111110110001000010001000100011
11111110110101000010000000100011
00000000000000000000100000010011
00000000100000000000011110010011
00000000000000000000011100010011
11111110000001000010011010000011
11111110010001000010011000000011
11111110100001000010010110000011
11111110110001000010010100000011
00000000000000000000000000010011
00000000101000000000011110110011
00000000111100000000010100110011
00000001110000010010000010000011
00000001100000010010010000000011
00000010000000010000000100010011
00000000000000001000000001100111
11111100000000010000000100010011
00000010000100010010111000100011
00000010100000010010110000100011
00000100000000010000010000010011
11111100101001000010111000100011
11111100101101000010110000100011
11111100110001000010101000100011
11111100110101000010100000100011
11111100111001000010011000100011
00000001000000000000011100110011
11111100111101000000010110100011
00000000111000000000011110110011
11111100111101000000010100100011
11111101010001000010011110000011
11111111110001111111011110010011
00000010000001111000001001100011
00010000000000010000011110110111
00000001000001111000011010010011
00000000000000000000011000010011
11111111111100000000010110010011
11111101110001000010010100000011
00000000000000000000000000010011
00000000101000000000011110110011
00100001100000000000000001101111
11111100110001000010011110000011
00000010000001111000100001100011
11111100110001000010011100000011
00000000000100000000011110010011
00000010111101110000001001100011
00010000000000010000011110110111
00000011000001111000011010010011
00000000000000000000011000010011
11111111111100000000010110010011
11111101110001000010010100000011
00000000000000000000000000010011
00000000101000000000011110110011
00011110010000000000000001101111
00000110100000000000011000010011
00000000000000000000010110010011
11111101110001000010010100000011
00000000000000000000000000010011
00000000001000000000010110010011
11111101100001000010010100000011
00000000000000000000000000010011
00000000101000000000011100110011
11111101110001000010011110000011
00000000111001111010000000100011
11111101110001000010011110000011
00000000000001111010011110000011
00000010000001111101100001100011
00000000000000000000000000010011
00000000101000000000011110110011
00000000000001111010011000000011
11111101100001000010011100000011
00010000000000010000011110110111
00000110000001111000011010010011
11111111111000000000010110010011
11111101110001000010010100000011
00000000000000000000000000010011
00000000101000000000011110110011
00011000010000000000000001101111
11111100110001000010011100000011
00000000000100000000011110010011
00000000111101110001011001100011
00000000100000000000011110010011
00000000100000000000000001101111
00000000000000000000011110010011
11111101010001000010011100000011
00001111111101110111011100010011
00000000111001111110011110110011
00001111111101111111011100010011
11111100101001000100011110000011
00000000111101110110011110110011
00001111111101111111011110010011
11111110111101000000000110100011
11111101110001000010011110000011
00000000000001111010011100000011
11111110001101000000011110010011
00000000111100000000011000110011
01000000000000010111011110110111
00000000000001111000011110010011
10110000000101111000010110010011
00000000111000000000010100110011
00000000000000000000000000010011
00000000101000000000011110110011
00000100000001111101001001100011
00000000000000000000000000010011
00000000101000000000011110110011
00000000000001111010011110000011
11111110111101000010001000100011
11111101110001000010011110000011
00000000000001111010011110000011
00000000111100000000010100110011
00000000000000000000000000010011
00010000000000010000011110110111
00000111100001111000011010010011
11111110010001000010011000000011
11111111110000000000010110010011
11111101110001000010010100000011
00000000000000000000000000010011
00000000101000000000011110110011
00001110000000000000000001101111
11111101110001000010011110000011
00000000000001111010011100000011
11111101000001000000011110010011
00000000111100000000011000110011
01000000000001000111011110110111
00000000000001111000011110010011
10110000010001111000010110010011
00000000111000000000010100110011
00000000000000000000000000010011
00000000101000000000011110110011
00000100000001111101001001100011
00000000000000000000000000010011
00000000101000000000011110110011
00000000000001111010011110000011
11111110111101000010010000100011
11111101110001000010011110000011
00000000000001111010011110000011
00000000111100000000010100110011
00000000000000000000000000010011
00010000000000010000011110110111
00001000110001111000011010010011
11111110100001000010011000000011
11111111110000000000010110010011
11111101110001000010010100000011
00000000000000000000000000010011
00000000101000000000011110110011
00000111010000000000000001101111
11111101110001000010011110000011
00000000000001111010011100000011
11111100101101000000011110010011
00000000111100000000011000110011
01000000000000010111011110110111
00000000000001111000011110010011
10110000001101111000010110010011
00000000111000000000010100110011
00000000000000000000000000010011
00000000101000000000011110110011
00000100000001111101001001100011
00000000000000000000000000010011
00000000101000000000011110110011
00000000000001111010011110000011
11111110111101000010011000100011
11111101110001000010011110000011
00000000000001111010011110000011
00000000111100000000010100110011
00000000000000000000000000010011
00010000000000010000011110110111
00001010010001111000011010010011
11111110110001000010011000000011
11111111110000000000010110010011
11111101110001000010010100000011
00000000000000000000000000010011
00000000101000000000011110110011
00000000100000000000000001101111
00000000000000000000011110010011
00000000111100000000010100110011
00000011110000010010000010000011
00000011100000010010010000000011
00000100000000010000000100010011
00000000000000001000000001100111
11111011000000010000000100010011
00000100000100010010011000100011
00000100100000010010010000100011
00000101001000010010001000100011
00000101001100010010000000100011
00000011010000010010111000100011
00000011010100010010110000100011
00000101000000010000010000010011
11111010101001000010111000100011
11111010101101000010110000100011
11111010110001000010101000100011
11111010110101000010100000100011
11111100000001000000011110010011
00000010000000000000011000010011
00000000000000000000010110010011
00000000111100000000010100110011
00000000000000000000000000010011
11111011100001000010011110000011
00000000111100000000101000110011
01000001111101111101011110010011
00000000111100000000101010110011
11111101010001000010000000100011
11111101010101000010001000100011
11111011010001000010011110000011
00000000111100000000100100110011
01000001111101111101011110010011
00000000111100000000100110110011
11111101001001000010010000100011
11111101001101000010011000100011
11111011000001000010011110000011
11111100111101000010100000100011
11111100000001000001110000100011
11111100000001000010101000100011
11111100000001000000110100100011
11111100000001000000110110100011
11111011110001000010011110000011
00000000000001111010011100000011
11111100000001000000011110010011
00000000111100000000011000110011
01000000001000000111011110110111
00000000000001111000011110010011
10110000000001111000010110010011
00000000111000000000010100110011
00000000000000000000000000010011
00000000101000000000011110110011
00000010111100000100100001100011
00000000000000000000000000010011
00000000101000000000011110110011
00000000000001111010011100000011
00010000000000010000011110110111
00001100000001111000011010010011
00000000111000000000011000110011
11111111101100000000010110010011
11111011110001000010010100000011
00000000000000000000000000010011
00000000101000000000011110110011
00000000100000000000000001101111
00000000000000000000011110010011
00000000111100000000010100110011
00000100110000010010000010000011
00000100100000010010010000000011
00000100010000010010100100000011
00000100000000010010100110000011
00000011110000010010101000000011
00000011100000010010101010000011
00000101000000010000000100010011
00000000000000001000000001100111
11111110000000010000000100010011
00000000000100010010111000100011
00000000100000010010110000100011
00000010000000010000010000010011
11111110101001000010011000100011
11111110110001000010011110000011
00000000000001111010011110000011
00000000000001111101011001100011
00000000000000000000011110010011
00000101100000000000000001101111
11111110110001000010011110000011
00000000000001111010011110000011
00000000111100000000010100110011
00000000000000000000000000010011
00000000101000000000011110110011
00000010000001111101100001100011
00000000000000000000000000010011
00000000101000000000011110110011
00000000000001111010011100000011
00010000000000010000011110110111
00001101000001111000011010010011
00000000111000000000011000110011
11111111101000000000010110010011
11111110110001000010010100000011
00000000000000000000000000010011
00000000101000000000011110110011
00000001010000000000000001101111
11111110110001000010011110000011
11111111111100000000011100010011
00000000111001111010000000100011
00000000000000000000011110010011
00000000111100000000010100110011
00000001110000010010000010000011
00000001100000010010010000000011
00000010000000010000000100010011
00000000000000001000000001100111
11111101000000010000000100010011
00000010000100010010011000100011
00000010100000010010010000100011
00000011000000010000010000010011
11111100101001000010111000100011
11111100101101000010110000100011
11111101110001000010011110000011
00000000000001111010011100000011
11111110111101000000011110010011
00000000111100000000011000110011
10000000000000010111011110110111
00000000000001111000011110010011
10110000000101111000010110010011
00000000111000000000010100110011
00000000000000000000000000010011
00000000101000000000011110110011
00000010000001111101100001100011
00000000000000000000000000010011
00000000101000000000011110110011
00000000000001111010011100000011
00010000000000010000011110110111
00001110010001111000011010010011
00000000111000000000011000110011
11111111110100000000010110010011
11111101110001000010010100000011
00000000000000000000000000010011
00000000101000000000011110110011
00000001100000000000000001101111
11111110111101000100011110000011
00000000001101111111011100010011
11111101100001000010011110000011
00000000111001111010000000100011
00000000000000000000011110010011
00000000111100000000010100110011
00000010110000010010000010000011
00000010100000010010010000000011
00000011000000010000000100010011
00000000000000001000000001100111
11111101000000010000000100010011
00000010000100010010011000100011
00000010100000010010010000100011
00000011000000010000010000010011
11111100101001000010111000100011
11111100101101000010110000100011
11111101110001000010011110000011
00000000000001111010011100000011
11111110110001000000011110010011
00000000111100000000011000110011
10000000000001000111011110110111
00000000000001111000011110010011
10110000010001111000010110010011
00000000111000000000010100110011
00000000000000000000000000010011
00000000101000000000011110110011
00000010000001111101100001100011
00000000000000000000000000010011
00000000101000000000011110110011
00000000000001111010011100000011
00010000000000010000011110110111
00001111100001111000011010010011
00000000111000000000011000110011
11111111110100000000010110010011
11111101110001000010010100000011
00000000000000000000000000010011
00000000101000000000011110110011
00000001010000000000000001101111
11111110110001000010011100000011
11111101100001000010011110000011
00000000111001111010000000100011
00000000000000000000011110010011
00000000111100000000010100110011
00000010110000010010000010000011
00000010100000010010010000000011
00000011000000010000000100010011
00000000000000001000000001100111
11111101000000010000000100010011
00000010000100010010011000100011
00000010100000010010010000100011
00000011000000010000010000010011
11111100101001000010111000100011
11111100101101000010110000100011
11111101110001000010011110000011
00000000000001111010011100000011
11111110111101000000011110010011
00000000111100000000011000110011
10000000000000010111011110110111
00000000000001111000011110010011
10110000001001111000010110010011
00000000111000000000010100110011
00000000000000000000000000010011
00000000101000000000011110110011
00000010000001111101100001100011
00000000000000000000000000010011
00000000101000000000011110110011
00000000000001111010011100000011
00010000000000010000011110110111
00010001000001111000011010010011
00000000111000000000011000110011
11111111110100000000010110010011
11111101110001000010010100000011
00000000000000000000000000010011
00000000101000000000011110110011
00000010100000000000000001101111
11111110111101000100011110000011
00000000000001111000101001100011
11111101100001000010011110000011
00000000000100000000011100010011
00000000111001111010000000100011
00000000110000000000000001101111
11111101100001000010011110000011
00000000000001111010000000100011
00000000000000000000011110010011
00000000111100000000010100110011
00000010110000010010000010000011
00000010100000010010010000000011
00000011000000010000000100010011
00000000000000001000000001100111
11111101000000010000000100010011
00000010000100010010011000100011
00000010100000010010010000100011
00000011000000010000010000010011
11111100101001000010111000100011
11111100101101000010110000100011
11111101110001000010011110000011
00000000000001111010011100000011
11111110111101000000011110010011
00000000111100000000011000110011
10000000000000010111011110110111
00000000000001111000011110010011
10110000001101111000010110010011
00000000111000000000010100110011
00000000000000000000000000010011
00000000101000000000011110110011
00000010000001111101100001100011
00000000000000000000000000010011
00000000101000000000011110110011
00000000000001111010011100000011
00010000000000010000011110110111
00010010100001111000011010010011
00000000111000000000011000110011
11111111110100000000010110010011
11111101110001000010010100000011
00000000000000000000000000010011
00000000101000000000011110110011
00000001010000000000000001101111
11111110111101000100011100000011
11111101100001000010011110000011
00000000111001111000000000100011
00000000000000000000011110010011
00000000111100000000010100110011
00000010110000010010000010000011
00000010100000010010010000000011
00000011000000010000000100010011
00000000000000001000000001100111
11111101000000010000000100010011
00000010000100010010011000100011
00000010100000010010010000100011
00000011000000010000010000010011
11111100101001000010111000100011
11111100101101000010110000100011
11111101110001000010011110000011
00000000000001111010011100000011
11111110111101000000011110010011
00000000111100000000011000110011
10000000000000010111011110110111
00000000000001111000011110010011
10110000000101111000010110010011
00000000111000000000010100110011
00000000000000000000000000010011
00000000101000000000011110110011
00000010000001111101100001100011
00000000000000000000000000010011
00000000101000000000011110110011
00000000000001111010011100000011
00010000000000010000011110110111
00010100010001111000011010010011
00000000111000000000011000110011
11111111110100000000010110010011
11111101110001000010010100000011
00000000000000000000000000010011
00000000101000000000011110110011
00000001110000000000000001101111
11111110111101000100011110000011
11111111010001111111011110010011
00001111111101111111011100010011
11111101100001000010011110000011
00000000111001111000000000100011
00000000000000000000011110010011
00000000111100000000010100110011
00000010110000010010000010000011
00000010100000010010010000000011
00000011000000010000000100010011
00000000000000001000000001100111
11111101000000010000000100010011
00000010000100010010011000100011
00000010100000010010010000100011
00000011000000010000010000010011
11111100101001000010111000100011
11111100101101000010110000100011
11111101100001000010011110000011
11111111110001111111011110010011
00000010000001111000001001100011
00010000000000010000011110110111
00000001000001111000011010010011
00000000000000000000011000010011
11111111111100000000010110010011
11111101110001000010010100000011
00000000000000000000000000010011
00000000101000000000011110110011
00001110000000000000000001101111
11111101110001000010011110000011
00000000000001111010011100000011
11111110111101000000011110010011
00000000111100000000011000110011
10000000000000010111011110110111
00000000000001111000011110010011
10110000000101111000010110010011
00000000111000000000010100110011
00000000000000000000000000010011
00000000101000000000011110110011
00000010000001111101100001100011
00000000000000000000000000010011
00000000101000000000011110110011
00000000000001111010011100000011
00010000000000010000011110110111
00001110010001111000011010010011
00000000111000000000011000110011
11111111110100000000010110010011
11111101110001000010010100000011
00000000000000000000000000010011
00000000101000000000011110110011
00001000100000000000000001101111
11111110111101000100011110000011
11111111110001111111011110010011
00001111111101111111011110010011
11111110111101000000011110100011
11111101100001000010011110000011
00001111111101111111011100010011
11111110111101000100011110000011
00000000111101110110011110110011
00001111111101111111011110010011
11111110111101000000011110100011
11111101110001000010011110000011
00000000000001111010011100000011
11111110111101000000011110010011
00000000111100000000011000110011
01000000000000010111011110110111
00000000000001111000011110010011
10110000000101111000010110010011
00000000111000000000010100110011
00000000000000000000000000010011
00000000101000000000011110110011
00000010000001111101100001100011
00000000000000000000000000010011
00000000101000000000011110110011
00000000000001111010011100000011
00010000000000010000011110110111
00000111100001111000011010010011
00000000111000000000011000110011
11111111110000000000010110010011
11111101110001000010010100000011
00000000000000000000000000010011
00000000101000000000011110110011
00000000100000000000000001101111
00000000000000000000011110010011
00000000111100000000010100110011
00000010110000010010000010000011
00000010100000010010010000000011
00000011000000010000000100010011
00000000000000001000000001100111
11111101000000010000000100010011
00000010000100010010011000100011
00000010100000010010010000100011
00000011000000010000010000010011
11111100101001000010111000100011
11111100101101000010110000100011
11111101100001000010011110000011
00000010000001111000100001100011
11111101100001000010011100000011
00000000000100000000011110010011
00000010111101110000001001100011
00010000000000010000011110110111
00000011000001111000011010010011
00000000000000000000011000010011
11111111111100000000010110010011
11111101110001000010010100000011
00000000000000000000000000010011
00000000101000000000011110110011
00000111110000000000000001101111
11111101100001000010011100000011
00000000000100000000011110010011
00000000111101110001100001100011
00000000000100000000011110010011
11111110111101000000011110100011
00000000100000000000000001101111
11111110000001000000011110100011
11111101110001000010011110000011
00000000000001111010011100000011
11111110111101000000011110010011
00000000111100000000011000110011
01000000000000010111011110110111
00000000000001111000011110010011
10110000001001111000010110010011
00000000111000000000010100110011
00000000000000000000000000010011
00000000101000000000011110110011
00000010000001111101100001100011
00000000000000000000000000010011
00000000101000000000011110110011
00000000000001111010011100000011
00010000000000010000011110110111
00010101110001111000011010010011
00000000111000000000011000110011
11111111110000000000010110010011
11111101110001000010010100000011
00000000000000000000000000010011
00000000101000000000011110110011
00000000100000000000000001101111
00000000000000000000011110010011
00000000111100000000010100110011
00000010110000010010000010000011
00000010100000010010010000000011
00000011000000010000000100010011
00000000000000001000000001100111
11111101000000010000000100010011
00000010000100010010011000100011
00000010100000010010010000100011
00000011000000010000010000010011
11111100101001000010111000100011
00000000101100000000011110110011
11111100111101000000110110100011
11111101110001000010011110000011
00000000000001111010011100000011
11111110111101000000011110010011
00000000111100000000011000110011
10000000000000010111011110110111
00000000000001111000011110010011
10110000000101111000010110010011
00000000111000000000010100110011
00000000000000000000000000010011
00000000101000000000011110110011
00000010000001111101100001100011
00000000000000000000000000010011
00000000101000000000011110110011
00000000000001111010011100000011
00010000000000010000011110110111
00010100010001111000011010010011
00000000111000000000011000110011
11111111110100000000010110010011
11111101110001000010010100000011
00000000000000000000000000010011
00000000101000000000011110110011
00001000010000000000000001101111
11111110111101000100011110000011
00000000101101111111011110010011
00001111111101111111011110010011
11111110111101000000011110100011
11111110111101000100011100000011
11111101101101000100011110000011
00000000111101110110011110110011
00001111111101111111011110010011
11111110111101000000011110100011
11111101110001000010011110000011
00000000000001111010011100000011
11111110111101000000011110010011
00000000111100000000011000110011
01000000000000010111011110110111
00000000000001111000011110010011
10110000000101111000010110010011
00000000111000000000010100110011
00000000000000000000000000010011
00000000101000000000011110110011
00000010000001111101100001100011
00000000000000000000000000010011
00000000101000000000011110110011
00000000000001111010011100000011
00010000000000010000011110110111
00010111010001111000011010010011
00000000111000000000011000110011
11111111110000000000010110010011
11111101110001000010010100000011
00000000000000000000000000010011
00000000101000000000011110110011
00000000100000000000000001101111
00000000000000000000011110010011
00000000111100000000010100110011
00000010110000010010000010000011
00000010100000010010010000000011
00000011000000010000000100010011
00000000000000001000000001100111
11111110000000010000000100010011
00000000000100010010111000100011
00000000100000010010110000100011
00000010000000010000010000010011
11111110101001000010011000100011
11111110101101000010010000100011
11111110110001000010011110000011
00000000000001111010011100000011
11111110100001000000011110010011
00000000111100000000011000110011
01000000000001000111011110110111
00000000000001111000011110010011
10110000010001111000010110010011
00000000111000000000010100110011
00000000000000000000000000010011
00000000101000000000011110110011
00000010000001111101100001100011
00000000000000000000000000010011
00000000101000000000011110110011
00000000000001111010011100000011
00010000000000010000011110110111
00001000110001111000011010010011
00000000111000000000011000110011
11111111110000000000010110010011
11111110110001000010010100000011
00000000000000000000000000010011
00000000101000000000011110110011
00000000100000000000000001101111
00000000000000000000011110010011
00000000111100000000010100110011
00000001110000010010000010000011
00000001100000010010010000000011
00000010000000010000000100010011
00000000000000001000000001100111
11111110000000010000000100010011
00000000000100010010111000100011
00000000100000010010110000100011
00000010000000010000010000010011
11111110101001000010011000100011
00000000101100000000011110110011
11111110111101000000010110100011
11111110110001000010011110000011
00000000000001111010011100000011
11111110101101000000011110010011
00000000111100000000011000110011
01000000000000010111011110110111
00000000000001111000011110010011
10110000001101111000010110010011
00000000111000000000010100110011
00000000000000000000000000010011
00000000101000000000011110110011
00000010000001111101100001100011
00000000000000000000000000010011
00000000101000000000011110110011
00000000000001111010011100000011
00010000000000010000011110110111
00001010010001111000011010010011
00000000111000000000011000110011
11111111110000000000010110010011
11111110110001000010010100000011
00000000000000000000000000010011
00000000101000000000011110110011
00000000100000000000000001101111
00000000000000000000011110010011
00000000111100000000010100110011
00000001110000010010000010000011
00000001100000010010010000000011
00000010000000010000000100010011
00000000000000001000000001100111
11111001000000010000000100010011
00000110000100010010011000100011
00000110100000010010010000100011
00000111000000010000010000010011
11111010101001000010011000100011
11111010101101000010010000100011
11111010110001000010001000100011
11111110110001000000011110010011
00000000111100000000010110110011
11111010110001000010010100000011
00000000000000000000000000010011
00000000101000000000011110110011
00000000000001111101100001100011
00000011111100000000011110010011
11111110111101000001010000100011
00000010010000000000000001101111
11111110110001000010011110000011
11111110100001000000011100010011
00000000111100000000011010110011
00010000000000010000011110110111
00011000110001111000011000010011
00000000001000000000010110010011
00000000111000000000010100110011
00000000000000000000000000010011
11111110010001000000011110010011
00000000111100000000010110110011
11111010110001000010010100000011
00000000000000000000000000010011
00000000101000000000011110110011
00000010000001111101000001100011
11111101010001000000011100010011
00000001000000000000011000010011
00010000000000010000011110110111
00011001000001111000010110010011
00000000111000000000010100110011
00000000000000000000000000010011
00000010010000000000000001101111
11111110010001000010011110000011
11111101010001000000011100010011
00000000111100000000011010110011
00010000000000010000011110110111
00011001010001111000011000010011
00000001000000000000010110010011
00000000111000000000010100110011
00000000000000000000000000010011
11111100110001000000011110010011
00000000111100000000010110110011
11111010110001000010010100000011
00000000000000000000000000010011
00000000101000000000011110110011
00000010000001111101000001100011
11111011110001000000011100010011
00000001000000000000011000010011
00010000000000010000011110110111
00011001000001111000010110010011
00000000111000000000010100110011
00000000000000000000000000010011
00000011100000000000000001101111
11111100110001000010011100000011
00000000000100000000011110010011
00000000111101110001100001100011
00010000000000010000011110110111
00011001100001111000011110010011
00000000110000000000000001101111
00010000000000010000011110110111
00011010010001111000011110010011
11111011110001000000011100010011
00000001000000000000011000010011
00000000111100000000010110110011
00000000111000000000010100110011
00000000000000000000000000010011
11111101001101000000011110010011
00000000111100000000010110110011
11111010110001000010010100000011
00000000000000000000000000010011
00000000101000000000011110110011
00000000000001111101100001100011
00000011111100000000011110010011
11111100111101000001100000100011
00000010010000000000000001101111
11111101001101000100011110000011
11111101000001000000011100010011
00000000111100000000011010110011
00010000000000010000011110110111
00011001010001111000011000010011
00000000001000000000010110010011
00000000111000000000010100110011
00000000000000000000000000010011
11111011101101000000011110010011
00000000111100000000010110110011
11111010110001000010010100000011
00000000000000000000000000010011
00000000101000000000011110110011
00000010000001111101000001100011
11111011010001000000011100010011
00000000010000000000011000010011
00010000000000010000011110110111
00011001000001111000010110010011
00000000111000000000010100110011
00000000000000000000000000010011
00000010010000000000000001101111
11111011101101000100011110000011
11111011010001000000011100010011
00000000111100000000011010110011
00010000000000010000011110110111
00011011000001111000011000010011
00000000010000000000010110010011
00000000111000000000010100110011
00000000000000000000000000010011
11111010110001000010011110000011
00000000000001111010011010000011
11111101000001000000010100010011
11111011110001000000010110010011
11111101010001000000011000010011
11111110100001000000011100010011
11111011010001000000011110010011
00000000111100010010000000100011
00000000101000000000100010110011
00000000101100000000100000110011
00000000110000000000011110110011
00010000000000010000011000110111
00011011100001100000011000010011
11111010010001000010010110000011
11111010100001000010010100000011
00000000000000000000000000010011
00000000101000000000011110110011
00000000111100000000010100110011
00000110110000010010000010000011
00000110100000010010010000000011
00000111000000010000000100010011
00000000000000001000000001100111
11111110000000010000000100010011
00000000100000010010111000100011
00000010000000010000010000010011
11111110101001000010011000100011
11111110110001000010011110000011
00000000100001111000011110010011
00000000111100000000010100110011
00000001110000010010010000000011
00000010000000010000000100010011
00000000000000001000000001100111
11111110000000010000000100010011
00000000100000010010111000100011
00000010000000010000010000010011
11111110101001000010011000100011
11111110110001000010011110000011
00000000010001111010011110000011
00000000111100000000010100110011
00000001110000010010010000000011
00000010000000010000000100010011
00000000000000001000000001100111
11111110000000010000000100010011
00000000100000010010111000100011
00000010000000010000010000010011
11111110101001000010011000100011
11111110110001000010011110000011
00000000000001111010011110000011
00000000111100000000010100110011
00000001110000010010010000000011
00000010000000010000000100010011
00000000000000001000000001100111
