11111110000000010000000100010011
00000000100000010010111000100011
00000010000000010000010000010011
11111110101001000010011000100011
11111110101101000010010000100011
11111110110001000010011110000011
00000000010001111000011110010011
11111110100001000010011100000011
01000000111101110000011110110011
00000000000101111011011110010011
00001111111101111111011110010011
00000000111100000000010100110011
00000001110000010010010000000011
00000010000000010000000100010011
00000000000000001000000001100111
11111110000000010000000100010011
00000000000100010010111000100011
00000000100000010010110000100011
00000010000000010000010000010011
11111110101001000010011000100011
11111110110001000010011110000011
00000000010001111000011110010011
00000001000000000000011000010011
00000000000000000000010110010011
00000000111100000000010100110011
00000000000000000000000000010011
11111110110001000010011110000011
00000000010001111010011110000011
11111111111001111111011100010011
11111110110001000010011110000011
00000000111001111010001000100011
11111110110001000010011110000011
00000000010001111000011100010011
11111110110001000010011110000011
00000000111001111010000000100011
00000000000000000000000000010011
00000001110000010010000010000011
00000001100000010010010000000011
00000010000000010000000100010011
00000000000000001000000001100111
11111110000000010000000100010011
00000000000100010010111000100011
00000000100000010010110000100011
00000010000000010000010000010011
11111110101001000010011000100011
11111110101101000010010000100011
00000001000000000000000001101111
11111110100001000010011110000011
00000000010001111010011110000011
11111110111101000010010000100011
11111110100001000010011110000011
00000000010001111010011110000011
00000000111100000000010110110011
11111110110001000010010100000011
00000000000000000000000000010011
00000000101000000000011110110011
11111100000001111000111011100011
11111110100001000010011110000011
00000000111100000000010100110011
00000001110000010010000010000011
00000001100000010010010000000011
00000010000000010000000100010011
00000000000000001000000001100111
11111110000000010000000100010011
00000000000100010010111000100011
00000000100000010010110000100011
00000010000000010000010000010011
11111110101001000010011000100011
11111110101101000010010000100011
00000001000000000000000001101111
11111110100001000010011110000011
00000000100001111010011110000011
11111110111101000010010000100011
11111110100001000010011110000011
00000000100001111010011110000011
00000000111100000000010110110011
11111110110001000010010100000011
00000000000000000000000000010011
00000000101000000000011110110011
11111100000001111000111011100011
11111110100001000010011110000011
00000000111100000000010100110011
00000001110000010010000010000011
00000001100000010010010000000011
00000010000000010000000100010011
00000000000000001000000001100111
11111101000000010000000100010011
00000010000100010010011000100011
00000010100000010010010000100011
00000011000000010000010000010011
11111100101001000010111000100011
11111100101101000010110000100011
11111101100001000010011110000011
00000000010001111010011110000011
00000000111100000000010110110011
11111101110001000010010100000011
00000000000000000000000000010011
00000000101000000000011110110011
00000010000001111001000001100011
11111101100001000010011110000011
00000000010001111010011110000011
00000000111100000000010110110011
11111101110001000010010100000011
00000000000000000000000000010011
00000000101000000000011110110011
00000101100000000000000001101111
11111101100001000010011110000011
00000000000001111010011110000011
11111111111001111111011110010011
11111110111101000010011000100011
00000001110000000000000001101111
11111110110001000010011110000011
11111100111101000010110000100011
11111110110001000010011110000011
00000000000001111010011110000011
11111111111001111111011110010011
11111110111101000010011000100011
11111110110001000010010110000011
11111101110001000010010100000011
00000000000000000000000000010011
00000000101000000000011110110011
00000000000001111001101001100011
11111110110001000010011110000011
00000000010001111010011110000011
11111101100001000010011100000011
11111100111101110000010011100011
11111110110001000010011110000011
00000000111100000000010100110011
00000010110000010010000010000011
00000010100000010010010000000011
00000011000000010000000100010011
00000000000000001000000001100111
11111101000000010000000100010011
00000010000100010010011000100011
00000010100000010010010000100011
00000011000000010000010000010011
11111100101001000010111000100011
11111100101101000010110000100011
11111101100001000010011110000011
00000000100001111010011110000011
00000000111100000000010110110011
11111101110001000010010100000011
00000000000000000000000000010011
00000000101000000000011110110011
00000010000001111001000001100011
11111101100001000010011110000011
00000000100001111010011110000011
00000000111100000000010110110011
11111101110001000010010100000011
00000000000000000000000000010011
00000000101000000000011110110011
00000101100000000000000001101111
11111101100001000010011110000011
00000000000001111010011110000011
11111111111001111111011110010011
11111110111101000010011000100011
00000001110000000000000001101111
11111110110001000010011110000011
11111100111101000010110000100011
11111110110001000010011110000011
00000000000001111010011110000011
11111111111001111111011110010011
11111110111101000010011000100011
11111110110001000010010110000011
11111101110001000010010100000011
00000000000000000000000000010011
00000000101000000000011110110011
00000000000001111001101001100011
11111110110001000010011110000011
00000000100001111010011110000011
11111101100001000010011100000011
11111100111101110000010011100011
11111110110001000010011110000011
00000000111100000000010100110011
00000010110000010010000010000011
00000010100000010010010000000011
00000011000000010000000100010011
00000000000000001000000001100111
11111101000000010000000100010011
00000010000100010010011000100011
00000010100000010010010000100011
00000011000000010000010000010011
11111100101001000010111000100011
11111100101101000010110000100011
11111101100001000010011110000011
00000000100001111010011110000011
00000000111100000000010110110011
11111101110001000010010100000011
00000000000000000000000000010011
00000000101000000000011110110011
00010010000001111001101001100011
11111101100001000010011110000011
00000000100001111010011110000011
11111110111101000010011000100011
11111110110001000010011110000011
00000000010001111010011100000011
11111101100001000010011110000011
00000000111001111010010000100011
11111110110001000010011110000011
00000000010001111010011110000011
00000000111100000000010110110011
11111101110001000010010100000011
00000000000000000000000000010011
00000000101000000000011110110011
00000010000001111001011001100011
11111101100001000010011110000011
11111111111001111111011010010011
11111110110001000010011110000011
00000000010001111010011110000011
00000000000001111010011110000011
00000000000101111111011100010011
11111110110001000010011110000011
00000000010001111010011110000011
00000000111001101110011100110011
00000000111001111010000000100011
11111101100001000010011110000011
00000000000001111010011110000011
11111111111001111111011100010011
11111110110001000010011110000011
00000000000001111010011110000011
00000000000101111111011110010011
00000000111101110110011100110011
11111110110001000010011110000011
00000000111001111010000000100011
11111101100001000010011110000011
00000000000001111010011110000011
11111111111001111111011110010011
00000000111100000000010110110011
11111101110001000010010100000011
00000000000000000000000000010011
00000000101000000000011110110011
00000000000001111000101001100011
11111101110001000010011110000011
11111110110001000010011100000011
00000000111001111010000000100011
00000101000000000000000001101111
11111101100001000010011110000011
00000000000001111010011110000011
11111111111001111111011110010011
00000000010001111010011110000011
11111101100001000010011100000011
00000010111101110001000001100011
11111101100001000010011110000011
00000000000001111010011110000011
11111111111001111111011110010011
00000000111100000000011100110011
11111110110001000010011110000011
00000000111101110010001000100011
00000001110000000000000001101111
11111101100001000010011110000011
00000000000001111010011110000011
11111111111001111111011110010011
00000000111100000000011100110011
11111110110001000010011110000011
00000000111101110010010000100011
11111110110001000010011110000011
11111101100001000010011100000011
00000000111001111010001000100011
11111110110001000010011110000011
11111111111001111111011100010011
11111101100001000010011110000011
00000000000001111010011110000011
00000000000101111111011110010011
00000000111101110110011100110011
11111101100001000010011110000011
00000000111001111010000000100011
00000000100000000000000001101111
00000000000000000000000000010011
00000010110000010010000010000011
00000010100000010010010000000011
00000011000000010000000100010011
00000000000000001000000001100111
11111101000000010000000100010011
00000010000100010010011000100011
00000010100000010010010000100011
00000011000000010000010000010011
11111100101001000010111000100011
11111100101101000010110000100011
11111101100001000010011110000011
00000000010001111010011110000011
00000000111100000000010110110011
11111101110001000010010100000011
00000000000000000000000000010011
00000000101000000000011110110011
00010010000001111001101001100011
11111101100001000010011110000011
00000000010001111010011110000011
11111110111101000010011000100011
11111110110001000010011110000011
00000000100001111010011100000011
11111101100001000010011110000011
00000000111001111010001000100011
11111110110001000010011110000011
00000000100001111010011110000011
00000000111100000000010110110011
11111101110001000010010100000011
00000000000000000000000000010011
00000000101000000000011110110011
00000010000001111001011001100011
11111101100001000010011110000011
11111111111001111111011010010011
11111110110001000010011110000011
00000000100001111010011110000011
00000000000001111010011110000011
00000000000101111111011100010011
11111110110001000010011110000011
00000000100001111010011110000011
00000000111001101110011100110011
00000000111001111010000000100011
11111101100001000010011110000011
00000000000001111010011110000011
11111111111001111111011100010011
11111110110001000010011110000011
00000000000001111010011110000011
00000000000101111111011110010011
00000000111101110110011100110011
11111110110001000010011110000011
00000000111001111010000000100011
11111101100001000010011110000011
00000000000001111010011110000011
11111111111001111111011110010011
00000000111100000000010110110011
11111101110001000010010100000011
00000000000000000000000000010011
00000000101000000000011110110011
00000000000001111000101001100011
11111101110001000010011110000011
11111110110001000010011100000011
00000000111001111010000000100011
00000101000000000000000001101111
11111101100001000010011110000011
00000000000001111010011110000011
11111111111001111111011110010011
00000000010001111010011110000011
11111101100001000010011100000011
00000010111101110001000001100011
11111101100001000010011110000011
00000000000001111010011110000011
11111111111001111111011110010011
00000000111100000000011100110011
11111110110001000010011110000011
00000000111101110010001000100011
00000001110000000000000001101111
11111101100001000010011110000011
00000000000001111010011110000011
11111111111001111111011110010011
00000000111100000000011100110011
11111110110001000010011110000011
00000000111101110010010000100011
11111110110001000010011110000011
11111101100001000010011100000011
00000000111001111010010000100011
11111110110001000010011110000011
11111111111001111111011100010011
11111101100001000010011110000011
00000000000001111010011110000011
00000000000101111111011110010011
00000000111101110110011100110011
11111101100001000010011110000011
00000000111001111010000000100011
00000000100000000000000001101111
00000000000000000000000000010011
00000010110000010010000010000011
00000010100000010010010000000011
00000011000000010000000100010011
00000000000000001000000001100111
11111101000000010000000100010011
00000010000100010010011000100011
00000010100000010010010000100011
00000011000000010000010000010011
11111100101001000010111000100011
11111100101101000010110000100011
00101111010000000000000001101111
11111101100001000010011110000011
00000000000001111010011110000011
11111111111001111111011110010011
00000000111100000000011100110011
11111101100001000010011110000011
00000000000001111010011110000011
11111111111001111111011110010011
00000000000001111010011110000011
11111111111001111111011110010011
00000000010001111010011110000011
00010110111101110001010001100011
11111101100001000010011110000011
00000000000001111010011110000011
11111111111001111111011110010011
00000000000001111010011110000011
11111111111001111111011110010011
00000000100001111010011110000011
11111110111101000010011000100011
11111110110001000010011110000011
00000000000001111010011110000011
00000000000101111111011110010011
00001000000001111000011001100011
11111101100001000010011110000011
00000000000001111010011110000011
11111111111001111111011110010011
00000000000001111010011110000011
11111101100001000010011100000011
00000000000001110010011100000011
11111111111001110111011100010011
11111111111001111111011110010011
00000000111101110010000000100011
11111110110001000010011110000011
00000000000001111010011110000011
11111111111001111111011100010011
11111110110001000010011110000011
00000000111001111010000000100011
11111101100001000010011110000011
00000000000001111010011110000011
11111111111001111111011110010011
00000000000001111010011110000011
11111111111001111111011110010011
00000000000001111010011110000011
11111101100001000010011100000011
00000000000001110010011100000011
11111111111001110111011100010011
00000000000001110010011100000011
11111111111001110111011100010011
00000000000101111110011110010011
00000000111101110010000000100011
11111101100001000010011110000011
00000000000001111010011110000011
11111111111001111111011110010011
00000000000001111010011110000011
11111111111001111111011110010011
11111100111101000010110000100011
00100001010000000000000001101111
11111101100001000010011110000011
00000000000001111010011110000011
11111111111001111111011110010011
00000000100001111010011110000011
11111101100001000010011100000011
00000010111101110001000001100011
11111101100001000010011110000011
00000000000001111010011110000011
11111111111001111111011110010011
11111100111101000010110000100011
11111101100001000010010110000011
11111101110001000010010100000011
00000000000000000000000000010011
11111101100001000010011110000011
00000000000001111010011110000011
11111111111001111111011110010011
00000000000001111010011110000011
11111101100001000010011100000011
00000000000001110010011100000011
11111111111001110111011100010011
11111111111001111111011110010011
00000000111101110010000000100011
11111101100001000010011110000011
00000000000001111010011110000011
11111111111001111111011110010011
00000000000001111010011110000011
11111111111001111111011110010011
00000000000001111010011110000011
11111101100001000010011100000011
00000000000001110010011100000011
11111111111001110111011100010011
00000000000001110010011100000011
11111111111001110111011100010011
00000000000101111110011110010011
00000000111101110010000000100011
11111101100001000010011110000011
00000000000001111010011110000011
11111111111001111111011110010011
00000000000001111010011110000011
11111111111001111111011110010011
00000000111100000000010110110011
11111101110001000010010100000011
00000000000000000000000000010011
00010110010000000000000001101111
11111101100001000010011110000011
00000000000001111010011110000011
11111111111001111111011110010011
00000000000001111010011110000011
11111111111001111111011110010011
00000000010001111010011110000011
11111110111101000010011000100011
11111110110001000010011110000011
00000000000001111010011110000011
00000000000101111111011110010011
00001000000001111000011001100011
11111101100001000010011110000011
00000000000001111010011110000011
11111111111001111111011110010011
00000000000001111010011110000011
11111101100001000010011100000011
00000000000001110010011100000011
11111111111001110111011100010011
11111111111001111111011110010011
00000000111101110010000000100011
11111110110001000010011110000011
00000000000001111010011110000011
11111111111001111111011100010011
11111110110001000010011110000011
00000000111001111010000000100011
11111101100001000010011110000011
00000000000001111010011110000011
11111111111001111111011110010011
00000000000001111010011110000011
11111111111001111111011110010011
00000000000001111010011110000011
11111101100001000010011100000011
00000000000001110010011100000011
11111111111001110111011100010011
00000000000001110010011100000011
11111111111001110111011100010011
00000000000101111110011110010011
00000000111101110010000000100011
11111101100001000010011110000011
00000000000001111010011110000011
11111111111001111111011110010011
00000000000001111010011110000011
11111111111001111111011110010011
11111100111101000010110000100011
00001011000000000000000001101111
11111101100001000010011110000011
00000000000001111010011110000011
11111111111001111111011110010011
00000000010001111010011110000011
11111101100001000010011100000011
00000010111101110001000001100011
11111101100001000010011110000011
00000000000001111010011110000011
11111111111001111111011110010011
11111100111101000010110000100011
11111101100001000010010110000011
11111101110001000010010100000011
00000000000000000000000000010011
11111101100001000010011110000011
00000000000001111010011110000011
11111111111001111111011110010011
00000000000001111010011110000011
11111101100001000010011100000011
00000000000001110010011100000011
11111111111001110111011100010011
11111111111001111111011110010011
00000000111101110010000000100011
11111101100001000010011110000011
00000000000001111010011110000011
11111111111001111111011110010011
00000000000001111010011110000011
11111111111001111111011110010011
00000000000001111010011110000011
11111101100001000010011100000011
00000000000001110010011100000011
11111111111001110111011100010011
00000000000001110010011100000011
11111111111001110111011100010011
00000000000101111110011110010011
00000000111101110010000000100011
11111101100001000010011110000011
00000000000001111010011110000011
11111111111001111111011110010011
00000000000001111010011110000011
11111111111001111111011110010011
00000000111100000000010110110011
11111101110001000010010100000011
00000000000000000000000000010011
11111101100001000010011110000011
00000000000001111010011110000011
11111111111001111111011110010011
00000000000001111010011110000011
00000000000101111111011110010011
11001110000001111001111011100011
11111101110001000010011110000011
00000000000001111010011110000011
00000000000001111010011100000011
11111101110001000010011110000011
00000000000001111010011110000011
11111111111001110111011100010011
00000000111001111010000000100011
00000000000000000000000000010011
00000010110000010010000010000011
00000010100000010010010000000011
00000011000000010000000100010011
00000000000000001000000001100111
11111101000000010000000100010011
00000010000100010010011000100011
00000010100000010010010000100011
00000011000000010000010000010011
11111100101001000010111000100011
11111100101101000010110000100011
11111101110001000010011110000011
00000000010001111000011110010011
11111110111101000010011000100011
11111101110001000010011110000011
00000000000001111010011110000011
11111110111101000010010000100011
00000011100000000000000001101111
11111110100001000010011110000011
11111110111101000010011000100011
11111101100001000010011110000011
00000000110001111010011100000011
11111110100001000010011110000011
00000000110001111010011110000011
00000000111101110111100001100011
11111110100001000010011110000011
00000000010001111010011110000011
00000000110000000000000001101111
11111110100001000010011110000011
00000000100001111010011110000011
11111110111101000010010000100011
11111110100001000010010110000011
11111101110001000010010100000011
00000000000000000000000000010011
00000000101000000000011110110011
11111010000001111000111011100011
11111110110001000010010110000011
11111101110001000010010100000011
00000000000000000000000000010011
00000000101000000000011110110011
00000100000001111001110001100011
11111110110001000010011110000011
11111111111001111111011100010011
11111101100001000010011110000011
00000000000001111010011110000011
00000000000101111111011110010011
00000000111101110110011100110011
11111101100001000010011110000011
00000000111001111010000000100011
11111101100001000010011110000011
00000000110001111010011100000011
11111110110001000010011110000011
00000000110001111010011110000011
00000000111101110111101001100011
11111110110001000010011110000011
11111101100001000010011100000011
00000000111001111010001000100011
00000100010000000000000001101111
11111110110001000010011110000011
11111101100001000010011100000011
00000000111001111010010000100011
00000011010000000000000001101111
11111101110001000010011110000011
00000000010001111000011110010011
11111111111001111111011100010011
11111101100001000010011110000011
00000000000001111010011110000011
00000000000101111111011110010011
00000000111101110110011100110011
11111101100001000010011110000011
00000000111001111010000000100011
11111101110001000010011110000011
11111101100001000010011100000011
00000000111001111010000000100011
11111101100001000010011110000011
00000000000001111010011110000011
00000000000101111110011100010011
11111101100001000010011110000011
00000000111001111010000000100011
11111101110001000010011110000011
00000000010001111000011100010011
11111101100001000010011110000011
00000000111001111010001000100011
11111101110001000010011110000011
00000000010001111000011100010011
11111101100001000010011110000011
00000000111001111010010000100011
11111101100001000010010110000011
11111101110001000010010100000011
00000000000000000000000000010011
00000000000000000000000000010011
00000010110000010010000010000011
00000010100000010010010000000011
00000011000000010000000100010011
00000000000000001000000001100111
11111101000000010000000100010011
00000010000100010010011000100011
00000010100000010010010000100011
00000011000000010000010000010011
11111100101001000010111000100011
11111100101101000010110000100011
00111011100000000000000001101111
11111101100001000010011110000011
00000000000001111010011110000011
11111111111001111111011110010011
00000000010001111010011110000011
11111101100001000010011100000011
00011100111101110001101001100011
11111101100001000010011110000011
00000000000001111010011110000011
11111111111001111111011110010011
00000000100001111010011110000011
11111110111101000010011000100011
11111110110001000010011110000011
00000000000001111010011110000011
00000000000101111111011110010011
00000110000001111000010001100011
11111110110001000010011110000011
00000000000001111010011110000011
11111111111001111111011100010011
11111110110001000010011110000011
00000000111001111010000000100011
11111101100001000010011110000011
00000000000001111010011110000011
11111111111001111111011110010011
00000000000001111010011110000011
11111101100001000010011100000011
00000000000001110010011100000011
11111111111001110111011100010011
00000000000101111110011110010011
00000000111101110010000000100011
11111101100001000010011110000011
00000000000001111010011110000011
11111111111001111111011110010011
00000000111100000000010110110011
11111101110001000010010100000011
00000000000000000000000000010011
11111101100001000010011110000011
00000000000001111010011110000011
11111111111001111111011110010011
00000000100001111010011110000011
11111110111101000010011000100011
11111110110001000010011110000011
00000000010001111010011110000011
00000000000001111010011110000011
00000000000101111111011110010011
00000100000001111001000001100011
11111110110001000010011110000011
00000000100001111010011110000011
00000000000001111010011110000011
00000000000101111111011110010011
00000010000001111001011001100011
11111110110001000010011110000011
00000000000001111010011110000011
00000000000101111110011100010011
11111110110001000010011110000011
00000000111001111010000000100011
11111101100001000010011110000011
00000000000001111010011110000011
11111111111001111111011110010011
11111100111101000010110000100011
00101100100000000000000001101111
11111110110001000010011110000011
00000000100001111010011110000011
00000000000001111010011110000011
00000000000101111111011110010011
00000100000001111001101001100011
11111110110001000010011110000011
00000000010001111010011110000011
00000000000001111010011100000011
11111110110001000010011110000011
00000000010001111010011110000011
11111111111001110111011100010011
00000000111001111010000000100011
11111110110001000010011110000011
00000000000001111010011110000011
00000000000101111110011100010011
11111110110001000010011110000011
00000000111001111010000000100011
11111110110001000010010110000011
11111101110001000010010100000011
00000000000000000000000000010011
11111101100001000010011110000011
00000000000001111010011110000011
11111111111001111111011110010011
00000000100001111010011110000011
11111110111101000010011000100011
11111110110001000010011110000011
00000000000001111010011110000011
11111111111001111111011100010011
11111101100001000010011110000011
00000000000001111010011110000011
11111111111001111111011110010011
00000000000001111010011110000011
00000000000101111111011110010011
00000000111101110110011100110011
11111110110001000010011110000011
00000000111001111010000000100011
11111101100001000010011110000011
00000000000001111010011110000011
11111111111001111111011110010011
00000000000001111010011110000011
11111101100001000010011100000011
00000000000001110010011100000011
11111111111001110111011100010011
11111111111001111111011110010011
00000000111101110010000000100011
11111110110001000010011110000011
00000000100001111010011110000011
00000000000001111010011100000011
11111110110001000010011110000011
00000000100001111010011110000011
11111111111001110111011100010011
00000000111001111010000000100011
11111101100001000010011110000011
00000000000001111010011110000011
11111111111001111111011110010011
00000000111100000000010110110011
11111101110001000010010100000011
00000000000000000000000000010011
11111101110001000010011110000011
00000000000001111010011110000011
11111100111101000010110000100011
00011101000000000000000001101111
11111101100001000010011110000011
00000000000001111010011110000011
11111111111001111111011110010011
00000000010001111010011110000011
11111110111101000010011000100011
11111110110001000010011110000011
00000000000001111010011110000011
00000000000101111111011110010011
00000110000001111000010001100011
11111110110001000010011110000011
00000000000001111010011110000011
11111111111001111111011100010011
11111110110001000010011110000011
00000000111001111010000000100011
11111101100001000010011110000011
00000000000001111010011110000011
11111111111001111111011110010011
00000000000001111010011110000011
11111101100001000010011100000011
00000000000001110010011100000011
11111111111001110111011100010011
00000000000101111110011110010011
00000000111101110010000000100011
11111101100001000010011110000011
00000000000001111010011110000011
11111111111001111111011110010011
00000000111100000000010110110011
11111101110001000010010100000011
00000000000000000000000000010011
11111101100001000010011110000011
00000000000001111010011110000011
11111111111001111111011110010011
00000000010001111010011110000011
11111110111101000010011000100011
11111110110001000010011110000011
00000000010001111010011110000011
00000000000001111010011110000011
00000000000101111111011110010011
00000100000001111001000001100011
11111110110001000010011110000011
00000000100001111010011110000011
00000000000001111010011110000011
00000000000101111111011110010011
00000010000001111001011001100011
11111110110001000010011110000011
00000000000001111010011110000011
00000000000101111110011100010011
11111110110001000010011110000011
00000000111001111010000000100011
11111101100001000010011110000011
00000000000001111010011110000011
11111111111001111111011110010011
11111100111101000010110000100011
00001111100000000000000001101111
11111110110001000010011110000011
00000000010001111010011110000011
00000000000001111010011110000011
00000000000101111111011110010011
00000100000001111001101001100011
11111110110001000010011110000011
00000000100001111010011110000011
00000000000001111010011100000011
11111110110001000010011110000011
00000000100001111010011110000011
11111111111001110111011100010011
00000000111001111010000000100011
11111110110001000010011110000011
00000000000001111010011110000011
00000000000101111110011100010011
11111110110001000010011110000011
00000000111001111010000000100011
11111110110001000010010110000011
11111101110001000010010100000011
00000000000000000000000000010011
11111101100001000010011110000011
00000000000001111010011110000011
11111111111001111111011110010011
00000000010001111010011110000011
11111110111101000010011000100011
11111110110001000010011110000011
00000000000001111010011110000011
11111111111001111111011100010011
11111101100001000010011110000011
00000000000001111010011110000011
11111111111001111111011110010011
00000000000001111010011110000011
00000000000101111111011110010011
00000000111101110110011100110011
11111110110001000010011110000011
00000000111001111010000000100011
11111101100001000010011110000011
00000000000001111010011110000011
11111111111001111111011110010011
00000000000001111010011110000011
11111101100001000010011100000011
00000000000001110010011100000011
11111111111001110111011100010011
11111111111001111111011110010011
00000000111101110010000000100011
11111110110001000010011110000011
00000000010001111010011110000011
00000000000001111010011100000011
11111110110001000010011110000011
00000000010001111010011110000011
11111111111001110111011100010011
00000000111001111010000000100011
11111101100001000010011110000011
00000000000001111010011110000011
11111111111001111111011110010011
00000000111100000000010110110011
11111101110001000010010100000011
00000000000000000000000000010011
11111101110001000010011110000011
00000000000001111010011110000011
11111100111101000010110000100011
11111101110001000010011110000011
00000000000001111010011110000011
11111101100001000010011100000011
00000000111101110000101001100011
11111101100001000010011110000011
00000000000001111010011110000011
00000000000101111111011110010011
11000010000001111000100011100011
11111101100001000010011110000011
00000000000001111010011110000011
11111111111001111111011100010011
11111101100001000010011110000011
00000000111001111010000000100011
00000000000000000000000000010011
00000010110000010010000010000011
00000010100000010010010000000011
00000011000000010000000100010011
00000000000000001000000001100111
11111101000000010000000100010011
00000010000100010010011000100011
00000010100000010010010000100011
00000011000000010000010000010011
11111100101001000010111000100011
11111100101101000010110000100011
11111110000001000010001000100011
11111101100001000010011110000011
00000000010001111010011100000011
11111101110001000010011110000011
00000000010001111000011110010011
00000000111101110000110001100011
11111101100001000010011110000011
00000000100001111010011100000011
11111101110001000010011110000011
00000000010001111000011110010011
00000000111101110001100001100011
11111101100001000010011110000011
11111110111101000010011000100011
00000001010000000000000001101111
11111101100001000010010110000011
11111101110001000010010100000011
00000000000000000000000000010011
11111110101001000010011000100011
11111110110001000010011110000011
00000000010001111010011100000011
11111101110001000010011110000011
00000000010001111000011110010011
00000000111101110000101001100011
11111110110001000010011110000011
00000000010001111010011110000011
11111110111101000010010000100011
00000001000000000000000001101111
11111110110001000010011110000011
00000000100001111010011110000011
11111110111101000010010000100011
11111110110001000010011110000011
00000000000001111010011110000011
11111111111001111111011100010011
11111110100001000010011110000011
00000000000001111010011110000011
00000000000101111111011110010011
00000000111101110110011100110011
11111110100001000010011110000011
00000000111001111010000000100011
11111110110001000010011110000011
00000000000001111010011110000011
11111111111001111111011110010011
00000000111100000000011100110011
11111101110001000010011110000011
00000000010001111000011110010011
00000000111101110001101001100011
11111101110001000010011110000011
11111110100001000010011100000011
00000000111001111010000000100011
00000101000000000000000001101111
11111110110001000010011110000011
00000000000001111010011110000011
11111111111001111111011110010011
00000000010001111010011110000011
11111110110001000010011100000011
00000010111101110001000001100011
11111110110001000010011110000011
00000000000001111010011110000011
11111111111001111111011110010011
00000000111100000000011100110011
11111110100001000010011110000011
00000000111101110010001000100011
00000001110000000000000001101111
11111110110001000010011110000011
00000000000001111010011110000011
11111111111001111111011110010011
00000000111100000000011100110011
11111110100001000010011110000011
00000000111101110010010000100011
11111110110001000010011110000011
00000000000001111010011110000011
00000000000101111111011110010011
00000000000101111011011110010011
00001111111101111111011110010011
11111110111101000010001000100011
11111110110001000010011100000011
11111101100001000010011110000011
00010010111101110000101001100011
11111101100001000010011110000011
00000000000001111010011110000011
11111111111001111111011100010011
11111110110001000010011110000011
00000000000001111010011110000011
00000000000101111111011110010011
00000000111101110110011100110011
11111110110001000010011110000011
00000000111001111010000000100011
11111101100001000010011110000011
00000000000001111010011110000011
11111111111001111111011110010011
00000000111100000000011100110011
11111101110001000010011110000011
00000000010001111000011110010011
00000000111101110001101001100011
11111101110001000010011110000011
11111110110001000010011100000011
00000000111001111010000000100011
00000101000000000000000001101111
11111101100001000010011110000011
00000000000001111010011110000011
11111111111001111111011110010011
00000000010001111010011110000011
11111101100001000010011100000011
00000010111101110001000001100011
11111101100001000010011110000011
00000000000001111010011110000011
11111111111001111111011110010011
00000000111100000000011100110011
11111110110001000010011110000011
00000000111101110010001000100011
00000001110000000000000001101111
11111101100001000010011110000011
00000000000001111010011110000011
11111111111001111111011110010011
00000000111100000000011100110011
11111110110001000010011110000011
00000000111101110010010000100011
11111101100001000010011110000011
00000000010001111010011100000011
11111110110001000010011110000011
00000000111001111010001000100011
11111110110001000010011110000011
11111111111001111111011010010011
11111101100001000010011110000011
00000000010001111010011110000011
00000000000001111010011110000011
00000000000101111111011100010011
11111101100001000010011110000011
00000000010001111010011110000011
00000000111001101110011100110011
00000000111001111010000000100011
11111101100001000010011110000011
00000000100001111010011100000011
11111110110001000010011110000011
00000000111001111010010000100011
11111110110001000010011110000011
11111111111001111111011010010011
11111101100001000010011110000011
00000000100001111010011110000011
00000000000001111010011110000011
00000000000101111111011100010011
11111101100001000010011110000011
00000000100001111010011110000011
00000000111001101110011100110011
00000000111001111010000000100011
11111110110001000010011110000011
00000000000001111010011110000011
11111111111001111111011100010011
11111101100001000010011110000011
00000000000001111010011110000011
00000000000101111111011110010011
00000000111101110110011100110011
11111110110001000010011110000011
00000000111001111010000000100011
11111110010001000010011110000011
00000000000001111000100001100011
11111110100001000010010110000011
11111101110001000010010100000011
00000000000000000000000000010011
00000000000000000000000000010011
00000010110000010010000010000011
00000010100000010010010000000011
00000011000000010000000100010011
00000000000000001000000001100111
11111101000000010000000100010011
00000010000100010010011000100011
00000010100000010010010000100011
00000011000000010000010000010011
11111100101001000010111000100011
11111100101101000010110000100011
11111101110001000010011110000011
00000000000001111010011110000011
11111110111101000010011000100011
00000100100000000000000001101111
11111110110001000010011110000011
00000000110001111010011110000011
11111101100001000010011100000011
00000000111101110001011001100011
11111110110001000010011110000011
00000100110000000000000001101111
11111110110001000010011110000011
00000000110001111010011110000011
11111101100001000010011100000011
00000000111101110111101001100011
11111110110001000010011110000011
00000000010001111010011110000011
11111110111101000010011000100011
00000001000000000000000001101111
11111110110001000010011110000011
00000000100001111010011110000011
11111110111101000010011000100011
11111110110001000010010110000011
11111101110001000010010100000011
00000000000000000000000000010011
00000000101000000000011110110011
11111010000001111000011011100011
11111101110001000010011110000011
00000000010001111000011110010011
00000000111100000000010100110011
00000010110000010010000010000011
00000010100000010010010000000011
00000011000000010000000100010011
00000000000000001000000001100111
