11111110000000010000000100010011
00000000000100010010111000100011
00000000100000010010110000100011
00000010000000010000010000010011
11111110101001000010011000100011
11111110101101000010010000100011
11111110110001000010001000100011
11111110100001000010011110000011
00000000011101111111011110010011
00000010000001111000000001100011
11111110010001000010011000000011
11111110100001000010010110000011
00010000000000010000011110110111
00000000000001111000010100010011
00000000000000000000000000010011
11111111111100000000011110010011
00001001100000000000000001101111
11111110110001000010011110000011
00000000000001111010011110000011
00000010111100000101000001100011
11111110010001000010011000000011
11111110100001000010010110000011
00010000000000010000011110110111
00000010100001111000010100010011
00000000000000000000000000010011
11111111111100000000011110010011
00000111000000000000000001101111
11111110110001000010011110000011
00000000000001111010011110000011
00000010000001111001000001100011
11111110010001000010011000000011
11111110100001000010010110000011
00010000000000010000011110110111
00000101000001111000010100010011
00000000000000000000000000010011
11111111111100000000011110010011
00000100100000000000000001101111
11111110110001000010011110000011
00000000000001111010011110000011
01000000111100000000011110110011
00000000011101111111011110010011
00000010000001111000100001100011
11111110110001000010011110000011
00000000000001111010011110000011
01000000111100000000011110110011
00000000111100000000011010110011
11111110010001000010011000000011
11111110100001000010010110000011
00010000000000010000011110110111
00000111000001111000010100010011
00000000000000000000000000010011
11111111111100000000011110010011
00000000100000000000000001101111
00000000000000000000011110010011
00000000111100000000010100110011
00000001110000010010000010000011
00000001100000010010010000000011
00000010000000010000000100010011
00000000000000001000000001100111
11111101000000010000000100010011
00000010000100010010011000100011
00000010100000010010010000100011
00000011000000010000010000010011
11111100101001000010111000100011
11111100101101000010110000100011
11111100110001000010101000100011
11111101110001000010011110000011
00000000010001111000011110010011
11111110111101000010011000100011
11111110110001000010011110000011
00000000000001111101011100000011
11111101010001000010011110000011
00000000000001111101011110000011
00000100111101110000000001100011
11111110110001000010011110000011
00000000000001111100011110000011
00000000111100000000011010110011
11111110110001000010011110000011
00000000000101111000011110010011
00000000000001111100011110000011
00000000111100000000011100110011
11111110110001000010011110000011
11111101010001000010011000000011
11111101100001000010010110000011
00010000000000010000010100110111
00001010000001010000010100010011
00000000000000000000000000010011
11111111111100000000011110010011
00000000100000000000000001101111
00000000000000000000011110010011
00000000111100000000010100110011
00000010110000010010000010000011
00000010100000010010010000000011
00000011000000010000000100010011
00000000000000001000000001100111
11111101000000010000000100010011
00000010000100010010011000100011
00000010100000010010010000100011
00000011000000010000010000010011
11111100101001000010111000100011
11111100101101000010110000100011
11111100110001000010101000100011
11111100110101000010100000100011
11111101000001000010011110000011
00000000101101111000011110010011
11111111100001111111011110010011
11111110111101000010011000100011
11111101110001000010011110000011
00000000000001111010011110000011
01000000111100000000011110110011
00000000111100000000011100110011
11111110110001000010011110000011
00000010111101110111111001100011
11111101110001000010011110000011
00000000000001111010011110000011
00000000111100000000011100110011
11111111110000000000011110010011
01000000111001111000011110110011
11111101000001000010011100000011
00000000111100000000011010110011
11111101010001000010011000000011
11111101100001000010010110000011
00010000000000010000011110110111
00001101100001111000010100010011
00000000000000000000000000010011
11111111111100000000011110010011
00000000100000000000000001101111
00000000000000000000011110010011
00000000111100000000010100110011
00000010110000010010000010000011
00000010100000010010010000000011
00000011000000010000000100010011
00000000000000001000000001100111
11111101000000010000000100010011
00000010000100010010011000100011
00000010100000010010010000100011
00000011000000010000010000010011
11111100101001000010111000100011
11111100101101000010110000100011
11111100110001000010101000100011
11111101110001000010011100000011
11111101100001000010011110000011
00000000111101110000011110110011
11111110111101000010011000100011
11111101010001000010011000000011
11111101100001000010010110000011
11111110110001000010010100000011
00000000000000000000000000010011
00000000101000000000011110110011
00000000111100000000010100110011
00000010110000010010000010000011
00000010100000010010010000000011
00000011000000010000000100010011
00000000000000001000000001100111
11111101000000010000000100010011
00000010000100010010011000100011
00000010100000010010010000100011
00000011000000010000010000010011
11111100101001000010111000100011
11111100101101000010110000100011
11111100110001000010101000100011
11111101110001000010011100000011
11111101100001000010011110000011
00000000111101110000011110110011
11111110111101000010011000100011
11111101010001000010011000000011
11111101100001000010010110000011
11111110110001000010010100000011
00000000000000000000000000010011
00000000101000000000011110110011
00000000000001111000011001100011
11111111111100000000011110010011
00000001100000000000000001101111
11111101010001000010011000000011
11111101100001000010010110000011
11111110110001000010010100000011
00000000000000000000000000010011
00000000101000000000011110110011
00000000111100000000010100110011
00000010110000010010000010000011
00000010100000010010010000000011
00000011000000010000000100010011
00000000000000001000000001100111
11111101000000010000000100010011
00000010000100010010011000100011
00000010100000010010010000100011
00000011000000010000010000010011
11111100101001000010111000100011
11111100101101000010110000100011
11111100110001000010101000100011
11111100110101000010100000100011
11111101110001000010011100000011
11111101100001000010011110000011
00000000111101110000011110110011
11111110111101000010011000100011
11111101010001000010011000000011
11111101100001000010010110000011
11111110110001000010010100000011
00000000000000000000000000010011
00000000101000000000011110110011
00000000000001111000011001100011
11111111111100000000011110010011
00000001110000000000000001101111
11111101000001000010011010000011
11111101010001000010011000000011
11111101100001000010010110000011
11111110110001000010010100000011
00000000000000000000000000010011
00000000101000000000011110110011
00000000111100000000010100110011
00000010110000010010000010000011
00000010100000010010010000000011
00000011000000010000000100010011
00000000000000001000000001100111
11111101000000010000000100010011
00000010000100010010011000100011
00000010100000010010010000100011
00000011000000010000010000010011
11111100101001000010111000100011
11111100101101000010110000100011
11111100110001000010101000100011
11111100110101000010100000100011
11111101110001000010011100000011
11111101100001000010011110000011
00000000111101110000011110110011
11111110111101000010011000100011
11111101010001000010011000000011
11111101100001000010010110000011
11111110110001000010010100000011
00000000000000000000000000010011
00000000101000000000011110110011
00000000000001111000011001100011
11111111111100000000011110010011
00000011110000000000000001101111
11111101010001000010011000000011
11111101100001000010010110000011
11111110110001000010010100000011
00000000000000000000000000010011
00000000101000000000011110110011
00000000000001111000011001100011
11111111111100000000011110010011
00000001110000000000000001101111
11111101000001000010011010000011
11111101010001000010011000000011
11111101100001000010010110000011
11111110110001000010010100000011
00000000000000000000000000010011
00000000101000000000011110110011
00000000111100000000010100110011
00000010110000010010000010000011
00000010100000010010010000000011
00000011000000010000000100010011
00000000000000001000000001100111
