11111101000000010000000100010011
00000010000100010010011000100011
00000010100000010010010000100011
00000010100100010010001000100011
00000011000000010000010000010011
11111110101001000010011000100011
11111110101101000010010000100011
11111110110001000010001000100011
11111110110101000010000000100011
11111100111001000010111000100011
11111100111101000010110000100011
11111110000001000010011100000011
00000000000100000000011110010011
00000010111001111101001001100011
11111101100001000010011100000011
00000000001000000000011110010011
00000000111001111101110001100011
11111110100001000010011110000011
00000100000001111000011001100011
11111110100001000010011100000011
00000001100100000000011110010011
00000100111101110000000001100011
11111101100001000010011110000011
00000000111100000101011001100011
11111101110001000010011110000011
00000000000001111000000000100011
11111101100001000010011100000011
00000000001000000000011110010011
00000000111001111100011001100011
00000010001000000000010010010011
00000000100000000000000001101111
00000001011000000000010010010011
00000000000000000000000000010011
00000000101000000000011110110011
00000000100101111010000000100011
00000000000000000000011110010011
00000110010000000000000001101111
11111110010001000010011110000011
00000000000001111100011110000011
00000011111101111111011110010011
00010000000000010000011100110111
00000000000001110000011100010011
00000000111101110000011110110011
00000000000001111100011100000011
11111101110001000010011110000011
00000000111001111000000000100011
11111110010001000010011110000011
00000000000101111000011110010011
00000000000001111100011110000011
00000011111101111111011100010011
11111101110001000010011110000011
00000000000101111000011110010011
00010000000000010000011010110111
00000000000001101000011010010011
00000000111001101000011100110011
00000000000001110100011100000011
00000000111001111000000000100011
11111101110001000010011110000011
00000000001001111000011110010011
00000000000001111000000000100011
11111101110001000010011110000011
00000000111100000000010100110011
00000010110000010010000010000011
00000010100000010010010000000011
00000010010000010010010010000011
00000011000000010000000100010011
00000000000000001000000001100111
11111100000000010000000100010011
00000010000100010010111000100011
00000010100000010010110000100011
00000010100100010010101000100011
00000100000000010000010000010011
11111100101001000010111000100011
11111100101101000010110000100011
11111100110001000010101000100011
11111100110101000010100000100011
11111100111001000010011000100011
11111100111101000010010000100011
11111101000001000010011100000011
00000000001000000000011110010011
00000010111001111101101001100011
11111100100001000010011100000011
00000000100100000000011110010011
00000010111001111101010001100011
11111101100001000010011110000011
00000100000001111000111001100011
11111101100001000010011100000011
00000001000000000000011110110111
00000000000001111000011110010011
00000000111101110111100001100011
11111101100001000010011110000011
00000000000101111111011110010011
00000100000001111001000001100011
11111100100001000010011110000011
00000000111100000101011001100011
11111100110001000010011110000011
00000000000001111000000000100011
11111100100001000010011100000011
00000000100100000000011110010011
00000000111001111100011001100011
00000010001000000000010010010011
00000000100000000000000001101111
00000001011000000000010010010011
00000000000000000000000000010011
00000000101000000000011110110011
00000000100101111010000000100011
00000000000000000000011110010011
00011010000000000000000001101111
11111101100001000010011110000011
00000000000001111001011001100011
00101101010100000000011110010011
11111100111101000010110000100011
11111100110001000010011110000011
00000101111100000000011100010011
00000000111001111000000000100011
11111101100001000010011110000011
00000011111101111111011100010011
11111100110001000010011110000011
00000000000101111000011110010011
00010000000000010000011010110111
00000000000001101000011010010011
00000000111001101000011100110011
00000000000001110100011100000011
00000000111001111000000000100011
11111101100001000010011110000011
00000000011001111101011110010011
00000011111101111111011100010011
11111100110001000010011110000011
00000000001001111000011110010011
00010000000000010000011010110111
00000000000001101000011010010011
00000000111001101000011100110011
00000000000001110100011100000011
00000000111001111000000000100011
11111101100001000010011110000011
00000000110001111101011110010011
00000011111101111111011100010011
11111100110001000010011110000011
00000000001101111000011110010011
00010000000000010000011010110111
00000000000001101000011010010011
00000000111001101000011100110011
00000000000001110100011100000011
00000000111001111000000000100011
11111101100001000010011110000011
00000001001001111101011110010011
00000011111101111111011100010011
11111100110001000010011110000011
00000000010001111000011110010011
00010000000000010000011010110111
00000000000001101000011010010011
00000000111001101000011100110011
00000000000001110100011100000011
00000000111001111000000000100011
11111101010001000010011110000011
00000000000001111100011110000011
00000000111100000000011100110011
11111101010001000010011110000011
00000000000101111000011110010011
00000000000001111100011110000011
00000000100001111001011110010011
00000000111101110110011100110011
11111101010001000010011110000011
00000000001001111000011110010011
00000000000001111100011110000011
00000001000001111001011110010011
00000000111101110110011110110011
11111110111101000010011000100011
11111110110001000010011110000011
00000011111101111111011100010011
11111100110001000010011110000011
00000000010101111000011110010011
00010000000000010000011010110111
00000000000001101000011010010011
00000000111001101000011100110011
00000000000001110100011100000011
00000000111001111000000000100011
11111110110001000010011110000011
00000000011001111101011110010011
00000011111101111111011100010011
11111100110001000010011110000011
00000000011001111000011110010011
00010000000000010000011010110111
00000000000001101000011010010011
00000000111001101000011100110011
00000000000001110100011100000011
00000000111001111000000000100011
11111110110001000010011110000011
00000000110001111101011110010011
00000011111101111111011100010011
11111100110001000010011110000011
00000000011101111000011110010011
00010000000000010000011010110111
00000000000001101000011010010011
00000000111001101000011100110011
00000000000001110100011100000011
00000000111001111000000000100011
11111110110001000010011110000011
00000001001001111101011110010011
00000011111101111111011100010011
11111100110001000010011110000011
00000000100001111000011110010011
00010000000000010000011010110111
00000000000001101000011010010011
00000000111001101000011100110011
00000000000001110100011100000011
00000000111001111000000000100011
11111100110001000010011110000011
00000000100101111000011110010011
00000000000001111000000000100011
11111100110001000010011110000011
00000000111100000000010100110011
00000011110000010010000010000011
00000011100000010010010000000011
00000011010000010010010010000011
00000100000000010000000100010011
00000000000000001000000001100111
11111100000000010000000100010011
00000010000100010010111000100011
00000010100000010010110000100011
00000010100100010010101000100011
00000100000000010000010000010011
11111100101001000010111000100011
11111100101101000010110000100011
11111100110001000010101000100011
11111100110101000010100000100011
11111100111001000010011000100011
11111100111101000010010000100011
11111101000001000010011100000011
00000000001000000000011110010011
00000010111001111101001001100011
11111100100001000010011100000011
00000000011100000000011110010011
00000000111001111101110001100011
11111101100001000010011110000011
00000100000001111000011001100011
11111101100001000010011100000011
00111110100000000000011110010011
00000100111101110000000001100011
11111100100001000010011110000011
00000000111100000101011001100011
11111100110001000010011110000011
00000000000001111000000000100011
11111100100001000010011100000011
00000000011100000000011110010011
00000000111001111100011001100011
00000010001000000000010010010011
00000000100000000000000001101111
00000001011000000000010010010011
00000000000000000000000000010011
00000000101000000000011110110011
00000000100101111010000000100011
00000000000000000000011110010011
00100001000000000000000001101111
11111100110001000010011110000011
00000010010000000000011100010011
00000000111001111000000000100011
11111100110001000010011110000011
00000000000101111000011110010011
00000011000100000000011100010011
00000000111001111000000000100011
11111100110001000010011110000011
00000000001001111000011110010011
00000010010000000000011100010011
00000000111001111000000000100011
11111101010001000010011110000011
00000000000001111100011110000011
00000000111100000000011100110011
11111101010001000010011110000011
00000000000101111000011110010011
00000000000001111100011110000011
00000000100001111001011110010011
00000000111101110110011100110011
11111101010001000010011110000011
00000000001001111000011110010011
00000000000001111100011110000011
00000001000001111001011110010011
00000000111101110110011110110011
11111110111101000010011000100011
11111110110001000010011110000011
00000011111101111111011100010011
11111100110001000010011110000011
00000000001101111000011110010011
00010000000000010000011010110111
00000000000001101000011010010011
00000000111001101000011100110011
00000000000001110100011100000011
00000000111001111000000000100011
11111110110001000010011110000011
00000000011001111101011110010011
00000011111101111111011100010011
11111100110001000010011110000011
00000000010001111000011110010011
00010000000000010000011010110111
00000000000001101000011010010011
00000000111001101000011100110011
00000000000001110100011100000011
00000000111001111000000000100011
11111110110001000010011110000011
00000000110001111101011110010011
00000011111101111111011100010011
11111100110001000010011110000011
00000000010101111000011110010011
00010000000000010000011010110111
00000000000001101000011010010011
00000000111001101000011100110011
00000000000001110100011100000011
00000000111001111000000000100011
11111110110001000010011110000011
00000001001001111101011110010011
00000011111101111111011100010011
11111100110001000010011110000011
00000000011001111000011110010011
00010000000000010000011010110111
00000000000001101000011010010011
00000000111001101000011100110011
00000000000001110100011100000011
00000000111001111000000000100011
11111100110001000010011110000011
00000000011101111000011110010011
00000000000001111000000000100011
11111101000001000010011100000011
00000000010100000000011110010011
00001110111001111101101001100011
11111100100001000010011100000011
00000000101100000000011110010011
00001110111001111101010001100011
11111101010001000010011110000011
00000000001101111000011110010011
00000000000001111100011110000011
00000000111100000000011100110011
11111101010001000010011110000011
00000000010001111000011110010011
00000000000001111100011110000011
00000000100001111001011110010011
00000000111101110110011100110011
11111101010001000010011110000011
00000000010101111000011110010011
00000000000001111100011110000011
00000001000001111001011110010011
00000000111101110110011110110011
11111110111101000010011000100011
11111110110001000010011110000011
00000011111101111111011100010011
11111100110001000010011110000011
00000000011101111000011110010011
00010000000000010000011010110111
00000000000001101000011010010011
00000000111001101000011100110011
00000000000001110100011100000011
00000000111001111000000000100011
11111110110001000010011110000011
00000000011001111101011110010011
00000011111101111111011100010011
11111100110001000010011110000011
00000000100001111000011110010011
00010000000000010000011010110111
00000000000001101000011010010011
00000000111001101000011100110011
00000000000001110100011100000011
00000000111001111000000000100011
11111110110001000010011110000011
00000000110001111101011110010011
00000011111101111111011100010011
11111100110001000010011110000011
00000000100101111000011110010011
00010000000000010000011010110111
00000000000001101000011010010011
00000000111001101000011100110011
00000000000001110100011100000011
00000000111001111000000000100011
11111110110001000010011110000011
00000001001001111101011110010011
00000011111101111111011100010011
11111100110001000010011110000011
00000000101001111000011110010011
00010000000000010000011010110111
00000000000001101000011010010011
00000000111001101000011100110011
00000000000001110100011100000011
00000000111001111000000000100011
11111100110001000010011110000011
00000000101101111000011110010011
00000000000001111000000000100011
11111100110001000010011110000011
00000000111100000000010100110011
00000011110000010010000010000011
00000011100000010010010000000011
00000011010000010010010010000011
00000100000000010000000100010011
00000000000000001000000001100111
