11111011000000010000000100010011
00000100000100010010011000100011
00000100100000010010010000100011
00000101000000010000010000010011
11111010101001000010111000100011
11111010101101000010110000100011
11111011110001000010011110000011
00000010000001111001001001100011
00010000000000010000011110110111
00101001110001111000011010010011
00000010000000000000011000010011
00010000000000010000011110110111
00000000000001111000010110010011
00010000000000010000011110110111
00001001000001111000010100010011
00000000000000000000000000010011
00000000001000000000010110010011
00010000000000010000011110110111
00001001110001111000010100010011
00000000000000000000000000010011
11111110101001000010011000100011
11111110110001000010011110000011
00000000000001111101011001100011
11111110110001000010011110000011
00001010010000000000000001101111
11111100100001000000011110010011
00000010000000000000011000010011
00000000000000000000010110010011
00000000111100000000010100110011
00000000000000000000000000010011
11111101100001000001011100000011
11111011100001000010011110000011
00000001000001111001011110010011
01000001000001111101011110010011
00000000111101110110011110110011
00000001000001111001011110010011
01000001000001111101011110010011
11111100111101000001110000100011
11111011110001000010011110000011
00000000000001111100011110000011
00000000000001111000110001100011
11111100100001000000011110010011
00000001000000000000011000010011
11111011110001000010010110000011
00000000111100000000010100110011
00000000000000000000000000010011
11111100100001000000011110010011
00000000111100000000011000110011
01000000000001000101011110110111
00000000000001111000011110010011
01001100101001111000010110010011
11111110110001000010010100000011
00000000000000000000000000010011
11111110101001000010010000100011
11111110100001000010011110000011
00000000000001111101101001100011
11111110110001000010010100000011
00000000000000000000000000010011
11111110100001000010011110000011
00000001100000000000000001101111
11111100100001000000011110010011
00000000111100000000010110110011
11111011110001000010010100000011
00000000000000000000000000010011
11111110110001000010011110000011
00000000111100000000010100110011
00000100110000010010000010000011
00000100100000010010010000000011
00000101000000010000000100010011
00000000000000001000000001100111
11111110000000010000000100010011
00000000000100010010111000100011
00000000100000010010110000100011
00000010000000010000010000010011
11111110101001000010011000100011
11111110110001000010011110000011
00001111111101111111010110010011
11111110110001000010011110000011
01000000100001111101011110010011
00001111111101111111011000010011
11111110110001000010011110000011
01000001000001111101011110010011
00001111111101111111011010010011
11111110110001000010011110000011
00000001100001111101011110010011
00000000111100000000011100110011
00010000000000010000011110110111
00001010110001111000010100010011
00000000000000000000000000010011
00000000000000000000000000010011
00000001110000010010000010000011
00000001100000010010010000000011
00000010000000010000000100010011
00000000000000001000000001100111
11111100000000010000000100010011
00000010000100010010111000100011
00000010100000010010110000100011
00000100000000010000010000010011
11111111111111111111001100110111
00000000000000110000001100010011
00000000011000010000000100110011
11111111111111111111011110110111
00000000000001111000011110010011
11111111000001000000011100010011
00000000111101110000011110110011
11111100101001111010111000100011
11111111111111111111011110110111
00000000000001111000011110010011
11111111000001000000011100010011
00000000111101110000011110110011
11111110000001111001000000100011
00000000000000001000011110110111
00000000000001111000011110010011
01101101110101111000010100010011
00000000000000000000000000010011
00000000101000000000011110110011
00000000111100000000011100110011
11111111111111111111011110110111
00000000000001111000011110010011
11111111000001000000011010010011
00000000111101101000011110110011
11111110111001111001000100100011
11111111111111111111011110110111
00000000000001111000011110010011
11111111000001000000011100010011
00000000111101110000011110110011
11111101110001111010011110000011
00000000000001111010011110000011
11111110111101000010011000100011
11111111111111111111011110110111
00000000000001111000011110010011
11111111000001000000011100010011
00000000111101110000011110110011
11111101110001111010011110000011
00000000010001111010011110000011
11111110111101000010010000100011
11111111111111111111011110110111
00000000000001111000011110010011
11111111000001000000011100010011
00000000111101110000011110110011
11111101110001111010011110000011
00000000100001111010011110000011
11111110111101000010001000100011
11111111111111111111011110110111
00000000000001111000011110010011
11111111000001000000011100010011
00000000111101110000011110110011
11111101110001111010011110000011
00000000110001111010011110000011
11111110111101000010000000100011
11111111111111111111011110110111
00000000000001111000011110010011
11111110010001111000011110010011
11111111000001000000011100010011
00000000111101110000011110110011
00000000000000000000011010010011
00000000000000000001011000110111
00000000000001100000011000010011
00000000111100000000010110110011
11111110110001000010010100000011
00000000000000000000000000010011
11111100101001000010111000100011
11111101110001000010011110000011
00000000000001111101101001100011
00010000000000010000011110110111
00001011100001111000010100010011
00000000000000000000000000010011
00110110000000000000000001101111
11111111111111111111011110110111
00000000000001111000011110010011
11111111000001000000011100010011
00000000111101110000011110110011
11111110010001111100011110000011
00000000111101111111011110010011
00000000001001111001011110010011
11111100111101000010110000100011
11111101100001000010011100000011
00000011110000000000011110010011
00000000111001111100100001100011
11111101100001000010011100000011
00000001001100000000011110010011
00000000111001111100101001100011
00010000000000010000011110110111
00001100100001111000010100010011
00000000000000000000000000010011
00110001100000000000000001101111
11111110000001000010011100000011
00000000000100000000011110010011
00000110111101110001111001100011
11111111111111111111011110110111
00000000000001111000011110010011
11111110010001111000011110010011
11111111000001000000011100010011
00000000111101110000011110110011
00000000110001111000011110010011
00000000000001111010011110000011
11111110010001000010011100000011
00100100111101110000110001100011
00010000000000010000011110110111
00001110000001111000010100010011
00000000000000000000000000010011
11111111111111111111011110110111
00000000000001111000011110010011
11111110010001111000011110010011
11111111000001000000011100010011
00000000111101110000011110110011
00000000110001111000011110010011
00000000000001111010011110000011
00000000111100000000010100110011
00000000000000000000000000010011
00010000000000010000011110110111
00010000010001111000010100010011
00000000000000000000000000010011
11111110010001000010010100000011
00000000000000000000000000010011
00010000000000010000011110110111
00010001110001111000010100010011
00000000000000000000000000010011
00101001010000000000000001101111
11111110000001000010011100000011
00000000001000000000011110010011
00001100111101110001111001100011
11111111111111111111011110110111
00000000000001111000011110010011
11111110010001111000011110010011
11111111000001000000011100010011
00000000111101110000011110110011
00000000110001111000011110010011
00000000000001111010011110000011
11111110010001000010011100000011
00011100111101110000101001100011
11111101100001000010011110000011
00000001000001111000011110010011
11111111111111111111011100110111
00000000000001110000011100010011
11111110010001110000011100010011
11111111000001000000011010010011
00000000111001101000011100110011
00000000111101110000011110110011
00000000000001111010011100000011
11111110010111100000011110110111
00000000000001111000011110010011
00000100111101110001010001100011
11111111111111111111011110110111
00000000000001111000011110010011
11111110010001111000011110010011
11111111000001000000011100010011
00000000111101110000011110110011
00000000110001111000011110010011
00000000000001111010011100000011
11111101100001000010011110000011
00000001010001111000011110010011
11111111111111111111011010110111
00000000000001101000011010010011
11111110010001101000011010010011
11111111000001000000011000010011
00000000110101100000011010110011
00000000111101101000011110110011
00000000000001111010011110000011
00010110111101110000000001100011
00010000000000010000011110110111
00001110000001111000010100010011
00000000000000000000000000010011
11111111111111111111011110110111
00000000000001111000011110010011
11111110010001111000011110010011
11111111000001000000011100010011
00000000111101110000011110110011
00000000110001111000011110010011
00000000000001111010011110000011
00000000111100000000010100110011
00000000000000000000000000010011
00010000000000010000011110110111
00010010000001111000010100010011
00000000000000000000000000010011
00011011000000000000000001101111
11111110000001000010011110000011
00010000000001111001110001100011
11111111111111111111011110110111
00000000000001111000011110010011
11111110010001111000011110010011
11111111000001000000011100010011
00000000111101110000011110110011
00000000110001111000011110010011
00000000000001111010011110000011
11111110010001000010011100000011
00001110111101110000101001100011
11111101100001000010011110000011
00000000100001111000011110010011
11111111111111111111011100110111
00000000000001110000011100010011
11111110010001110000011100010011
11111111000001000000011010010011
00000000111001101000011100110011
00000000111101110000011110110011
00000000000001111001011100000011
00100010000000000000011110010011
00000100111101110000001001100011
00010000000000010000011110110111
00001110000001111000010100010011
00000000000000000000000000010011
11111111111111111111011110110111
00000000000001111000011110010011
11111110010001111000011110010011
11111111000001000000011100010011
00000000111101110000011110110011
00000000110001111000011110010011
00000000000001111010011110000011
00000000111100000000010100110011
00000000000000000000000000010011
00010000000000010000011110110111
00010010000001111000010100010011
00000000000000000000000000010011
00010001100000000000000001101111
11111111111111111111011110110111
00000000000001111000011110010011
11111110010001111000011110010011
11111111000001000000011100010011
00000000111101110000011110110011
00000000110001111000011110010011
00000000000001111010011100000011
11111101100001000010011110000011
00000000101001111000011110010011
11111111111111111111011010110111
00000000000001101000011010010011
11111110010001101000011010010011
11111111000001000000011000010011
00000000110101100000011010110011
00000000111101101000011110110011
00000000000001111010011110000011
00000100111101110000001001100011
00010000000000010000011110110111
00001110000001111000010100010011
00000000000000000000000000010011
11111111111111111111011110110111
00000000000001111000011110010011
11111110010001111000011110010011
11111111000001000000011100010011
00000000111101110000011110110011
00000000110001111000011110010011
00000000000001111010011110000011
00000000111100000000010100110011
00000000000000000000000000010011
00010000000000010000011110110111
00010010000001111000010100010011
00000000000000000000000000010011
00001001010000000000000001101111
11111101110001000010011100000011
11111101100001000010011110000011
01000000111101110000011110110011
11111100111101000010101000100011
11111101100001000010011110000011
11111111110001111000011110010011
11111111111111111111011100110111
00000000000001110000011100010011
11111110010001110000011100010011
11111111000001000000011010010011
00000000111001101000011100110011
00000000111101110000011100110011
11111111111111111111011110110111
00000000000001111000011110010011
11111110000001111000011110010011
11111111000001000000011010010011
00000000111101101000011110110011
00000000010000000000011000010011
00000000111100000000010110110011
00000000111000000000010100110011
00000000000000000000000000010011
11111101100001000010011110000011
11111111110001111000011110010011
11111111111111111111011100110111
00000000000001110000011100010011
11111110010001110000011100010011
11111111000001000000011010010011
00000000111001101000011100110011
00000000111101110000011100110011
11111101010001000010011110000011
00000000010001111000011110010011
00000000111100000000011000110011
00000000111000000000010110110011
11111110100001000010010100000011
00000000000000000000000000010011
11111100101001000010101000100011
11000101110111111111000001101111
11111011000000010000000100010011
00000100000100010010011000100011
00000100100000010010010000100011
00000101000000010000010000010011
11111111111111111111001100110111
00000000000000110000001100010011
00000000011000010000000100110011
11111111111111111111011110110111
00000000000001111000011110010011
11111111000001000000011100010011
00000000111101110000011110110011
11111100101001111010011000100011
11111111111111111111011110110111
00000000000001111000011110010011
11111111000001000000011100010011
00000000111101110000011110110011
11111100110001111010011110000011
00000000000001111010011110000011
11111110111101000010011000100011
11111111111111111111011110110111
00000000000001111000011110010011
11111111000001000000011100010011
00000000111101110000011110110011
11111100110001111010011110000011
00000000010001111010011110000011
11111110111101000010010000100011
11111111111111111111011110110111
00000000000001111000011110010011
11111111000001000000011100010011
00000000111101110000011110110011
11111100110001111010011110000011
00000000100001111010011110000011
11111110111101000010001000100011
11111111111111111111011110110111
00000000000001111000011110010011
11111111000001000000011100010011
00000000111101110000011110110011
11111100110001111010011110000011
00000000110001111010011110000011
11111110111101000010000000100011
11111111111111111111011110110111
00000000000001111000011110010011
11111111000001000000011100010011
00000000111101110000011110110011
00000000001000000000011100010011
11111100111001111001110000100011
00000010100100000000010100010011
00000000000000000000000000010011
00000000101000000000011110110011
00000000111100000000011100110011
11111111111111111111011110110111
00000000000001111000011110010011
11111111000001000000011010010011
00000000111101101000011110110011
11111100111001111001110100100011
11111111111111111111011110110111
00000000000001111000011110010011
11111101100001111000011110010011
11111111000001000000011100010011
00000000111101110000011110110011
00000000100001111000011110010011
00000000000001111010000000100011
00000000000001111010001000100011
11111111111111111111011110110111
00000000000001111000011110010011
11111110100001111000011110010011
11111111000001000000011100010011
00000000111101110000011110110011
00000000000000000001011000110111
00000000000001100000011000010011
00000000111100000000010110110011
11111110100001000010010100000011
00000000000000000000000000010011
11111100101001000010111000100011
11111101110001000010011110000011
00000000000001111101101001100011
00010000000000010000011110110111
00010100100001111000010100010011
00000000000000000000000000010011
00100000010000000000000001101111
11111110010001000010011100000011
11111111111111111111011110110111
00000000000001111000011110010011
11111111000001000000011010010011
00000000111101101000011110110011
11111100111001111010111000100011
11111110000001000010011100000011
00000000001000000000011110010011
00000110111101110000101001100011
11111110000001000010011100000011
00000000001000000000011110010011
00011000111001111100100001100011
11111110000001000010011110000011
00010110000001111001101001100011
11111111111111111111011110110111
00000000000001111000011110010011
11111110100001111000011110010011
11111111000001000000011100010011
00000000111101110000011110110011
00000001110001111000011110010011
00000000000001111001011100000011
00100010000000000000011110010011
00010100111101110001110001100011
11111111111111111111011110110111
00000000000001111000011110010011
11111110100001111000011110010011
11111111000001000000011100010011
00000000111101110000011110110011
00000001111001111000011110010011
00000000000001111010011110000011
00000000111100000000011100110011
11111111111111111111011110110111
00000000000001111000011110010011
11111111000001000000011010010011
00000000111101101000011110110011
11111100111001111010111000100011
00010010000000000000000001101111
11111111111111111111011110110111
00000000000001111000011110010011
11111110100001111000011110010011
11111111000001000000011100010011
00000000111101110000011110110011
00000001110001111000011110010011
00000000000001111010011100000011
11111111111111111111011110110111
00000000000001111000011110010011
11111110100001111000011110010011
11111111000001000000011010010011
00000000111101101000011110110011
00000000110001111000011110010011
00000000000001111010011110000011
00001110111101110001011001100011
11111111111111111111011110110111
00000000000001111000011110010011
11111110100001111000011110010011
11111111000001000000011100010011
00000000111101110000011110110011
00000010000001111000011110010011
00000000000001111010011100000011
11111111111111111111011110110111
00000000000001111000011110010011
11111110100001111000011110010011
11111111000001000000011010010011
00000000111101101000011110110011
00000001000001111000011110010011
00000000000001111010011110000011
00001010111101110001100001100011
11111111111111111111011110110111
00000000000001111000011110010011
11111110100001111000011110010011
11111111000001000000011100010011
00000000111101110000011110110011
00000010010001111000011110010011
00000000000001111010011100000011
11111111111111111111011110110111
00000000000001111000011110010011
11111110100001111000011110010011
11111111000001000000011010010011
00000000111101101000011110110011
00000001010001111000011110010011
00000000000001111010011110000011
00000110111101110001101001100011
11111111111111111111011110110111
00000000000001111000011110010011
11111110100001111000011110010011
11111111000001000000011100010011
00000000111101110000011110110011
00000001010001111000011110010011
00000000000001111010011100000011
11111110010111100000011110110111
00000000000001111000011110010011
00000100111101110001011001100011
11111111111111111111011110110111
00000000000001111000011110010011
11111110100001111000011110010011
11111111000001000000011100010011
00000000111101110000011110110011
00000010100001111000011110010011
00000000000001111010011110000011
00000000111100000000011100110011
11111111111111111111011110110111
00000000000001111000011110010011
11111111000001000000011010010011
00000000111101101000011110110011
11111100111001111010111000100011
00000001010000000000000001101111
00000000000000000000000000010011
00000001000000000000000001101111
00000000000000000000000000010011
00000000100000000000000001101111
00000000000000000000000000010011
11111101110001000010011000000011
11111111111111111111011110110111
00000000000001111000011110010011
11111101100001111000011110010011
11111111000001000000011100010011
00000000111101110000011100110011
11111111111111111111011110110111
00000000000001111000011110010011
11111110100001111000011110010011
11111111000001000000011010010011
00000000111101101000011110110011
00000000010001111000010110010011
00000001000000000000011110010011
00000000000000000000011010010011
11111110110001000010010100000011
00000000000000000000000000010011
11111100101001000010110000100011
11011011110111111111000001101111
11110111000000010000000100010011
00001000000100010010011000100011
00001000100000010010010000100011
00001001000000010000010000010011
11110110101001000010111000100011
11110110101101000010110000100011
11110111110001000010011100000011
00000000010100000000011110010011
00000010111101110000001001100011
11110111100001000010011110000011
00000000000001111010011110000011
00000000111100000000010110110011
00010000000000010000011110110111
00010101100001111000010100010011
00000000000000000000000000010011
00000000000100000000011110010011
00110011110000000000000001101111
11110111100001000010011110000011
00000000010001111000011110010011
00000000000001111010011100000011
11111100010001000000011110010011
00000000111000000000010110110011
00000000111100000000010100110011
00000000000000000000000000010011
11111100010001000000011110010011
00000000000100000000010110010011
00000000111100000000010100110011
00000000000000000000000000010011
11111110101001000010001000100011
11111110010001000010011110000011
00000000000001111101110001100011
00010000000000010000011110110111
00011000100001111000010100010011
00000000000000000000000000010011
00000000000100000000011110010011
00101111000000000000000001101111
11111100010001000000011110010011
00000000111100000000010110110011
00010000000000010000011110110111
00011001010001111000010100010011
00000000000000000000000000010011
00000010100100000000011000010011
00000000001100000000010110010011
00000000001000000000010100010011
00000000000000000000000000010011
11111110101001000010000000100011
11111110000001000010011110000011
00000000000001111101110001100011
00010000000000010000011110110111
00011010010001111000010100010011
00000000000000000000000000010011
00000000000100000000011110010011
00101010110000000000000001101111
11111110000001000010010110000011
00010000000000010000011110110111
00011011100001111000010100010011
00000000000000000000000000010011
00000000001000000000011110010011
11111010111101000001101000100011
00000010100100000000010100010011
00000000000000000000000000010011
00000000101000000000011110110011
11111010111101000001101100100011
11110111100001000010011110000011
00000000110001111000011110010011
00000000000001111010011110000011
00000000111100000000010100110011
00000000000000000000000000010011
00000000101000000000011110110011
11111010111101000010110000100011
11111011010001000000011110010011
00000000100001111000011110010011
00000000000001111010000000100011
00000000000001111010001000100011
11111011100001000010011100000011
11111111111100000000011110010011
00000110111101110000000001100011
11111011010001000000011110010011
00000001000000000000011000010011
00000000111100000000010110110011
11111110000001000010010100000011
00000000000000000000000000010011
11111100101001000010111000100011
11111101110001000010011110000011
00000000000001111101110001100011
00010000000000010000011110110111
00011101010001111000010100010011
00000000000000000000000000010011
00000000000100000000011110010011
00100001100000000000000001101111
00010000000000010000011110110111
00011110100001111000010100010011
00000000000000000000000000010011
11111011100001000010011110000011
00000000111100000000010100110011
00000000000000000000000000010011
00010000000000010000011110110111
00010001110001111000010100010011
00000000000000000000000000010011
00000001000000000000000001101111
00010000000000010000011110110111
00100000010001111000010100010011
00000000000000000000000000010011
11111110000001000010011110000011
11111000111101000010111000100011
11111110010001000010011110000011
11111010111101000010000000100011
11110111100001000010011110000011
00000001000001111000011110010011
00000000000001111010011100000011
00010000000000010000011110110111
00100011010001111000010110010011
00000000111000000000010100110011
00000000000000000000000000010011
00000000101000000000011110110011
00000110000001111001001001100011
11110111100001000010011110000011
00000000100001111000011110010011
00000000000001111010011100000011
00010000000000010000011110110111
00100011100001111000010110010011
00000000111000000000010100110011
00000000000000000000000000010011
00000000101000000000011110110011
00000010000001111000010001100011
11110111100001000010011110000011
00000000100001111000011110010011
00000000000001111010011110000011
00000000111100000000010100110011
00000000000000000000000000010011
11111110101001000010011000100011
00000000000100000000011110010011
11111110111101000010010000100011
00001000100000000000000001101111
00010000000000010000011110110111
00100011110001111000010100010011
00000000000000000000000000010011
11111110101001000010011000100011
11111110000001000010010000100011
00000111000000000000000001101111
11110111100001000010011110000011
00000001000001111000011110010011
00000000000001111010011100000011
00010000000000010000011110110111
00100100100001111000010110010011
00000000111000000000010100110011
00000000000000000000000000010011
00000000101000000000011110110011
00000010000001111001010001100011
11110111100001000010011110000011
00000000100001111000011110010011
00000000000001111010011110000011
00000000111100000000010100110011
00000000000000000000000000010011
11111110101001000010011000100011
00000000001000000000011110010011
11111110111101000010010000100011
00000010100000000000000001101111
11110111100001000010011110000011
00000001000001111000011110010011
00000000000001111010011110000011
00000000111100000000010110110011
00010000000000010000011110110111
00100101000001111000010100010011
00000000000000000000000000010011
00000000000100000000011110010011
00001110010000000000000001101111
11111110100001000010011110000011
11111010111101000010010000100011
11111110110001000010011100000011
11111111111100000000011110010011
00000000111101110001110001100011
00010000000000010000011110110111
00100110110001111000010100010011
00000000000000000000000000010011
00000000000100000000011110010011
00001011110000000000000001101111
11111110110001000010011110000011
11111000111101000010101000100011
11111110110001000010011110000011
11111010111101000010001000100011
00010000000000010000011110110111
00101000100001111000010100010011
00000000000000000000000000010011
11111110110001000010011110000011
00000000111100000000010100110011
00000000000000000000000000010011
00010000000000010000011110110111
00010001110001111000010100010011
00000000000000000000000000010011
11111001110001000000011110010011
11111011000001000000011100010011
00000000111100000000011010110011
00000000010000000000011110110111
00010111100001111000011000010011
00000000000000000000010110010011
00000000111000000000010100110011
00000000000000000000000000010011
11111100101001000010110000100011
11111110000001000010011110000011
11111000111101000010011000100011
11111110010001000010011110000011
11111000111101000010100000100011
11111110100001000010011110000011
11111000111101000010110000100011
11111000110001000000011110010011
11111010110001000000011100010011
00000000111100000000011010110011
00000000010000000000011110110111
01100000000001111000011000010011
00000000000000000000010110010011
00000000111000000000010100110011
00000000000000000000000000010011
11111100101001000010101000100011
11111011000001000010011110000011
00000000000000000000010110010011
00000000111100000000010100110011
00000000000000000000000000010011
11111010110001000010011110000011
00000000000000000000010110010011
00000000111100000000010100110011
00000000000000000000000000010011
00000000000000000000011110010011
00000000111100000000010100110011
00001000110000010010000010000011
00001000100000010010010000000011
00001001000000010000000100010011
00000000000000001000000001100111
