11111010000000010000000100010011
00000100000100010010111000100011
00000100100000010010110000100011
00000110000000010000010000010011
11111010101001000010011000100011
11111010101101000010010000100011
11111011010001000000011110010011
00000011110000000000011000010011
00000000000000000000010110010011
00000000111100000000010100110011
00000000000000000000000000010011
11111011010001000000011110010011
00000000111100000000010110110011
11111010110001000010010100000011
00000000000000000000000000010011
00000000101000000000011110110011
00000000000001111000110001100011
00010000000000010000011110110111
00000000000001111000010100010011
00000000000000000000000000010011
00000000000000000000011110010011
00001100100000000000000001101111
11111010100001000010011110000011
00000010000001111000011001100011
11111010100001000010011100000011
11111011010001000000011110010011
00000000111000000000010110110011
00000000111100000000010100110011
00000000000000000000000000010011
11111010100001000010011100000011
11111011010001000000011110010011
00000000111000000000010110110011
00000000111100000000010100110011
00000000000000000000000000010011
11111011110001000010011100000011
10000000000000000000011110110111
00000000000001111000011110010011
11001000111101111100011110010011
00000000111101110111011110110011
11111010111101000010111000100011
11111011110001000010011100000011
00000000000000000001011110110111
00000000000001111000011110010011
10001011000001111000011110010011
00000000111101110110011110110011
11111010111101000010111000100011
11111100000001000010000000100011
11111010000001000010110000100011
00000000000100000000011110010011
11111100111101000000010110100011
00000000010100000000011110010011
11111100111101000000010100100011
11111011010001000010011100000011
11111111111111111110011110110111
00000000000001111000011110010011
00101111111001111000011110010011
00000000111101110111011110110011
11111010111101000010101000100011
11111011010001000000011110010011
00000000111100000000011000110011
00000000000000000000010110010011
11111010110001000010010100000011
00000000000000000000000000010011
00000000101000000000011110110011
00000000000001111000110001100011
00010000000000010000011110110111
00000001100001111000010100010011
00000000000000000000000000010011
00000000000000000000011110010011
00000000100000000000000001101111
00000000000100000000011110010011
00000000111100000000010100110011
00000101110000010010000010000011
00000101100000010010010000000011
00000110000000010000000100010011
00000000000000001000000001100111
11111101000000010000000100010011
00000010000100010010011000100011
00000010100000010010010000100011
00000010100100010010001000100011
00000011000000010000010000010011
11111100101001000010111000100011
00000000000000000010011110110111
00000000000001111000011110010011
00110100111001111000011110010011
11111110111101000001011000100011
11111110000001000000011100100011
11111110110001000000011110010011
00000000111100000000010100110011
00000000000000000000000000010011
00000000101000000000011100110011
11111110110001000000011110010011
00000000111000000000011000110011
00000000111100000000010110110011
11111101110001000010010100000011
00000000000000000000000000010011
00000000101000000000011110110011
00000000111100000000010010110011
11111110110001000000011110010011
00000000111100000000010100110011
00000000000000000000000000010011
00000000101000000000011110110011
00000000111101001000011001100011
00000000000000000000011110010011
00000010100000000000000001101111
11111110110001000000011110010011
00000000001000000000011000010011
00000000111100000000010110110011
11111101110001000010010100000011
00000000000000000000000000010011
00000000101000000000011110110011
11111111111001111000011110010011
00000000000101111011011110010011
00001111111101111111011110010011
00000000111100000000010100110011
00000010110000010010000010000011
00000010100000010010010000000011
00000010010000010010010010000011
00000011000000010000000100010011
00000000000000001000000001100111
11111101000000010000000100010011
00000010000100010010011000100011
00000010100000010010010000100011
00000011000000010000010000010011
11111100101001000010111000100011
00000000000100000001011110110111
00000000000001111000011110010011
00010000001001111000010110010011
11111101110001000010010100000011
00000000000000000000000000010011
11111110101001000010011000100011
11111110110001000010011110000011
00000000000001111101110001100011
00010000000000010000011110110111
00000011000001111000010100010011
00000000000000000000000000010011
11111111111100000000011110010011
00000110010000000000000001101111
00000000000000000001011110110111
00000000000001111000011110010011
00000000111101111000010110010011
11111110110001000010010100000011
00000000000000000000000000010011
00000000101000000000011110110011
00000000000101111100011110010011
00001111111101111111011110010011
00000000000001111000101001100011
11111110110001000010010100000011
00000000000000000000000000010011
11111111111100000000011110010011
00000011000000000000000001101111
11111110110001000010010100000011
00000000000000000000000000010011
00000000101000000000011110110011
00000000000101111100011110010011
00001111111101111111011110010011
00000000000001111000101001100011
11111110110001000010010100000011
00000000000000000000000000010011
11111111111100000000011110010011
00000000100000000000000001101111
11111110110001000010011110000011
00000000111100000000010100110011
00000010110000010010000010000011
00000010100000010010010000000011
00000011000000010000000100010011
00000000000000001000000001100111
11111110000000010000000100010011
00000000000100010010111000100011
00000000100000010010110000100011
00000010000000010000010000010011
11111110101001000010011000100011
11111110110001000010010100000011
00000000000000000000000000010011
00000000000000000000000000010011
00000001110000010010000010000011
00000001100000010010010000000011
00000010000000010000000100010011
00000000000000001000000001100111
11111101000000010000000100010011
00000010000100010010011000100011
00000010100000010010010000100011
00000010100100010010001000100011
00000011000000010000010000010011
11111100101001000010111000100011
11111100101101000010110000100011
11111100110001000010101000100011
11111110010001000000011100010011
11111101100001000010011010000011
00010000000000010000011110110111
00000100100001111000011000010011
00000000110000000000010110010011
00000000111000000000010100110011
00000000000000000000000000010011
11111110010001000000011110010011
00000000111100000000010100110011
00000000000000000000000000010011
00000000101000000000011100110011
11111110010001000000011110010011
00000000111000000000011000110011
00000000111100000000010110110011
11111101110001000010010100000011
00000000000000000000000000010011
00000000101000000000011110110011
00000000111100000000010010110011
11111110010001000000011110010011
00000000111100000000010100110011
00000000000000000000000000010011
00000000101000000000011110110011
00000000111101001000011001100011
00000000000000000000011110010011
00000010010000000000000001101111
00000000010000000000011000010011
11111101010001000010010110000011
11111101110001000010010100000011
00000000000000000000000000010011
00000000101000000000011110110011
11111111110001111000011110010011
00000000000101111011011110010011
00001111111101111111011110010011
00000000111100000000010100110011
00000010110000010010000010000011
00000010100000010010010000000011
00000010010000010010010010000011
00000011000000010000000100010011
00000000000000001000000001100111
11111100000000010000000100010011
00000010000100010010111000100011
00000010100000010010110000100011
00000010100100010010101000100011
00000100000000010000010000010011
11111100101001000010011000100011
11111100101101000010010000100011
11111100110001000010001000100011
11111101110001000000010100010011
11111100010001000010011100000011
11111100100001000010011010000011
00010000000000010000011110110111
00000101000001111000011000010011
00000001010000000000010110010011
00000000000000000000000000010011
11111101110001000000011110010011
00000000111100000000010100110011
00000000000000000000000000010011
00000000101000000000011100110011
11111101110001000000011110010011
00000000111000000000011000110011
00000000111100000000010110110011
11111100110001000010010100000011
00000000000000000000000000010011
00000000101000000000011110110011
00000000111100000000010010110011
11111101110001000000011110010011
00000000111100000000010100110011
00000000000000000000000000010011
00000000101000000000011110110011
01000000111101001000011110110011
00000000000101111011011110010011
00001111111101111111011110010011
00000000111100000000010100110011
00000011110000010010000010000011
00000011100000010010010000000011
00000011010000010010010010000011
00000100000000010000000100010011
00000000000000001000000001100111
11111100000000010000000100010011
00000010000100010010111000100011
00000010100000010010110000100011
00000010100100010010101000100011
00000100000000010000010000010011
11111100101001000010011000100011
11111100101101000010010000100011
11111100110001000010001000100011
11111100110101000010000000100011
00001110100000000000000001101111
11111100000001000010011110000011
01000000000000000000011100010011
00000000111101110111010001100011
01000000000000000000011110010011
11111110111101000010011000100011
11111110110001000010011100000011
00100000000000000000011110010011
00000000111101110001011001100011
00000000000100000000011110010011
11111110111101000010011000100011
11111101100001000000010100010011
11111110110001000010011100000011
11111100010001000010011010000011
00010000000000010000011110110111
00000101110001111000011000010011
00000001010000000000010110010011
00000000000000000000000000010011
11111101100001000000011110010011
00000000111100000000010100110011
00000000000000000000000000010011
00000000101000000000011100110011
11111101100001000000011110010011
00000000111000000000011000110011
00000000111100000000010110110011
11111100110001000010010100000011
00000000000000000000000000010011
00000000101000000000011110110011
00000000111100000000010010110011
11111101100001000000011110010011
00000000111100000000010100110011
00000000000000000000000000010011
00000000101000000000011110110011
00000000111101001000011001100011
00000000000000000000011110010011
00000110100000000000000001101111
11111110110001000010011000000011
11111100100001000010010110000011
11111100110001000010010100000011
00000000000000000000000000010011
00000000101000000000011110110011
00000000111100000000011100110011
11111110110001000010011110000011
00000000111001111000011001100011
00000000000000000000011110010011
00000100000000000000000001101111
11111100010001000010011100000011
11111110110001000010011110000011
00000000111101110000011110110011
11111100111101000010001000100011
11111100100001000010011100000011
11111110110001000010011110000011
00000000111101110000011110110011
11111100111101000010010000100011
11111100000001000010011100000011
11111110110001000010011110000011
01000000111101110000011110110011
11111100111101000010000000100011
11111100000001000010011110000011
11110000000001111001110011100011
00000000000100000000011110010011
00000000111100000000010100110011
00000011110000010010000010000011
00000011100000010010010000000011
00000011010000010010010010000011
00000100000000010000000100010011
00000000000000001000000001100111
11111100000000010000000100010011
00000010000100010010111000100011
00000010100000010010110000100011
00000010100100010010101000100011
00000100000000010000010000010011
11111100101001000010011000100011
11111100101101000010010000100011
11111100110001000010001000100011
11111100110101000010000000100011
00001101100000000000000001101111
11111100000001000010011110000011
01000000000000000000011100010011
00000000111101110111010001100011
01000000000000000000011110010011
11111110111101000010011000100011
11111110110001000010011100000011
00100000000000000000011110010011
00000000111101110001011001100011
00000000000100000000011110010011
11111110111101000010011000100011
11111101100001000000010100010011
11111110110001000010011100000011
11111100010001000010011010000011
00010000000000010000011110110111
00000110100001111000011000010011
00000001010000000000010110010011
00000000000000000000000000010011
11111101100001000000011110010011
00000000111100000000010100110011
00000000000000000000000000010011
00000000101000000000011100110011
11111101100001000000011110010011
00000000111000000000011000110011
00000000111100000000010110110011
11111100110001000010010100000011
00000000000000000000000000010011
00000000101000000000011110110011
00000000111100000000010010110011
11111101100001000000011110010011
00000000111100000000010100110011
00000000000000000000000000010011
00000000101000000000011110110011
00000000111101001000011001100011
00000000000000000000011110010011
00000101100000000000000001101111
11111110110001000010011000000011
11111100100001000010010110000011
11111100110001000010010100000011
00000000000000000000000000010011
00000000101000000000011110110011
00000000111100000000011100110011
11111110110001000010011110000011
00000000111001111000011001100011
00000000000000000000011110010011
00000011000000000000000001101111
11111100100001000010011100000011
11111110110001000010011110000011
00000000111101110000011110110011
11111100111101000010010000100011
11111100000001000010011100000011
11111110110001000010011110000011
01000000111101110000011110110011
11111100111101000010000000100011
11111100000001000010011110000011
11110010000001111001010011100011
00000000000100000000011110010011
00000000111100000000010100110011
00000011110000010010000010000011
00000011100000010010010000000011
00000011010000010010010010000011
00000100000000010000000100010011
00000000000000001000000001100111
