11111110000000010000000100010011
00000000100000010010111000100011
00000010000000010000010000010011
00000000101000000000011110110011
00000000101100000000011100110011
11111110111101000000011110100011
00000000111000000000011110110011
11111110111101000000011100100011
11111110111101000100011110000011
00000000000001111000011001100011
11111110111001000100011110000011
00000000000001111001011001100011
00000000001000000000011110010011
00000001110000000000000001101111
11111110111101000100011100000011
11111110111001000100011110000011
00000000111101110001011001100011
00000000000000000000011110010011
00000000100000000000000001101111
00000000001100000000011110010011
00000000111100000000010100110011
00000001110000010010010000000011
00000010000000010000000100010011
00000000000000001000000001100111
11111100000000010000000100010011
00000010000100010010111000100011
00000010100000010010110000100011
00000100000000010000010000010011
11111100101001000010111000100011
11111100101101000010110000100011
11111100110001000010101000100011
11111100110101000010100000100011
11111100111001000010011000100011
11111101000001000010010100000011
00000000000000000000000000010011
00000000101000000000011110110011
00000000000101111000011110010011
11111110111101000010000000100011
00010000000000010000011110110111
00000000000001111000010100010011
00000000000000000000000000010011
11111110000001000010001000100011
00000010100000000000000001101111
00010000000000010000011110110111
00000000100001111000010100010011
00000000000000000000000000010011
00010000000000010000011110110111
00000000100001111000010100010011
00000000000000000000000000010011
11111110010001000010011110000011
00000000000101111000011110010011
11111110111101000010001000100011
11111101010001000010011110000011
00000001111101111101011100010011
00000000111101110000011110110011
01000000000101111101011110010011
00000000111100000000011100110011
11111110010001000010011110000011
11111100111001111100001011100011
11111110000001000010001000100011
00000101110000000000000001101111
11111110010001000010011110000011
00000010000001111001000001100011
00010000000000010000011110110111
00000000100001111000010100010011
00000000000000000000000000010011
00010000000000010000011110110111
00000000110001111000010100010011
00000000000000000000000000010011
00000010110000000000000001101111
11111110010001000010011110000011
11111111111101111000011110010011
11111101000001000010011100000011
00000000111101110000011110110011
00000000000001111100011110000011
00000000111100000000011000110011
11111110010001000010010110000011
00010000000000010000011110110111
00000001000001111000010100010011
00000000000000000000000000010011
11111110010001000010011110000011
00000000000101111000011110010011
11111110111101000010001000100011
11111110010001000010011100000011
11111110000001000010011110000011
11111010111101110100000011100011
00000000101000000000010100010011
00000000000000000000000000010011
11111110000001000010011000100011
00001111110000000000000001101111
11111110110001000010011110000011
00000010000001111001000001100011
00010000000000010000011110110111
00000000100001111000010100010011
00000000000000000000000000010011
00010000000000010000011110110111
00000001110001111000010100010011
00000000000000000000000000010011
00000010110000000000000001101111
11111110110001000010011110000011
11111111111101111000011110010011
11111100110001000010011100000011
00000000111101110000011110110011
00000000000001111100011110000011
00000000111100000000011000110011
11111110110001000010010110000011
00010000000000010000011110110111
00000010000001111000010100010011
00000000000000000000000000010011
11111110000001000010001000100011
00000010100000000000000001101111
00010000000000010000011110110111
00000000100001111000010100010011
00000000000000000000000000010011
00010000000000010000011110110111
00000000100001111000010100010011
00000000000000000000000000010011
11111110010001000010011110000011
00000000000101111000011110010011
11111110111101000010001000100011
11111110010001000010011100000011
11111110110001000010011110000011
11111100111101110100101011100011
11111110000001000010010000100011
00000101000000000000000001101111
00010000000000010000011110110111
00000000100001111000010100010011
00000000000000000000000000010011
11111110110001000010011100000011
11111101010001000010011110000011
00000010111101110000011100110011
11111110100001000010011110000011
00000000111101110000011110110011
00000000001001111001011110010011
11111101110001000010011100000011
00000000111101110000011110110011
00000000000001111010011110000011
00000000111100000000010110110011
00010000000000010000011110110111
00000010100001111000010100010011
00000000000000000000000000010011
11111110100001000010011110000011
00000000000101111000011110010011
11111110111101000010010000100011
11111110100001000010011100000011
11111101010001000010011110000011
11111010111101110100011011100011
00000000101000000000010100010011
00000000000000000000000000010011
11111110110001000010011110000011
00000000000101111000011110010011
11111110111101000010011000100011
11111110110001000010011100000011
11111101100001000010011110000011
11110000111101110100000011100011
00000000000000000000000000010011
00000000000000000000000000010011
00000011110000010010000010000011
00000011100000010010010000000011
00000100000000010000000100010011
00000000000000001000000001100111
11111100000000010000000100010011
00000010000100010010111000100011
00000010100000010010110000100011
00000100000000010000010000010011
11111100101001000010111000100011
11111100101101000010110000100011
11111100110001000010101000100011
11111100110101000010100000100011
11111100111001000010011000100011
11111101000001000010010100000011
00000000000000000000000000010011
00000000101000000000011110110011
00000000000101111000011110010011
11111110111101000010000000100011
00010000000000010000011110110111
00000011000001111000010100010011
00000000000000000000000000010011
11111110000001000010001000100011
00000001110000000000000001101111
00010000000000010000011110110111
00000000100001111000010100010011
00000000000000000000000000010011
11111110010001000010011110000011
00000000000101111000011110010011
11111110111101000010001000100011
11111101010001000010011110000011
00000001111101111101011100010011
00000000111101110000011110110011
01000000000101111101011110010011
00000000111100000000011100110011
11111110010001000010011110000011
11111100111001111100100011100011
11111110000001000010001000100011
00000100110000000000000001101111
11111110010001000010011110000011
00000000000001111001101001100011
00010000000000010000011110110111
00000000110001111000010100010011
00000000000000000000000000010011
00000010100000000000000001101111
11111110010001000010011110000011
11111111111101111000011110010011
11111101000001000010011100000011
00000000111101110000011110110011
00000000000001111100011110000011
00000000111100000000010110110011
00010000000000010000011110110111
00000011010001111000010100010011
00000000000000000000000000010011
11111110010001000010011110000011
00000000000101111000011110010011
11111110111101000010001000100011
11111110010001000010011100000011
11111110000001000010011110000011
11111010111101110100100011100011
00000000101000000000010100010011
00000000000000000000000000010011
11111110000001000010011000100011
00001101010000000000000001101111
11111110110001000010011110000011
00000000000001111001101001100011
00010000000000010000011110110111
00000001110001111000010100010011
00000000000000000000000000010011
00000010100000000000000001101111
11111110110001000010011110000011
11111111111101111000011110010011
11111100110001000010011100000011
00000000111101110000011110110011
00000000000001111100011110000011
00000000111100000000010110110011
00010000000000010000011110110111
00000011110001111000010100010011
00000000000000000000000000010011
11111110000001000010001000100011
00000001110000000000000001101111
00010000000000010000011110110111
00000000100001111000010100010011
00000000000000000000000000010011
11111110010001000010011110000011
00000000000101111000011110010011
11111110111101000010001000100011
11111110010001000010011100000011
11111110110001000010011110000011
11111110111101110100000011100011
11111110000001000010010000100011
00000100010000000000000001101111
11111110110001000010011100000011
11111101010001000010011110000011
00000010111101110000011100110011
11111110100001000010011110000011
00000000111101110000011110110011
00000000001001111001011110010011
11111101110001000010011100000011
00000000111101110000011110110011
00000000000001111010011110000011
00000000111100000000010110110011
00010000000000010000011110110111
00000010100001111000010100010011
00000000000000000000000000010011
11111110100001000010011110000011
00000000000101111000011110010011
11111110111101000010010000100011
11111110100001000010011100000011
11111101010001000010011110000011
11111010111101110100110011100011
00000000101000000000010100010011
00000000000000000000000000010011
11111110110001000010011110000011
00000000000101111000011110010011
11111110111101000010011000100011
11111110110001000010011100000011
11111101100001000010011110000011
11110010111101110100010011100011
00000000000000000000000000010011
00000000000000000000000000010011
00000011110000010010000010000011
00000011100000010010010000000011
00000100000000010000000100010011
00000000000000001000000001100111
11111101000000010000000100010011
00000010000100010010011000100011
00000010100000010010010000100011
00000011000000010000010000010011
11111100101001000010111000100011
11111100101101000010110000100011
11111100110001000010101000100011
11111110000001000010011000100011
00000110110000000000000001101111
11111110000001000010010000100011
00000100010000000000000001101111
11111110110001000010011100000011
11111101010001000010011110000011
00000010111101110000011100110011
11111110100001000010011110000011
00000000111101110000011110110011
00000000001001111001011110010011
11111101110001000010011100000011
00000000111101110000011110110011
00000000000001111010011110000011
00000000111100000000010110110011
00010000000000010000011110110111
00000100000001111000010100010011
00000000000000000000000000010011
11111110100001000010011110000011
00000000000101111000011110010011
11111110111101000010010000100011
11111110100001000010011100000011
11111101010001000010011110000011
11111010111101110100110011100011
00000000101000000000010100010011
00000000000000000000000000010011
11111110110001000010011110000011
00000000000101111000011110010011
11111110111101000010011000100011
11111110110001000010011100000011
11111101100001000010011110000011
11111000111101110100100011100011
00000000000000000000000000010011
00000000000000000000000000010011
00000010110000010010000010000011
00000010100000010010010000000011
00000011000000010000000100010011
00000000000000001000000001100111
11111001000000010000000100010011
00000110000100010010011000100011
00000110100000010010010000100011
00000111000000010000010000010011
11111010101001000010011000100011
11111010101101000010010000100011
11111010110001000010001000100011
11111010110101000010000000100011
11111000111001000010111000100011
11111000111101000010110000100011
11111001000001000010101000100011
11111001000101000010100000100011
11111100000001000010110000100011
11111001010001000010011100000011
11111001100001000010011110000011
00000000111001111101010001100011
00000000111000000000011110110011
11111110111101000010011000100011
11111010110001000010011110000011
00000000000001111010000000100011
11111010100001000010011110000011
00000000000001111010000000100011
11111110110001000010011110000011
00000000000101111001011110010011
00000000111100000000010100110011
00000000000000000000000000010011
00000000101000000000011110110011
11111100111101000010101000100011
11111110110001000010011110000011
00000000000101111001011110010011
00000000111100000000010100110011
00000000000000000000000000010011
00000000101000000000011110110011
11111100111101000010100000100011
11111110110001000010011110000011
00000000000101111001011110010011
11111111111101111000011110010011
11111101010001000010011100000011
00000000111101110000011110110011
00000000000001111000000000100011
11111110110001000010011110000011
00000000000101111001011110010011
11111111111101111000011110010011
11111101000001000010011100000011
00000000111101110000011110110011
00000000000001111000000000100011
11111001000001000010011110000011
00000001111101111101011100010011
00000000111101110000011110110011
01000000000101111101011110010011
11111100111101000010011000100011
11111001100001000010011110000011
11111111111101111000011110010011
11111110111101000010000000100011
11111001010001000010011110000011
11111111111101111000011110010011
11111100111101000010111000100011
00111000000000000000000001101111
11111110000001000010010000100011
11111110000001000010001000100011
11111110000001000010011100000011
11111100110001000010011110000011
01000000111101110000011110110011
11111101110001000010011100000011
01000000111101110000011110110011
11111100111101000010001000100011
11111110000001000010011100000011
11111001000001000010011110000011
00000010111101110000011110110011
11111100010001000010011100000011
00000000111101110000011110110011
11111100111101000010000000100011
11111110000001000010011110000011
00001000111100000101011001100011
11111110000001000010011110000011
11111111111101111000011100010011
11111100110001000010011110000011
01000000111101110000011110110011
11111101110001000010011100000011
01000000111101110000011110110011
11111100111101000010001000100011
11111100010001000010011110000011
00000110000001111100010001100011
11111100010001000010011100000011
11111001000001000010011110000011
00000100111101110101111001100011
11111110000001000010011110000011
11111111111101111000011100010011
11111001000001000010011110000011
00000010111101110000011110110011
11111100010001000010011100000011
00000000111101110000011110110011
11111010111101000010111000100011
11111011110001000010011110000011
00000000001001111001011110010011
11111001110001000010011100000011
00000000111101110000011110110011
00000000000001111010011110000011
00000000001001111000011100010011
11111100000001000010011110000011
00000000001001111001011110010011
11111001110001000010011010000011
00000000111101101000011110110011
00000000000001111010011110000011
00000000111101110001100001100011
11111111111100000000011110010011
11111110111101000010010000100011
11111110000001000010001000100011
11111101110001000010011110000011
00001000111100000101010001100011
11111101110001000010011110000011
11111111111101111000011100010011
11111110000001000010011010000011
11111100110001000010011110000011
01000000111101101000011110110011
01000000111101110000011110110011
11111100111101000010001000100011
11111100010001000010011110000011
00000110000001111100001001100011
11111100010001000010011100000011
11111001000001000010011110000011
00000100111101110101110001100011
11111110000001000010011100000011
11111001000001000010011110000011
00000010111101110000011110110011
11111100010001000010011100000011
00000000111101110000011110110011
11111010111101000010110000100011
11111011100001000010011110000011
00000000001001111001011110010011
11111001110001000010011100000011
00000000111101110000011110110011
00000000000001111010011110000011
00000000001001111000011100010011
11111100000001000010011110000011
00000000001001111001011110010011
11111001110001000010011010000011
00000000111101101000011110110011
00000000000001111010011110000011
00000000111101110001100001100011
11111110000001000010010000100011
11111111111100000000011110010011
11111110111101000010001000100011
11111110000001000010011110000011
00001100111100000101111001100011
11111101110001000010011110000011
00001100111100000101101001100011
11111101110001000010011110000011
11111111111101111000011100010011
11111110000001000010011110000011
11111111111101111000011010010011
11111100110001000010011110000011
01000000111101101000011110110011
01000000111101110000011110110011
11111100111101000010001000100011
11111100010001000010011110000011
00001010000001111100011001100011
11111100010001000010011100000011
11111001000001000010011110000011
00001010111101110101000001100011
11111110000001000010011110000011
11111111111101111000011100010011
11111001000001000010011110000011
00000010111101110000011110110011
11111100010001000010011100000011
00000000111101110000011110110011
11111010111101000010101000100011
11111101110001000010011110000011
11111111111101111000011110010011
11111010010001000010011100000011
00000000111101110000011110110011
00000000000001111100011100000011
11111110000001000010011110000011
11111111111101111000011110010011
11111010000001000010011010000011
00000000111101101000011110110011
00000000000001111100011110000011
00000000111101110001011001100011
00000000000000000000011110010011
00000000100000000000000001101111
00000000001100000000011110010011
11111010111101000010100000100011
11111011010001000010011110000011
00000000001001111001011110010011
11111001110001000010011100000011
00000000111101110000011110110011
00000000000001111010011100000011
11111011000001000010011110000011
00000000111101110000011100110011
11111100000001000010011110000011
00000000001001111001011110010011
11111001110001000010011010000011
00000000111101101000011110110011
00000000000001111010011110000011
00000000111101110001101001100011
11111111111100000000011110010011
11111110111101000010010000100011
11111111111100000000011110010011
11111110111101000010001000100011
11111110100001000010011100000011
11111111111100000000011110010011
00000100111101110001111001100011
11111110010001000010011100000011
11111111111100000000011110010011
00000100111101110001100001100011
11111101110001000010011110000011
11111111111101111000011110010011
11111010010001000010011100000011
00000000111101110000011100110011
11111101100001000010011110000011
11111101010001000010011010000011
00000000111101101000011110110011
00000000000001110100011100000011
00000000111001111000000000100011
11111110000001000010011110000011
11111111111101111000011110010011
11111010000001000010011100000011
00000000111101110000011100110011
11111101100001000010011110000011
11111101000001000010011010000011
00000000111101101000011110110011
00000000000001110100011100000011
00000000111001111000000000100011
00001011110000000000000001101111
11111110100001000010011100000011
11111111111100000000011110010011
00000100111101110001010001100011
11111110010001000010011110000011
00000100000001111001000001100011
11111101100001000010011110000011
11111101010001000010011100000011
00000000111101110000011110110011
00000000000001000100011100000011
00000000111001111000000000100011
11111110000001000010011110000011
11111111111101111000011110010011
11111010000001000010011100000011
00000000111101110000011100110011
11111101100001000010011110000011
11111101000001000010011010000011
00000000111101101000011110110011
00000000000001110100011100000011
00000000111001111000000000100011
00000110110000000000000001101111
11111110100001000010011110000011
00000100000001111001011001100011
11111110010001000010011100000011
11111111111100000000011110010011
00000100111101110001000001100011
11111101110001000010011110000011
11111111111101111000011110010011
11111010010001000010011100000011
00000000111101110000011100110011
11111101100001000010011110000011
11111101010001000010011010000011
00000000111101101000011110110011
00000000000001110100011100000011
00000000111001111000000000100011
11111101100001000010011110000011
11111101000001000010011100000011
00000000111101110000011110110011
00000000000001000100011100000011
00000000111001111000000000100011
00000001110000000000000001101111
11111101010001000010010100000011
00000000000000000000000000010011
11111101000001000010010100000011
00000000000000000000000000010011
11111111111100000000011110010011
00010110110000000000000001101111
11111101100001000010011110000011
00000000000101111000011110010011
11111100111101000010110000100011
11111110000001000010011100000011
11111110100001000010011110000011
00000000111101110000011110110011
11111110111101000010000000100011
11111101110001000010011100000011
11111110010001000010011110000011
00000000111101110000011110110011
11111100111101000010111000100011
11111110000001000010011110000011
11001000111100000100000011100011
11111101110001000010011110000011
11000110111100000100110011100011
11111101100001000010011110000011
11111101010001000010011100000011
00000000111101110000011110110011
00000000000001111000000000100011
11111101100001000010011110000011
11111101000001000010011100000011
00000000111101110000011110110011
00000000000001111000000000100011
11111110000001000010011000100011
00001101000000000000000001101111
11111110110001000010011110000011
11111101010001000010011100000011
00000000111101110000011110110011
00000000000001111100011110000011
11111100111101000000010110100011
11111101100001000010011100000011
11111110110001000010011110000011
01000000111101110000011110110011
11111111111101111000011110010011
11111101010001000010011100000011
00000000111101110000011100110011
11111110110001000010011110000011
11111101010001000010011010000011
00000000111101101000011110110011
00000000000001110100011100000011
00000000111001111000000000100011
11111101100001000010011100000011
11111110110001000010011110000011
01000000111101110000011110110011
11111111111101111000011110010011
11111101010001000010011100000011
00000000111101110000011110110011
11111100101101000100011100000011
00000000111001111000000000100011
11111110110001000010011110000011
11111101000001000010011100000011
00000000111101110000011110110011
00000000000001111100011110000011
11111100111101000000010110100011
11111101100001000010011100000011
11111110110001000010011110000011
01000000111101110000011110110011
11111111111101111000011110010011
11111101000001000010011100000011
00000000111101110000011100110011
11111110110001000010011110000011
11111101000001000010011010000011
00000000111101101000011110110011
00000000000001110100011100000011
00000000111001111000000000100011
11111101100001000010011100000011
11111110110001000010011110000011
01000000111101110000011110110011
11111111111101111000011110010011
11111101000001000010011100000011
00000000111101110000011110110011
11111100101101000100011100000011
00000000111001111000000000100011
11111110110001000010011110000011
00000000000101111000011110010011
11111110111101000010011000100011
11111101100001000010011110000011
00000001111101111101011100010011
00000000111101110000011110110011
01000000000101111101011110010011
00000000111100000000011100110011
11111110110001000010011110000011
11110000111001111100111011100011
11111010110001000010011110000011
11111101010001000010011100000011
00000000111001111010000000100011
11111010100001000010011110000011
11111101000001000010011100000011
00000000111001111010000000100011
00000000000000000000011110010011
00000000111100000000010100110011
00000110110000010010000010000011
00000110100000010010010000000011
00000111000000010000000100010011
00000000000000001000000001100111
11111001000000010000000100010011
00000110000100010010011000100011
00000110100000010010010000100011
00000111000000010000010000010011
11111010101001000010011000100011
11111010101101000010010000100011
11111010110001000010001000100011
11111010110101000010000000100011
11111000111001000010111000100011
11111000111101000010110000100011
11111001000001000010101000100011
11111001000101000010100000100011
11111100000001000010110000100011
11111001010001000010011100000011
11111001100001000010011110000011
00000000111001111101010001100011
00000000111000000000011110110011
11111110111101000010011000100011
11111010110001000010011110000011
00000000000001111010000000100011
11111010100001000010011110000011
00000000000001111010000000100011
11111110110001000010011110000011
00000000000101111001011110010011
00000000111100000000010100110011
00000000000000000000000000010011
00000000101000000000011110110011
11111100111101000010101000100011
11111110110001000010011110000011
00000000000101111001011110010011
00000000111100000000010100110011
00000000000000000000000000010011
00000000101000000000011110110011
11111100111101000010100000100011
11111110110001000010011110000011
00000000000101111001011110010011
11111111111101111000011110010011
11111101010001000010011100000011
00000000111101110000011110110011
00000000000001111000000000100011
11111110110001000010011110000011
00000000000101111001011110010011
11111111111101111000011110010011
11111101000001000010011100000011
00000000111101110000011110110011
00000000000001111000000000100011
11111001000001000010011110000011
00000001111101111101011100010011
00000000111101110000011110110011
01000000000101111101011110010011
11111100111101000010011000100011
11111001100001000010011110000011
11111111111101111000011110010011
11111110111101000010000000100011
11111001010001000010011110000011
11111111111101111000011110010011
11111100111101000010111000100011
00111000100000000000000001101111
11111110000001000010010000100011
11111110000001000010001000100011
11111110000001000010011100000011
11111100110001000010011110000011
01000000111101110000011110110011
11111101110001000010011100000011
01000000111101110000011110110011
11111100111101000010001000100011
11111110000001000010011100000011
11111001000001000010011110000011
00000010111101110000011110110011
11111100010001000010011100000011
00000000111101110000011110110011
11111100111101000010000000100011
11111110000001000010011110000011
00001000111100000101100001100011
11111110000001000010011110000011
11111111111101111000011100010011
11111100110001000010011110000011
01000000111101110000011110110011
11111101110001000010011100000011
01000000111101110000011110110011
11111100111101000010001000100011
11111100010001000010011110000011
00000110000001111100011001100011
11111100010001000010011100000011
11111001000001000010011110000011
00000110111101110101000001100011
11111110000001000010011110000011
11111111111101111000011100010011
11111001000001000010011110000011
00000010111101110000011110110011
11111100010001000010011100000011
00000000111101110000011110110011
11111010111101000010111000100011
11111011110001000010011110000011
00000000001001111001011110010011
11111001110001000010011100000011
00000000111101110000011110110011
00000000000001111010011100000011
00000000010001000010011110000011
00000000111101110000011100110011
11111100000001000010011110000011
00000000001001111001011110010011
11111001110001000010011010000011
00000000111101101000011110110011
00000000000001111010011110000011
00000000111101110001100001100011
11111111111100000000011110010011
11111110111101000010010000100011
11111110000001000010001000100011
11111101110001000010011110000011
00001000111100000101011001100011
11111101110001000010011110000011
11111111111101111000011100010011
11111110000001000010011010000011
11111100110001000010011110000011
01000000111101101000011110110011
01000000111101110000011110110011
11111100111101000010001000100011
11111100010001000010011110000011
00000110000001111100010001100011
11111100010001000010011100000011
11111001000001000010011110000011
00000100111101110101111001100011
11111110000001000010011100000011
11111001000001000010011110000011
00000010111101110000011110110011
11111100010001000010011100000011
00000000111101110000011110110011
11111010111101000010110000100011
11111011100001000010011110000011
00000000001001111001011110010011
11111001110001000010011100000011
00000000111101110000011110110011
00000000000001111010011100000011
00000000010001000010011110000011
00000000111101110000011100110011
11111100000001000010011110000011
00000000001001111001011110010011
11111001110001000010011010000011
00000000111101101000011110110011
00000000000001111010011110000011
00000000111101110001100001100011
11111110000001000010010000100011
11111111111100000000011110010011
11111110111101000010001000100011
11111110000001000010011110000011
00001100111100000101111001100011
11111101110001000010011110000011
00001100111100000101101001100011
11111101110001000010011110000011
11111111111101111000011100010011
11111110000001000010011110000011
11111111111101111000011010010011
11111100110001000010011110000011
01000000111101101000011110110011
01000000111101110000011110110011
11111100111101000010001000100011
11111100010001000010011110000011
00001010000001111100011001100011
11111100010001000010011100000011
11111001000001000010011110000011
00001010111101110101000001100011
11111110000001000010011110000011
11111111111101111000011100010011
11111001000001000010011110000011
00000010111101110000011110110011
11111100010001000010011100000011
00000000111101110000011110110011
11111010111101000010101000100011
11111101110001000010011110000011
11111111111101111000011110010011
11111010010001000010011100000011
00000000111101110000011110110011
00000000000001111100011100000011
11111110000001000010011110000011
11111111111101111000011110010011
11111010000001000010011010000011
00000000111101101000011110110011
00000000000001111100011110000011
00000000111101110000011001100011
00000000000001000010011110000011
00000000100000000000000001101111
00000000000000000000011110010011
11111010111101000010100000100011
11111011010001000010011110000011
00000000001001111001011110010011
11111001110001000010011100000011
00000000111101110000011110110011
00000000000001111010011100000011
11111011000001000010011110000011
00000000111101110000011100110011
11111100000001000010011110000011
00000000001001111001011110010011
11111001110001000010011010000011
00000000111101101000011110110011
00000000000001111010011110000011
00000000111101110001101001100011
11111111111100000000011110010011
11111110111101000010010000100011
11111111111100000000011110010011
11111110111101000010001000100011
11111110100001000010011100000011
11111111111100000000011110010011
00000100111101110001111001100011
11111110010001000010011100000011
11111111111100000000011110010011
00000100111101110001100001100011
11111101110001000010011110000011
11111111111101111000011110010011
11111010010001000010011100000011
00000000111101110000011100110011
11111101100001000010011110000011
11111101010001000010011010000011
00000000111101101000011110110011
00000000000001110100011100000011
00000000111001111000000000100011
11111110000001000010011110000011
11111111111101111000011110010011
11111010000001000010011100000011
00000000111101110000011100110011
11111101100001000010011110000011
11111101000001000010011010000011
00000000111101101000011110110011
00000000000001110100011100000011
00000000111001111000000000100011
00001011110000000000000001101111
11111110100001000010011100000011
11111111111100000000011110010011
00000100111101110001010001100011
11111110010001000010011110000011
00000100000001111001000001100011
11111101100001000010011110000011
11111101010001000010011100000011
00000000111101110000011110110011
00000000100001000100011100000011
00000000111001111000000000100011
11111110000001000010011110000011
11111111111101111000011110010011
11111010000001000010011100000011
00000000111101110000011100110011
11111101100001000010011110000011
11111101000001000010011010000011
00000000111101101000011110110011
00000000000001110100011100000011
00000000111001111000000000100011
00000110110000000000000001101111
11111110100001000010011110000011
00000100000001111001011001100011
11111110010001000010011100000011
11111111111100000000011110010011
00000100111101110001000001100011
11111101110001000010011110000011
11111111111101111000011110010011
11111010010001000010011100000011
00000000111101110000011100110011
11111101100001000010011110000011
11111101010001000010011010000011
00000000111101101000011110110011
00000000000001110100011100000011
00000000111001111000000000100011
11111101100001000010011110000011
11111101000001000010011100000011
00000000111101110000011110110011
00000000100001000100011100000011
00000000111001111000000000100011
00000001110000000000000001101111
11111101010001000010010100000011
00000000000000000000000000010011
11111101000001000010010100000011
00000000000000000000000000010011
11111111111100000000011110010011
00010110110000000000000001101111
11111101100001000010011110000011
00000000000101111000011110010011
11111100111101000010110000100011
11111110000001000010011100000011
11111110100001000010011110000011
00000000111101110000011110110011
11111110111101000010000000100011
11111101110001000010011100000011
11111110010001000010011110000011
00000000111101110000011110110011
11111100111101000010111000100011
11111110000001000010011110000011
11000110111100000100110011100011
11111101110001000010011110000011
11000110111100000100100011100011
11111101100001000010011110000011
11111101010001000010011100000011
00000000111101110000011110110011
00000000000001111000000000100011
11111101100001000010011110000011
11111101000001000010011100000011
00000000111101110000011110110011
00000000000001111000000000100011
11111110000001000010011000100011
00001101000000000000000001101111
11111110110001000010011110000011
11111101010001000010011100000011
00000000111101110000011110110011
00000000000001111100011110000011
11111100111101000000010110100011
11111101100001000010011100000011
11111110110001000010011110000011
01000000111101110000011110110011
11111111111101111000011110010011
11111101010001000010011100000011
00000000111101110000011100110011
11111110110001000010011110000011
11111101010001000010011010000011
00000000111101101000011110110011
00000000000001110100011100000011
00000000111001111000000000100011
11111101100001000010011100000011
11111110110001000010011110000011
01000000111101110000011110110011
11111111111101111000011110010011
11111101010001000010011100000011
00000000111101110000011110110011
11111100101101000100011100000011
00000000111001111000000000100011
11111110110001000010011110000011
11111101000001000010011100000011
00000000111101110000011110110011
00000000000001111100011110000011
11111100111101000000010110100011
11111101100001000010011100000011
11111110110001000010011110000011
01000000111101110000011110110011
11111111111101111000011110010011
11111101000001000010011100000011
00000000111101110000011100110011
11111110110001000010011110000011
11111101000001000010011010000011
00000000111101101000011110110011
00000000000001110100011100000011
00000000111001111000000000100011
11111101100001000010011100000011
11111110110001000010011110000011
01000000111101110000011110110011
11111111111101111000011110010011
11111101000001000010011100000011
00000000111101110000011110110011
11111100101101000100011100000011
00000000111001111000000000100011
11111110110001000010011110000011
00000000000101111000011110010011
11111110111101000010011000100011
11111101100001000010011110000011
00000001111101111101011100010011
00000000111101110000011110110011
01000000000101111101011110010011
00000000111100000000011100110011
11111110110001000010011110000011
11110000111001111100111011100011
11111010110001000010011110000011
11111101010001000010011100000011
00000000111001111010000000100011
11111010100001000010011110000011
11111101000001000010011100000011
00000000111001111010000000100011
00000000000000000000011110010011
00000000111100000000010100110011
00000110110000010010000010000011
00000110100000010010010000000011
00000111000000010000000100010011
00000000000000001000000001100111
11111101000000010000000100010011
00000010000100010010011000100011
00000010100000010010010000100011
00000011000000010000010000010011
11111100101001000010111000100011
11111100101101000010110000100011
00000000010000000000011110010011
11111110111101000010011000100011
00100000000000000000011110110111
00000000000001111000011110010011
11111110111101000010000000100011
11111111111000000000011110010011
11111110111101000010001000100011
11111110000001000010010000100011
00000011100000000000000001101111
11111110110001000010011100000011
11111101100001000010011010000011
11111101110001000010011000000011
00000000000000000000010110010011
00000000000000000000010100010011
00000000000000000000000000010011
11111110101001000010001000100011
11111110110001000010011110000011
00000000000101111001011110010011
11111110111101000010011000100011
11111110100001000010011110000011
00000000000101111000011110010011
11111110111101000010010000100011
11111110100001000010011100000011
11111110000001000010011110000011
00000000111101110101011001100011
11111110010001000010011110000011
11111010000001111100111011100011
11111110010001000010011110000011
00000000111100000000010100110011
00000010110000010010000010000011
00000010100000010010010000000011
00000011000000010000000100010011
00000000000000001000000001100111
11111101000000010000000100010011
00000010000100010010011000100011
00000010100000010010010000100011
00000011000000010000010000010011
11111100101001000010111000100011
11111100101101000010110000100011
11111100110001000010101000100011
11111100110101000010100000100011
00000000010000000000011110010011
11111110111101000010011000100011
00100000000000000000011110110111
00000000000001111000011110010011
11111110111101000010000000100011
11111111111000000000011110010011
11111110111101000010001000100011
11111110000001000010010000100011
00000100010000000000000001101111
00000010110100000000100010010011
11111101000001000010100000000011
11111101010001000010011110000011
11111110110001000010011100000011
11111101100001000010011010000011
11111101110001000010011000000011
00000000000000000000010110010011
00000000000000000000010100010011
00000000000000000000000000010011
11111110101001000010001000100011
11111110110001000010011110000011
00000000000101111001011110010011
11111110111101000010011000100011
11111110100001000010011110000011
00000000000101111000011110010011
11111110111101000010010000100011
11111110100001000010011100000011
11111110000001000010011110000011
00000000111101110101011001100011
11111110010001000010011110000011
11111010000001111100100011100011
11111110010001000010011110000011
00000000111100000000010100110011
00000010110000010010000010000011
00000010100000010010010000000011
00000011000000010000000100010011
00000000000000001000000001100111
11111101000000010000000100010011
00000010000100010010011000100011
00000010100000010010010000100011
00000011000000010000010000010011
11111100101001000010111000100011
11111100101101000010110000100011
11111100110001000010101000100011
11111100110101000010100000100011
00000000010000000000011110010011
11111110111101000010011000100011
00100000000000000000011110110111
00000000000001111000011110010011
11111110111101000010000000100011
11111111111000000000011110010011
11111110111101000010001000100011
11111101110001000010011110000011
00000000000001111000111001100011
11111101100001000010011110000011
00000000000001111000101001100011
11111101110001000010011110000011
00000000000001111010000000100011
11111101100001000010011110000011
00000000000001111010000000100011
11111110000001000010010000100011
00001001100000000000000001101111
11111110110001000010011100000011
11111101000001000010011010000011
11111101010001000010011000000011
11111101100001000010010110000011
11111101110001000010010100000011
00000000000000000000000000010011
11111110101001000010001000100011
11111110110001000010011110000011
00000000000101111001011110010011
11111110111101000010011000100011
11111110010001000010011110000011
00000100000001111101111001100011
11111101110001000010011110000011
00000100000001111000101001100011
11111101100001000010011110000011
00000100000001111000011001100011
11111101110001000010011110000011
00000000000001111010011110000011
00000000000001111000101001100011
11111101110001000010011110000011
00000000000001111010011110000011
00000000111100000000010100110011
00000000000000000000000000010011
11111101100001000010011110000011
00000000000001111010011110000011
00000000000001111000101001100011
11111101100001000010011110000011
00000000000001111010011110000011
00000000111100000000010100110011
00000000000000000000000000010011
11111101110001000010011110000011
00000000000001111010000000100011
11111101100001000010011110000011
00000000000001111010000000100011
11111110100001000010011110000011
00000000000101111000011110010011
11111110111101000010010000100011
11111110100001000010011100000011
11111110000001000010011110000011
00000000111101110101011001100011
11111110010001000010011110000011
11110100000001111100111011100011
11111110010001000010011110000011
00000000111100000000010100110011
00000010110000010010000010000011
00000010100000010010010000000011
00000011000000010000000100010011
00000000000000001000000001100111
11111100000000010000000100010011
00000010000100010010111000100011
00000010100000010010110000100011
00000100000000010000010000010011
11111100101001000010111000100011
11111100101101000010110000100011
11111100110001000010101000100011
11111100110101000010100000100011
11111100111001000010011000100011
11111100111101000010010000100011
00000001000000000000011110110011
11111100111101000000001110100011
00000000010000000000011110010011
11111110111101000010011000100011
00100000000000000000011110110111
00000000000001111000011110010011
11111110111101000010000000100011
11111111111000000000011110010011
11111110111101000010001000100011
11111101110001000010011110000011
00000000000001111000111001100011
11111101100001000010011110000011
00000000000001111000101001100011
11111101110001000010011110000011
00000000000001111010000000100011
11111101100001000010011110000011
00000000000001111010000000100011
11111110000001000010010000100011
00001100010000000000000001101111
00000000010000000000011110110111
00000000000001111010011110000011
00000000000001111000101001100011
11111110110001000010010110000011
00010000000000010000011110110111
00000100100001111000010100010011
00000000000000000000000000010011
11111100011101000100011110000011
00000000111100000000100010110011
11111100100001000010100000000011
11111100110001000010011110000011
11111110110001000010011100000011
11111101000001000010011010000011
11111101010001000010011000000011
11111101100001000010010110000011
11111101110001000010010100000011
00000000000000000000000000010011
11111110101001000010001000100011
11111110110001000010011110000011
00000000000101111001011110010011
11111110111101000010011000100011
11111110010001000010011110000011
00000100000001111101111001100011
11111101110001000010011110000011
00000100000001111000101001100011
11111101100001000010011110000011
00000100000001111000011001100011
11111101110001000010011110000011
00000000000001111010011110000011
00000000000001111000101001100011
11111101110001000010011110000011
00000000000001111010011110000011
00000000111100000000010100110011
00000000000000000000000000010011
11111101100001000010011110000011
00000000000001111010011110000011
00000000000001111000101001100011
11111101100001000010011110000011
00000000000001111010011110000011
00000000111100000000010100110011
00000000000000000000000000010011
11111101110001000010011110000011
00000000000001111010000000100011
11111101100001000010011110000011
00000000000001111010000000100011
11111110100001000010011110000011
00000000000101111000011110010011
11111110111101000010010000100011
11111110100001000010011100000011
11111110000001000010011110000011
00000000111101110101011001100011
11111110010001000010011110000011
11110010000001111100100011100011
11111110010001000010011110000011
00000000111100000000010100110011
00000011110000010010000010000011
00000011100000010010010000000011
00000100000000010000000100010011
00000000000000001000000001100111
11111000000000010000000100010011
00000110000100010010111000100011
00000110100000010010110000100011
00001000000000010000010000010011
11111010101001000010011000100011
11111010101101000010010000100011
11111010110001000010001000100011
11111010110101000010000000100011
11111000111001000010111000100011
11111000111101000010110000100011
11111001000001000010101000100011
00000001000100000000011110110011
11111000111101000000100110100011
11111100000001000010111000100011
11111010010001000010010100000011
00000000000000000000000000010011
00000000101000000000011110110011
00000000000101111000011110010011
11111100111101000010110000100011
11111010000001000010010100000011
00000000000000000000000000010011
00000000101000000000011110110011
00000000000101111000011110010011
11111100111101000010101000100011
11111001100001000010011100000011
11111001010001000010011110000011
00000000111101110101010001100011
00000000111000000000011110110011
11111100111101000010100000100011
11111010110001000010011110000011
00000000000001111000101001100011
11111010100001000010011110000011
00000000000001111000011001100011
00000000000100000000011110010011
11111100111101000010111000100011
11111101110001000010011110000011
00000000000001111000101001100011
11111010110001000010011110000011
00000000000001111010000000100011
11111010100001000010011110000011
00000000000001111010000000100011
11111101100001000010011100000011
11111101010001000010011110000011
00000000111001111101101001100011
11111101100001000010011100000011
11111101010001000010011110000011
01000000111101110000011110110011
00000001000000000000000001101111
11111101010001000010011100000011
11111101100001000010011110000011
01000000111101110000011110110011
11111100111101000010011000100011
11111001110001000010011100000011
11111101000001000010011110000011
00000010111101110100011110110011
11111100110001000010011100000011
00000100111001111101011001100011
11111101110001000010011110000011
00000010000001111000111001100011
11111010110001000010011110000011
00000000000001111010011110000011
00000000000001111001101001100011
11111010110001000010011110000011
00000000000001111010011110000011
00000000111100000000010100110011
00000000000000000000000000010011
11111010100001000010011110000011
00000000000001111010011110000011
00000000000001111001101001100011
11111010100001000010011110000011
00000000000001111010011110000011
00000000111100000000010100110011
00000000000000000000000000010011
11111111111100000000011110010011
01010011110000000000000001101111
11111001110001000010011100000011
11111101000001000010011110000011
00000010111101110100011100110011
11111100110001000010011110000011
01000000111101110000011110110011
11111100111101000010010000100011
11111100100001000010011110000011
00000001111101111101011100010011
00000000111101110000011110110011
01000000000101111101011110010011
11111100111101000010010000100011
11111101100001000010011100000011
11111101010001000010011110000011
00000000111001111101111001100011
11111101100001000010011100000011
11111101010001000010011110000011
01000000111101110000011100110011
11111100100001000010011110000011
00000000111101110000011110110011
00000000100000000000000001101111
11111100100001000010011110000011
11111100111101000010001000100011
11111100010001000010011110000011
00000000000101111001011110010011
00000000000101111000011110010011
11111100111101000010000000100011
11111101100001000010011110000011
11111111111101111000011100010011
11111101010001000010011110000011
11111111111101111000011010010011
11111100010001000010011110000011
01000000111101101000011110110011
01000000111101110000011110110011
11111110111101000010001000100011
11111110010001000010011110000011
00000000000001111100100001100011
11111110010001000010011100000011
11111100000001000010011110000011
00000100111101110100011001100011
11111101110001000010011110000011
00000010000001111000111001100011
11111010110001000010011110000011
00000000000001111010011110000011
00000000000001111001101001100011
11111010110001000010011110000011
00000000000001111010011110000011
00000000111100000000010100110011
00000000000000000000000000010011
11111010100001000010011110000011
00000000000001111010011110000011
00000000000001111001101001100011
11111010100001000010011110000011
00000000000001111010011110000011
00000000111100000000010100110011
00000000000000000000000000010011
11111111111100000000011110010011
01000101100000000000000001101111
11111101010001000010011100000011
11111100000001000010011110000011
00000010111101110000011110110011
00000000001001111001011110010011
00000000111100000000010100110011
00000000000000000000000000010011
00000000101000000000011110110011
11111010111101000010111000100011
11111110000001000010001000100011
00000110000000000000000001101111
11111110010001000010011100000011
11111100010001000010011110000011
00000010111101110101000001100011
11111110010001000010011110000011
00000000001001111001011110010011
11111011110001000010011100000011
00000000111101110000011110110011
11111111111100000000011100010011
00000000111001111010000000100011
00000010110000000000000001101111
11111110010001000010011100000011
11111100010001000010011110000011
01000000111101110000011010110011
11111110010001000010011110000011
00000000001001111001011110010011
11111011110001000010011100000011
00000000111101110000011110110011
11111001010001000010011100000011
00000010111001101000011100110011
00000000111001111010000000100011
11111110010001000010011110000011
00000000000101111000011110010011
11111110111101000010001000100011
11111110010001000010011100000011
11111100000001000010011110000011
11111000111101110100111011100011
00000000000100000000011110010011
11111110111101000010011000100011
00101010110000000000000001101111
11111110110001000010011100000011
11111100010001000010011110000011
01000000111101110000011110110011
11111110111101000010010000100011
00100111100000000000000001101111
11111110110001000010011100000011
11111100010001000010011110000011
01000000111101110000011110110011
11111110100001000010011100000011
01000000111101110000011110110011
11111110111101000010001000100011
11111110100001000010011110000011
00000010000001111101100001100011
11111110110001000010011100000011
11111100000001000010011110000011
00000010111101110000011100110011
11111110010001000010011110000011
00000000111101110000011110110011
00000000001001111001011110010011
11111011110001000010011100000011
00000000111101110000011110110011
11111111111100000000011100010011
00000000111001111010000000100011
00100010000000000000000001101111
11111110100001000010011110000011
00000010000001111001110001100011
11111110110001000010011100000011
11111100000001000010011110000011
00000010111101110000011100110011
11111110010001000010011110000011
00000000111101110000011110110011
00000000001001111001011110010011
11111011110001000010011100000011
00000000111101110000011110110011
11111110110001000010011010000011
11111001010001000010011100000011
00000010111001101000011100110011
00000000111001111010000000100011
00011110010000000000000001101111
11111110100001000010011100000011
11111101100001000010011110000011
00000010111101110100100001100011
11111110110001000010011100000011
11111100000001000010011110000011
00000010111101110000011100110011
11111110010001000010011110000011
00000000111101110000011110110011
00000000001001111001011110010011
11111011110001000010011100000011
00000000111101110000011110110011
11111111111100000000011100010011
00000000111001111010000000100011
00011010110000000000000001101111
11111110110001000010011110000011
11111111111101111000011100010011
11111100000001000010011110000011
00000010111101110000011100110011
11111110010001000010011110000011
00000000111101110000011110110011
00000000001001111001011110010011
11111011110001000010011100000011
00000000111101110000011110110011
00000000000001111010011100000011
11111110100001000010011110000011
11111111111101111000011110010011
11111010010001000010011010000011
00000000111101101000011110110011
00000000000001111100011010000011
11111110110001000010011110000011
11111111111101111000011110010011
11111010000001000010011000000011
00000000111101100000011110110011
00000000000001111100011110000011
00000000111101101000011001100011
11111001100001000010011110000011
00000000100000000000000001101111
00000000000000000000011110010011
00000000111001111000011110110011
11111110111101000010000000100011
11111110010001000010011110000011
00001000111100000101100001100011
11111110110001000010011100000011
11111100000001000010011110000011
00000010111101110000011100110011
11111110010001000010011110000011
00000000111101110000011110110011
00000000111100000000011100110011
01000000000000000000011110110111
00000000000001111000011110010011
11111111111101111000011110010011
00000000111101110000011110110011
00000000001001111001011110010011
11111011110001000010011100000011
00000000111101110000011110110011
00000000000001111010011100000011
11111001010001000010011110000011
00000000111101110000011110110011
11111110000001000010011100000011
00000100111001111101010001100011
11111110110001000010011100000011
11111100000001000010011110000011
00000010111101110000011100110011
11111110010001000010011110000011
00000000111101110000011110110011
00000000111100000000011100110011
01000000000000000000011110110111
00000000000001111000011110010011
11111111111101111000011110010011
00000000111101110000011110110011
00000000001001111001011110010011
11111011110001000010011100000011
00000000111101110000011110110011
00000000000001111010011110000011
11111001010001000010011100000011
00000000111101110000011110110011
11111110111101000010000000100011
11111110010001000010011110000011
00000000000101111000011110010011
11111100000001000010011100000011
00000110111101110000110001100011
11111110110001000010011110000011
11111111111101111000011100010011
11111100000001000010011110000011
00000010111101110000011100110011
11111110010001000010011110000011
00000000111101110000011110110011
00000000000101111000011110010011
00000000001001111001011110010011
11111011110001000010011100000011
00000000111101110000011110110011
00000000000001111010011100000011
11111001010001000010011110000011
00000000111101110000011110110011
11111110000001000010011100000011
00000010111001111101111001100011
11111110110001000010011110000011
11111111111101111000011100010011
11111100000001000010011110000011
00000010111101110000011100110011
11111110010001000010011110000011
00000000111101110000011110110011
00000000000101111000011110010011
00000000001001111001011110010011
11111011110001000010011100000011
00000000111101110000011110110011
00000000000001111010011110000011
11111001010001000010011100000011
00000000111101110000011110110011
11111110111101000010000000100011
11111110110001000010011100000011
11111100000001000010011110000011
00000010111101110000011100110011
11111110010001000010011110000011
00000000111101110000011110110011
00000000001001111001011110010011
11111011110001000010011100000011
00000000111101110000011110110011
11111110000001000010011100000011
00000000111001111010000000100011
11111110100001000010011110000011
00000000000101111000011110010011
11111110111101000010010000100011
11111110110001000010011100000011
11111100010001000010011110000011
00000000111101110000011110110011
11111110100001000010011100000011
11010110111001111101111011100011
11111110110001000010011110000011
00000000000101111000011110010011
11111110111101000010011000100011
11111110110001000010011100000011
11111101010001000010011110000011
11010100111101110100100011100011
11111101100001000010011110000011
11111111111101111000011100010011
11111101010001000010011110000011
11111111111101111000011010010011
11111100010001000010011110000011
01000000111101101000011110110011
01000000111101110000011110110011
11111110111101000010001000100011
11111101010001000010011110000011
11111111111101111000011100010011
11111100000001000010011110000011
00000010111101110000011100110011
11111110010001000010011110000011
00000000111101110000011110110011
00000000001001111001011110010011
11111011110001000010011100000011
00000000111101110000011110110011
00000000000001111010011110000011
11111110111101000010000000100011
11111101110001000010011110000011
00000100000001111000101001100011
11111001001101000100011110000011
00000000111100010010010000100011
11111001010001000010011110000011
00000000111100010010001000100011
11111001100001000010011110000011
00000000111100010010000000100011
11111100000001000010100010000011
11111101100001000010100000000011
11111101010001000010011110000011
11111011110001000010011100000011
11111010000001000010011010000011
11111010010001000010011000000011
11111010100001000010010110000011
11111010110001000010010100000011
00000000000000000000000000010011
11111010101001000010110000100011
11111011100001000010011110000011
00000000000001111101011001100011
11111011100001000010011110000011
00000110010000000000000001101111
11111011110001000010010100000011
00000000000000000000000000010011
11111110000001000010011100000011
11111001110001000010011110000011
00000100111001111101011001100011
11111101110001000010011110000011
00000010000001111000111001100011
11111010110001000010011110000011
00000000000001111010011110000011
00000000000001111001101001100011
11111010110001000010011110000011
00000000000001111010011110000011
00000000111100000000010100110011
00000000000000000000000000010011
11111010100001000010011110000011
00000000000001111010011110000011
00000000000001111001101001100011
11111010100001000010011110000011
00000000000001111010011110000011
00000000111100000000010100110011
00000000000000000000000000010011
11111111111100000000011110010011
00000000100000000000000001101111
11111110000001000010011110000011
00000000111100000000010100110011
00000111110000010010000010000011
00000111100000010010010000000011
00001000000000010000000100010011
00000000000000001000000001100111
11111000000000010000000100010011
00000110000100010010111000100011
00000110100000010010110000100011
00001000000000010000010000010011
11111010101001000010011000100011
11111010101101000010010000100011
11111010110001000010001000100011
11111010110101000010000000100011
11111000111001000010111000100011
11111100000001000010111000100011
11111010010001000010010100000011
00000000000000000000000000010011
00000000101000000000011110110011
00000000000101111000011110010011
11111100111101000010110000100011
11111010000001000010010100000011
00000000000000000000000000010011
00000000101000000000011110110011
00000000000101111000011110010011
11111100111101000010101000100011
00000000001000000000011110010011
11111100111101000010100000100011
11111010110001000010011110000011
00000000000001111000101001100011
11111010100001000010011110000011
00000000000001111000011001100011
00000000000100000000011110010011
11111100111101000010111000100011
11111101110001000010011110000011
00000000000001111000101001100011
11111010110001000010011110000011
00000000000001111010000000100011
11111010100001000010011110000011
00000000000001111010000000100011
11111101100001000010011100000011
11111101010001000010011110000011
00000000111001111101101001100011
11111101100001000010011100000011
11111101010001000010011110000011
01000000111101110000011110110011
00000001000000000000000001101111
11111101010001000010011100000011
11111101100001000010011110000011
01000000111101110000011110110011
11111100111101000010011000100011
11111001110001000010011100000011
11111101000001000010011110000011
00000010111101110100011110110011
11111100110001000010011100000011
00000100111001111101011001100011
11111101110001000010011110000011
00000010000001111000111001100011
11111010110001000010011110000011
00000000000001111010011110000011
00000000000001111001101001100011
11111010110001000010011110000011
00000000000001111010011110000011
00000000111100000000010100110011
00000000000000000000000000010011
11111010100001000010011110000011
00000000000001111010011110000011
00000000000001111001101001100011
11111010100001000010011110000011
00000000000001111010011110000011
00000000111100000000010100110011
00000000000000000000000000010011
11111111111100000000011110010011
01010000000000000000000001101111
11111001110001000010011100000011
11111101000001000010011110000011
00000010111101110100011100110011
11111100110001000010011110000011
01000000111101110000011110110011
11111100111101000010010000100011
11111100100001000010011110000011
00000001111101111101011100010011
00000000111101110000011110110011
01000000000101111101011110010011
11111100111101000010010000100011
11111101100001000010011100000011
11111101010001000010011110000011
00000000111001111101111001100011
11111101100001000010011100000011
11111101010001000010011110000011
01000000111101110000011100110011
11111100100001000010011110000011
00000000111101110000011110110011
00000000100000000000000001101111
11111100100001000010011110000011
11111100111101000010001000100011
11111100010001000010011110000011
00000000000101111001011110010011
00000000000101111000011110010011
11111100111101000010000000100011
11111101100001000010011110000011
11111111111101111000011100010011
11111101010001000010011110000011
11111111111101111000011010010011
11111100010001000010011110000011
01000000111101101000011110110011
01000000111101110000011110110011
11111110111101000010001000100011
11111110010001000010011110000011
00000000000001111100100001100011
11111110010001000010011100000011
11111100000001000010011110000011
00000100111101110100011001100011
11111101110001000010011110000011
00000010000001111000111001100011
11111010110001000010011110000011
00000000000001111010011110000011
00000000000001111001101001100011
11111010110001000010011110000011
00000000000001111010011110000011
00000000111100000000010100110011
00000000000000000000000000010011
11111010100001000010011110000011
00000000000001111010011110000011
00000000000001111001101001100011
11111010100001000010011110000011
00000000000001111010011110000011
00000000111100000000010100110011
00000000000000000000000000010011
11111111111100000000011110010011
01000001110000000000000001101111
11111101010001000010011100000011
11111100000001000010011110000011
00000010111101110000011110110011
00000000001001111001011110010011
00000000111100000000010100110011
00000000000000000000000000010011
00000000101000000000011110110011
11111010111101000010111000100011
11111110000001000010001000100011
00000101110000000000000001101111
11111110010001000010011100000011
11111100010001000010011110000011
00000010111101110101000001100011
11111110010001000010011110000011
00000000001001111001011110010011
11111011110001000010011100000011
00000000111101110000011110110011
11111111111100000000011100010011
00000000111001111010000000100011
00000010100000000000000001101111
11111110010001000010011100000011
11111100010001000010011110000011
01000000111101110000011100110011
11111110010001000010011110000011
00000000001001111001011110010011
11111011110001000010011010000011
00000000111101101000011110110011
00000000000101110001011100010011
00000000111001111010000000100011
11111110010001000010011110000011
00000000000101111000011110010011
11111110111101000010001000100011
11111110010001000010011100000011
11111100000001000010011110000011
11111010111101110100000011100011
00000000000100000000011110010011
11111110111101000010011000100011
00101001100000000000000001101111
11111110110001000010011100000011
11111100010001000010011110000011
01000000111101110000011110110011
11111110111101000010010000100011
00100110010000000000000001101111
11111110110001000010011100000011
11111100010001000010011110000011
01000000111101110000011110110011
11111110100001000010011100000011
01000000111101110000011110110011
11111110111101000010001000100011
11111110100001000010011110000011
00000010000001111101100001100011
11111110110001000010011100000011
11111100000001000010011110000011
00000010111101110000011100110011
11111110010001000010011110000011
00000000111101110000011110110011
00000000001001111001011110010011
11111011110001000010011100000011
00000000111101110000011110110011
11111111111100000000011100010011
00000000111001111010000000100011
00100000110000000000000001101111
11111110100001000010011110000011
00000010000001111001101001100011
11111110110001000010011100000011
11111100000001000010011110000011
00000010111101110000011100110011
11111110010001000010011110000011
00000000111101110000011110110011
00000000001001111001011110010011
11111011110001000010011100000011
00000000111101110000011110110011
11111110110001000010011100000011
00000000000101110001011100010011
00000000111001111010000000100011
00011101010000000000000001101111
11111110100001000010011100000011
11111101100001000010011110000011
00000010111101110100100001100011
11111110110001000010011100000011
11111100000001000010011110000011
00000010111101110000011100110011
11111110010001000010011110000011
00000000111101110000011110110011
00000000001001111001011110010011
11111011110001000010011100000011
00000000111101110000011110110011
11111111111100000000011100010011
00000000111001111010000000100011
00011001110000000000000001101111
11111110110001000010011110000011
11111111111101111000011100010011
11111100000001000010011110000011
00000010111101110000011100110011
11111110010001000010011110000011
00000000111101110000011110110011
00000000001001111001011110010011
11111011110001000010011100000011
00000000111101110000011110110011
00000000000001111010011100000011
11111110100001000010011110000011
11111111111101111000011110010011
11111010010001000010011010000011
00000000111101101000011110110011
00000000000001111100011010000011
11111110110001000010011110000011
11111111111101111000011110010011
11111010000001000010011000000011
00000000111101100000011110110011
00000000000001111100011110000011
00000000111101101001011001100011
00000000000000000000011110010011
00000000100000000000000001101111
00000000001100000000011110010011
00000000111001111000011110110011
11111110111101000010000000100011
11111110010001000010011110000011
00001000111100000101010001100011
11111110110001000010011100000011
11111100000001000010011110000011
00000010111101110000011100110011
11111110010001000010011110000011
00000000111101110000011110110011
00000000111100000000011100110011
01000000000000000000011110110111
00000000000001111000011110010011
11111111111101111000011110010011
00000000111101110000011110110011
00000000001001111001011110010011
11111011110001000010011100000011
00000000111101110000011110110011
00000000000001111010011110000011
00000000001001111000011110010011
11111110000001000010011100000011
00000100111001111101001001100011
11111110110001000010011100000011
11111100000001000010011110000011
00000010111101110000011100110011
11111110010001000010011110000011
00000000111101110000011110110011
00000000111100000000011100110011
01000000000000000000011110110111
00000000000001111000011110010011
11111111111101111000011110010011
00000000111101110000011110110011
00000000001001111001011110010011
11111011110001000010011100000011
00000000111101110000011110110011
00000000000001111010011110000011
00000000001001111000011110010011
11111110111101000010000000100011
11111110010001000010011110000011
00000000000101111000011110010011
11111100000001000010011100000011
00000110111101110000100001100011
11111110110001000010011110000011
11111111111101111000011100010011
11111100000001000010011110000011
00000010111101110000011100110011
11111110010001000010011110000011
00000000111101110000011110110011
00000000000101111000011110010011
00000000001001111001011110010011
11111011110001000010011100000011
00000000111101110000011110110011
00000000000001111010011110000011
00000000001001111000011110010011
11111110000001000010011100000011
00000010111001111101110001100011
11111110110001000010011110000011
11111111111101111000011100010011
11111100000001000010011110000011
00000010111101110000011100110011
11111110010001000010011110000011
00000000111101110000011110110011
00000000000101111000011110010011
00000000001001111001011110010011
11111011110001000010011100000011
00000000111101110000011110110011
00000000000001111010011110000011
00000000001001111000011110010011
11111110111101000010000000100011
11111110110001000010011100000011
11111100000001000010011110000011
00000010111101110000011100110011
11111110010001000010011110000011
00000000111101110000011110110011
00000000001001111001011110010011
11111011110001000010011100000011
00000000111101110000011110110011
11111110000001000010011100000011
00000000111001111010000000100011
11111110100001000010011110000011
00000000000101111000011110010011
11111110111101000010010000100011
11111110110001000010011100000011
11111100010001000010011110000011
00000000111101110000011110110011
11111110100001000010011100000011
11011000111001111101100011100011
11111110110001000010011110000011
00000000000101111000011110010011
11111110111101000010011000100011
11111110110001000010011100000011
11111101010001000010011110000011
11010110111101110100001011100011
11111101100001000010011110000011
11111111111101111000011100010011
11111101010001000010011110000011
11111111111101111000011010010011
11111100010001000010011110000011
01000000111101101000011110110011
01000000111101110000011110110011
11111110111101000010001000100011
11111101010001000010011110000011
11111111111101111000011100010011
11111100000001000010011110000011
00000010111101110000011100110011
11111110010001000010011110000011
00000000111101110000011110110011
00000000001001111001011110010011
11111011110001000010011100000011
00000000111101110000011110110011
00000000000001111010011110000011
11111110111101000010000000100011
11111101110001000010011110000011
00000010000001111000100001100011
00000010110100000000011110010011
00000000111100010010000000100011
11111100000001000010100010000011
11111101100001000010100000000011
11111101010001000010011110000011
11111011110001000010011100000011
11111010000001000010011010000011
11111010010001000010011000000011
11111010100001000010010110000011
11111010110001000010010100000011
00000000000000000000000000010011
11111011110001000010010100000011
00000000000000000000000000010011
11111110000001000010011100000011
11111001110001000010011110000011
00000100111001111101011001100011
11111101110001000010011110000011
00000010000001111000111001100011
11111010110001000010011110000011
00000000000001111010011110000011
00000000000001111001101001100011
11111010110001000010011110000011
00000000000001111010011110000011
00000000111100000000010100110011
00000000000000000000000000010011
11111010100001000010011110000011
00000000000001111010011110000011
00000000000001111001101001100011
11111010100001000010011110000011
00000000000001111010011110000011
00000000111100000000010100110011
00000000000000000000000000010011
11111111111100000000011110010011
00000000100000000000000001101111
11111110000001000010011110000011
00000000111100000000010100110011
00000111110000010010000010000011
00000111100000010010010000000011
00001000000000010000000100010011
00000000000000001000000001100111
