11111100000000010000000100010011
00000010000100010010111000100011
00000010100000010010110000100011
00000011001000010010101000100011
00000011001100010010100000100011
00000100000000010000010000010011
11111100101001000010111000100011
11111100101101000010100000100011
11111100110001000010101000100011
11111100110101000010010000100011
11111100111001000010011000100011
11111100111101000010110000100011
11111101000001000010001000100011
01001010100000000000010100010011
00000000000000000000000000010011
00000000101000000000011110110011
11111110111101000010011000100011
11111110110001000010011110000011
00000000000001111001011001100011
00000000000000000000011110010011
00001111100000000000000001101111
11111101110001000010011110000011
00000000111100000000100100110011
00000000000000000000100110010011
11111110110001000010011110000011
00000001001001111010000000100011
00000001001101111010001000100011
11111110110001000010011010000011
11111101000001000010011100000011
11111101010001000010011110000011
00000000111001101010010000100011
00000000111101101010011000100011
11111100010001000010011100000011
11111110110001000010011110000011
00000000111001111010100000100011
11111110110001000010011110000011
00000000000100000000011100010011
01000000111001111000110010100011
11111110110001000010011110000011
00000000000100000000011100010011
01000000111001111000110000100011
11111110110001000010011110000011
00000000000000000000011010010011
00000000000000000000011100010011
01000010110101111010000000100011
01000010111001111010001000100011
11111110110001000010011110000011
01000000000001111010101000100011
11111110110001000010011110000011
01000010100001111000011110010011
00001000000000000000011000010011
00000000000000000000010110010011
00000000111100000000010100110011
00000000000000000000000000010011
11111110110001000010011110000011
00000001010001111000011110010011
01000000000000000000011000010011
00000000000000000000010110010011
00000000111100000000010100110011
00000000000000000000000000010011
11111110110001000010011110000011
00000001010001111000011100010011
11111100010001000010011110000011
00000000001001111001011110010011
00000000111100000000011000110011
11111101100001000010010110000011
00000000111000000000010100110011
00000000000000000000000000010011
11111100100001000010010100000011
11111100110001000010010110000011
00000000000000000000000000010011
11111110101001000010010000100011
11111110100001000010011110000011
00000000000001111001101001100011
11111110110001000010010100000011
00000000000000000000000000010011
00000000000000000000011110010011
00000001010000000000000001101111
11111110110001000010011110000011
11111110100001000010011100000011
01000000111001111010101000100011
11111110110001000010011110000011
00000000111100000000010100110011
00000011110000010010000010000011
00000011100000010010010000000011
00000011010000010010100100000011
00000011000000010010100110000011
00000100000000010000000100010011
00000000000000001000000001100111
11111100000000010000000100010011
00000010000100010010111000100011
00000010100000010010110000100011
00000011001000010010101000100011
00000011001100010010100000100011
00000100000000010000010000010011
11111100101001000010111000100011
11111100101101000010100000100011
11111100110001000010101000100011
11111100110101000010110000100011
11111100111001000010010000100011
11111100111101000010011000100011
11111101000001000010001000100011
11111101000101000010000000100011
01001010100000000000010100010011
00000000000000000000000000010011
00000000101000000000011110110011
11111110111101000010011000100011
11111110110001000010011110000011
00000000000001111001011001100011
00000000000000000000011110010011
00010011110000000000000001101111
11111101110001000010011110000011
00000000111100000000100100110011
00000000000000000000100110010011
11111110110001000010011110000011
00000001001001111010000000100011
00000001001101111010001000100011
11111110110001000010011010000011
11111101000001000010011100000011
11111101010001000010011110000011
00000000111001101010010000100011
00000000111101101010011000100011
00000000010001000010011100000011
11111110110001000010011110000011
00000000111001111010100000100011
11111110110001000010011110000011
00000000000100000000011100010011
01000000111001111000110010100011
11111110110001000010011110000011
00000000000100000000011100010011
01000000111001111000110000100011
11111110110001000010011110000011
00000000000000000000011010010011
00000000000000000000011100010011
01000010110101111010000000100011
01000010111001111010001000100011
11111110110001000010011110000011
01000000000001111010101000100011
11111110110001000010011110000011
01000010100001111000011110010011
00001000000000000000011000010011
00000000000000000000010110010011
00000000111100000000010100110011
00000000000000000000000000010011
11111110110001000010011110000011
00000001010001111000011110010011
01000000000000000000011000010011
00000000000000000000010110010011
00000000111100000000010100110011
00000000000000000000000000010011
11111110110001000010011110000011
00000001010001111000011100010011
00000000010001000010011110000011
00000000001001111001011110010011
00000000111100000000011000110011
00000000000001000010010110000011
00000000111000000000010100110011
00000000000000000000000000010011
11111100000001000010100000000011
11111100010001000010011110000011
01001010100000000000011100010011
11111110110001000010011010000011
11111101100001000010011000000011
11111100100001000010010100000011
11111100110001000010010110000011
00000000000000000000000000010011
11111110101001000010010000100011
11111110100001000010011110000011
00000000000001111001101001100011
11111110110001000010010100000011
00000000000000000000000000010011
00000000000000000000011110010011
00000100010000000000000001101111
01001010100000000000011000010011
11111110100001000010010110000011
11111110110001000010010100000011
00000000000000000000000000010011
00000000101000000000011110110011
00000000000001111001111001100011
11111110110001000010010100000011
00000000000000000000000000010011
11111110100001000010010100000011
00000000000000000000000000010011
00000000000000000000011110010011
00000001010000000000000001101111
11111110110001000010011110000011
11111110100001000010011100000011
01000000111001111010101000100011
11111110110001000010011110000011
00000000111100000000010100110011
00000011110000010010000010000011
00000011100000010010010000000011
00000011010000010010100100000011
00000011000000010010100110000011
00000100000000010000000100010011
00000000000000001000000001100111
11111110000000010000000100010011
00000000000100010010111000100011
00000000100000010010110000100011
00000010000000010000010000010011
11111110101001000010011000100011
11111110110001000010011110000011
00000010000001111000100001100011
11111110110001000010011110000011
01000001010001111010011110000011
00000000000001111000111001100011
11111110110001000010011110000011
01000001010001111010011110000011
00000000111100000000010100110011
00000000000000000000000000010011
11111110110001000010011110000011
01000000000001111010101000100011
11111110110001000010010100000011
00000000000000000000000000010011
00000000000000000000000000010011
00000001110000010010000010000011
00000001100000010010010000000011
00000010000000010000000100010011
00000000000000001000000001100111
11111110000000010000000100010011
00000000000100010010111000100011
00000000100000010010110000100011
00000010000000010000010000010011
11111110101001000010011000100011
11111110110001000010011110000011
00000000000001111010011100000011
00000000010001111010011110000011
00000000111000000000010110110011
11111110110001000010011110000011
00000000100001111010011000000011
00000000110001111010011010000011
11111110110001000010011110000011
00000001000001111010011110000011
00000000111100000000011100110011
00010000000000010000011110110111
00000000000001111000010100010011
00000000000000000000000000010011
00000000000000000000000000010011
00000001110000010010000010000011
00000001100000010010010000000011
00000010000000010000000100010011
00000000000000001000000001100111
11111101000000010000000100010011
00000010000100010010011000100011
00000010100000010010010000100011
00000011000000010000010000010011
11111100101001000010111000100011
11111100101101000010110000100011
11111100110001000010101000100011
11111101110001000010011110000011
01000001010001111010011110000011
11111110111101000010011000100011
11111101110001000010011110000011
01000001010001111010011110000011
11111101010001000010011000000011
11111101100001000010010110000011
00000000111100000000010100110011
00000000000000000000000000010011
11111110101001000010010000100011
11111110100001000010011110000011
00000000000001111000011001100011
11111110100001000010011110000011
00000011010000000000000001101111
01001010100000000000011000010011
11111110110001000010010110000011
11111101110001000010010100000011
00000000000000000000000000010011
00000000101000000000011110110011
00000000000001111001011001100011
00000000000100000000011110010011
00000001010000000000000001101111
11111101110001000010011110000011
11111110110001000010011100000011
01000000111001111010101000100011
00000000000000000000011110010011
00000000111100000000010100110011
00000010110000010010000010000011
00000010100000010010010000000011
00000011000000010000000100010011
00000000000000001000000001100111
11111101000000010000000100010011
00000010000100010010011000100011
00000010100000010010010000100011
00000011000000010000010000010011
11111100101001000010111000100011
11111100101101000010110000100011
11111100110001000010101000100011
01001010100000000000010100010011
00000000000000000000000000010011
00000000101000000000011110110011
11111110111101000010011000100011
11111110110001000010011110000011
00000000000001111001011001100011
00000000000000000000011110010011
00000111100000000000000001101111
11111101110001000010011110000011
01000001010001111010011110000011
11111101010001000010011000000011
11111101100001000010010110000011
00000000111100000000010100110011
00000000000000000000000000010011
11111110101001000010010000100011
11111110100001000010011110000011
00000000000001111001101001100011
11111110110001000010010100000011
00000000000000000000000000010011
00000000000000000000011110010011
00000100010000000000000001101111
01001010100000000000011000010011
11111110100001000010010110000011
11111110110001000010010100000011
00000000000000000000000000010011
00000000101000000000011110110011
00000000000001111001111001100011
11111110110001000010010100000011
00000000000000000000000000010011
11111110100001000010010100000011
00000000000000000000000000010011
00000000000000000000011110010011
00000001010000000000000001101111
11111110110001000010011110000011
11111110100001000010011100000011
01000000111001111010101000100011
11111110110001000010011110000011
00000000111100000000010100110011
00000010110000010010000010000011
00000010100000010010010000000011
00000011000000010000000100010011
00000000000000001000000001100111
11111101000000010000000100010011
00000010000100010010011000100011
00000010100000010010010000100011
00000011000000010000010000010011
11111100101001000010111000100011
11111100101101000010110000100011
00000000100000000000011100010011
00000000000000000000011110010011
11111110111001000010000000100011
11111110111101000010001000100011
11111101100001000010011110000011
11111110111101000010010000100011
11111110000001000000011110010011
00000000111100000000010110110011
11111101110001000010010100000011
00000000000000000000000000010011
00000000101000000000011100110011
00000000101100000000011110110011
00000000111000000000010100110011
00000000111100000000010110110011
00000010110000010010000010000011
00000010100000010010010000000011
00000011000000010000000100010011
00000000000000001000000001100111
11111101000000010000000100010011
00000010000100010010011000100011
00000010100000010010010000100011
00000011001000010010001000100011
00000011001100010010000000100011
00000011000000010000010000010011
11111100101001000010111000100011
11111100101101000010110000100011
11111101100001000010011110000011
00000000100001111010010100000011
11111101100001000010011110000011
00000000000001111010011100000011
00000000010001111010011110000011
11111110000001000000011110010011
00000000111100000000011010110011
11111101110001000010011000000011
00000000111000000000010110110011
00000000000000000000000000010011
11111110000001000010011000000011
11111110010001000010011010000011
11111110100001000010011100000011
11111110110001000010011110000011
00000000111001100100100100110011
00000000111101101100100110110011
00000001001000000000011100110011
00000001001100000000011110110011
00000000111000000000010100110011
00000000111100000000010110110011
00000010110000010010000010000011
00000010100000010010010000000011
00000010010000010010100100000011
00000010000000010010100110000011
00000011000000010000000100010011
00000000000000001000000001100111
