11111110000000010000000100010011
00000000100000010010111000100011
00000010000000010000010000010011
11111110101001000010011000100011
11111110110001000010011110000011
00000000000001111101011010000011
11111111111111111111011100110111
00000000000001110000011100010011
00000000111001101111011100110011
00001111111101110110011100010011
00000000111001111001000000100011
11111110110001000010011110000011
00000000000001111101011010000011
11111111111111111111011100110111
00000000000001110000011100010011
11111111111101110000011100010011
00000000111001101111011100110011
00000000111001111001000000100011
11111110110001000010011110000011
00000000000001111101011010000011
11111111111111111010011100110111
00000000000001110000011100010011
11111111111101110000011100010011
00000000111001101111011100110011
00000000111001111001000000100011
11111110110001000010011110000011
00000000000001111101011010000011
11111111111111111000011100110111
00000000000001110000011100010011
00000000111001101110011100110011
00000000111001111001000000100011
11111110110001000010011110000011
00000000001001111101011100000011
11111111110001110111011100010011
00000000000101110110011100010011
00000000111001111001000100100011
11111110110001000010011110000011
00000000001001111101011100000011
11111100001101110111011100010011
00000001000001110110011100010011
00000000111001111001000100100011
11111110110001000010011110000011
00000000001001111101011100000011
11111011111101110111011100010011
00000000111001111001000100100011
11111110110001000010011110000011
00000000001001111101011100000011
10001111111101110111011100010011
00100000000001110110011100010011
00000000111001111001000100100011
11111110110001000010011110000011
00000000001001111101011010000011
11111111111111111111011100110111
00000000000001110000011100010011
01111111111101110000011100010011
00000000111001101111011100110011
00000000111001111001000100100011
11111110110001000010011110000011
00000000001001111101011010000011
11111111111111111111011100110111
00000000000001110000011100010011
11111111111101110000011100010011
00000000111001101111011100110011
00000000111001111001000100100011
00000000000000000000000000010011
00000001110000010010010000000011
00000010000000010000000100010011
00000000000000001000000001100111
11111110000000010000000100010011
00000000100000010010111000100011
00000010000000010000010000010011
11111110101001000010011000100011
11111110101101000010010000100011
11111110110001000010011110000011
00000000000001111101011100000011
11111111111001110111011100010011
00000000111001111001000000100011
11111110110001000010011110000011
00000000000001111101011100000011
11111111110101110111011100010011
00000000111001111001000000100011
11111110100001000010011110000011
00000001000001111001011110010011
00000001000001111101011110010011
00000000011101111000011110010011
00000001000001111001011110010011
00000001000001111101011110010011
00000000111100000000011100110011
00000000000000000010011110110111
00000000000001111000011110010011
11111111111101111000011110010011
00000000111101110111011110110011
00000001000001111001011010010011
00000001000001101101011010010011
11111110110001000010011110000011
00000000000000000010011100110111
00000000000001110000011100010011
11111111111101110000011100010011
00000000111001101111011100110011
00000000001001110001011000010011
00000000000001111101011010000011
11111111111111111000011100110111
00000000000001110000011100010011
00000000001101110000011100010011
00000000111001101111011100110011
00000000111000000000011010110011
00000000110000000000011100110011
00000000111001101110011100110011
00000000111001111001000000100011
11111110110001000010011110000011
00000000001001111101011100000011
10000000000001110111011100010011
00000111111101110110011100010011
00000000111001111001000100100011
11111110110001000010011110000011
00000000001001111101011010000011
11111111111111111110011100110111
00000000000001110000011100010011
01111111111101110000011100010011
00000000111001101111011100110011
00000000111000000000011010110011
00000000000000000001011100110111
00000000000001110000011100010011
00000000111001101110011100110011
00000000111001111001000100100011
00000000000000000000000000010011
00000001110000010010010000000011
00000010000000010000000100010011
00000000000000001000000001100111
11111000000000010000000100010011
00000110100000010010111000100011
00000111001000010010110000100011
00000111001100010010101000100011
00000111010000010010100000100011
00000111010100010010011000100011
00000111011000010010010000100011
00000111011100010010001000100011
00000111100000010010000000100011
00000101100100010010111000100011
00000101101000010010110000100011
00000101101100010010101000100011
00001000000000010000010000010011
11111010101001000010111000100011
11111010101101000010110000100011
00000000000000000000011100010011
00000000000000000000011110010011
11111100111001000010010000100011
11111100111101000010011000100011
11111011110001000010011110000011
11111100111101000010001000100011
11111100010001000010011100000011
00000000000101110000011110010011
11111100111101000010001000100011
00000000000001110100011110000011
00000000111100000000011000110011
00000000000000000000011010010011
11111100100001000010011110000011
00000000110001111110011110110011
11111100111101000010010000100011
11111100110001000010011110000011
00000000110101111110011110110011
11111100111101000010011000100011
11111100100001000010011110000011
00000001100001111101011100010011
11111100110001000010011110000011
00000000100001111001011110010011
00000000111001111110011110110011
11111100111101000010011000100011
11111100100001000010011110000011
00000000100001111001011110010011
11111100111101000010010000100011
11111100010001000010011100000011
00000000000101110000011110010011
11111100111101000010001000100011
00000000000001110100011110000011
00000000111100000000100000110011
00000000000000000000100010010011
11111100100001000010011110000011
00000001000001111110011110110011
11111100111101000010010000100011
11111100110001000010011110000011
00000001000101111110011110110011
11111100111101000010011000100011
11111100100001000010011110000011
00000001100001111101011100010011
11111100110001000010011110000011
00000000100001111001011110010011
00000000111001111110011110110011
11111100111101000010011000100011
11111100100001000010011110000011
00000000100001111001011110010011
11111100111101000010010000100011
11111100010001000010011100000011
00000000000101110000011110010011
11111100111101000010001000100011
00000000000001110100011110000011
00000000111100000000100100110011
00000000000000000000100110010011
11111100100001000010011110000011
00000001001001111110011110110011
11111100111101000010010000100011
11111100110001000010011110000011
00000001001101111110011110110011
11111100111101000010011000100011
11111100100001000010011110000011
00000001100001111101011100010011
11111100110001000010011110000011
00000000100001111001011110010011
00000000111001111110011110110011
11111100111101000010011000100011
11111100100001000010011110000011
00000000100001111001011110010011
11111100111101000010010000100011
11111100010001000010011100000011
00000000000101110000011110010011
11111100111101000010001000100011
00000000000001110100011110000011
00000000111100000000101000110011
00000000000000000000101010010011
11111100100001000010011110000011
00000001010001111110011110110011
11111100111101000010010000100011
11111100110001000010011110000011
00000001010101111110011110110011
11111100111101000010011000100011
11111100100001000010011110000011
00000001100001111101011100010011
11111100110001000010011110000011
00000000100001111001011110010011
00000000111001111110011110110011
11111100111101000010011000100011
11111100100001000010011110000011
00000000100001111001011110010011
11111100111101000010010000100011
11111100010001000010011100000011
00000000000101110000011110010011
11111100111101000010001000100011
00000000000001110100011110000011
00000000111100000000110100110011
00000000000000000000110110010011
11111100100001000010011110000011
00000001101001111110011110110011
11111100111101000010010000100011
11111100110001000010011110000011
00000001101101111110011110110011
11111100111101000010011000100011
11111100100001000010011110000011
00000001100001111101011110010011
11111100110001000010011100000011
00000000100001110001011100010011
00000000111101110110011110110011
11111100111101000010011000100011
11111100100001000010011110000011
00000000100001111001011110010011
11111100111101000010010000100011
11111100010001000010011110000011
00000000000101111000011100010011
11111100111001000010001000100011
00000000000001111100011110000011
00000000111100000000110000110011
00000000000000000000110010010011
11111100100001000010011110000011
00000001100001111110011110110011
11111100111101000010010000100011
11111100110001000010011110000011
00000001100101111110011110110011
11111100111101000010011000100011
11111100100001000010011110000011
00000001100001111101011110010011
11111100110001000010011100000011
00000000100001110001011100010011
00000000111101110110011110110011
11111100111101000010011000100011
11111100100001000010011110000011
00000000100001111001011110010011
11111100111101000010010000100011
11111100010001000010011110000011
00000000000101111000011100010011
11111100111001000010001000100011
00000000000001111100011110000011
00000000111100000000101100110011
00000000000000000000101110010011
11111100100001000010011110000011
00000001011001111110011110110011
11111100111101000010010000100011
11111100110001000010011110000011
00000001011101111110011110110011
11111100111101000010011000100011
11111100110001000010011110000011
00000000110001111101011110010011
11111010111101000010100000100011
11111010000001000010101000100011
11111011000001000101011100000011
00000000000000000001011110110111
00000000000001111000011110010011
11111111111101111000011110010011
00000000111101110111011110110011
00000001000001111001011010010011
00000001000001101101011010010011
11111011100001000010011110000011
00000000000000000001011100110111
00000000000001110000011100010011
11111111111101110000011100010011
00000000111001101111011000110011
00000000000001111101011010000011
11111111111111111111011100110111
00000000000001110000011100010011
00000000111001101111011100110011
00000000111000000000011010110011
00000000110000000000011100110011
00000000111001101110011100110011
00000000111001111001000000100011
11111100110001000010011110000011
00000000101101111101011110010011
11111010111101000010010000100011
11111010000001000010011000100011
11111010100001000100011110000011
00000000000101111111011110010011
00001111111101111111011100010011
11111011100001000010011110000011
00000000000101110111011100010011
00000000110001110001011000010011
00000000000001111101011010000011
11111111111111111111011100110111
00000000000001110000011100010011
11111111111101110000011100010011
00000000111001101111011100110011
00000000111000000000011010110011
00000000110000000000011100110011
00000000111001101110011100110011
00000000111001111001000000100011
11111100110001000010011110000011
00000000100101111101011110010011
11111010111101000010000000100011
11111010000001000010001000100011
11111010000001000100011110000011
00000000001101111111011110010011
00001111111101111111011100010011
11111011100001000010011110000011
00000000001101110111011100010011
00000000110101110001011000010011
00000000000001111101011010000011
11111111111111111010011100110111
00000000000001110000011100010011
11111111111101110000011100010011
00000000111001101111011100110011
00000000111000000000011010110011
00000000110000000000011100110011
00000000111001101110011100110011
00000000111001111001000000100011
11111100110001000010011110000011
00000000100001111101011110010011
11111000111101000010110000100011
11111000000001000010111000100011
11111001100001000100011110000011
00000000000101111111011110010011
00001111111101111111011100010011
11111011100001000010011110000011
00000000111101110001011000010011
00000000000001111101011010000011
00000000000000001000011100110111
00000000000001110000011100010011
11111111111101110000011100010011
00000000111001101111011100110011
00000000111000000000011010110011
00000000110000000000011100110011
00000000111001101110011100110011
00000000111001111001000000100011
11111100110001000010011110000011
00000000011001111101011110010011
11111000111101000010100000100011
11111000000001000010101000100011
11111001000001000100011110000011
00000000001101111111011110010011
00001111111101111111011100010011
11111011100001000010011110000011
00000000001101110111011000010011
00000000001001111101011100000011
11111111110001110111011100010011
00000000111000000000011010110011
00000000110000000000011100110011
00000000111001101110011100110011
00000000111001111001000100100011
11111100110001000010011110000011
00000000001001111101011110010011
11111000111101000010010000100011
11111000000001000010011000100011
11111000100001000100011110000011
00000000111101111111011110010011
00001111111101111111011100010011
11111011100001000010011110000011
00000000111101110111011100010011
00000000001001110001011000010011
00000000001001111101011100000011
11111100001101110111011100010011
00000000111000000000011010110011
00000000110000000000011100110011
00000000111001101110011100110011
00000000111001111001000100100011
11111100110001000010011110000011
00000000000101111101011110010011
11111000111101000010000000100011
11111000000001000010001000100011
11111000000001000100011110000011
00000000000101111111011110010011
00001111111101111111011100010011
11111011100001000010011110000011
00000000000101110111011100010011
00000000011001110001011000010011
00000000001001111101011100000011
11111011111101110111011100010011
00000000111000000000011010110011
00000000110000000000011100110011
00000000111001101110011100110011
00000000111001111001000100100011
11111100110001000010011110000011
00000000001001111001011110010011
11111100100001000010011100000011
00000001111001110101111100010011
00000001111001111110111100110011
11111100110001000010011110000011
00000001111001111101111110010011
00000001111000000000011110110011
00000000011101111111011110010011
00001111111101111111011100010011
11111011100001000010011110000011
00000000011101110111011100010011
00000000100001110001011000010011
00000000001001111101011100000011
10001111111101110111011100010011
00000000111000000000011010110011
00000000110000000000011100110011
00000000111001101110011100110011
00000000111001111001000100100011
11111100110001000010011110000011
00000000001101111001011110010011
11111100100001000010011100000011
00000001110101110101111000010011
00000001110001111110111000110011
11111100110001000010011110000011
00000001110101111101111010010011
00000001110000000000011110110011
00000000000101111111011110010011
00001111111101111111011100010011
11111011100001000010011110000011
00000000000101110111011100010011
00000000101101110001011000010011
00000000001001111101011010000011
11111111111111111111011100110111
00000000000001110000011100010011
01111111111101110000011100010011
00000000111001101111011100110011
00000000111000000000011010110011
00000000110000000000011100110011
00000000111001101110011100110011
00000000111001111001000100100011
11111100110001000010011110000011
00000000010001111001011110010011
11111100100001000010011100000011
00000001110001110101001100010011
00000000011001111110001100110011
11111100110001000010011110000011
00000001110001111101001110010011
00000000011000000000011110110011
00000000000101111111011110010011
00001111111101111111011100010011
11111011100001000010011110000011
00000000000101110111011100010011
00000000110001110001011000010011
00000000001001111101011010000011
11111111111111111111011100110111
00000000000001110000011100010011
11111111111101110000011100010011
00000000111001101111011100110011
00000000111000000000011010110011
00000000110000000000011100110011
00000000111001101110011100110011
00000000111001111001000100100011
00000000000000000000000000010011
00000111110000010010010000000011
00000111100000010010100100000011
00000111010000010010100110000011
00000111000000010010101000000011
00000110110000010010101010000011
00000110100000010010101100000011
00000110010000010010101110000011
00000110000000010010110000000011
00000101110000010010110010000011
00000101100000010010110100000011
00000101010000010010110110000011
00001000000000010000000100010011
00000000000000001000000001100111
11111011000000010000000100010011
00000100100000010010011000100011
00000101001000010010010000100011
00000101001100010010001000100011
00000101010000010010000000100011
00000011010100010010111000100011
00000011011000010010110000100011
00000011011100010010101000100011
00000011100000010010100000100011
00000011100100010010011000100011
00000101000000010000010000010011
11111010101001000010111000100011
11111010101101000010110000100011
00000000000000000000010100010011
00000000000000000000010110010011
11111100101001000010010000100011
11111100101101000010011000100011
11111011110001000010010110000011
00000000000001011100010110000011
11111100101101000010010000100011
11111100000001000010011000100011
11111100100001000010010110000011
00000001100001011101010110010011
11111100110001000010010100000011
00000000100001010001010100010011
00000000101101010110010110110011
11111100101101000010011000100011
11111100100001000010010110000011
00000000100001011001010110010011
11111100101101000010010000100011
11111011110001000010010110000011
00000000000101011000010110010011
00000000000001011100010110000011
00000000101100000000110000110011
00000000000000000000110010010011
11111100100001000010010110000011
00000001100001011110010110110011
11111100101101000010010000100011
11111100110001000010010110000011
00000001100101011110010110110011
11111100101101000010011000100011
11111100100001000010010110000011
00000001100001011101010110010011
11111100110001000010010100000011
00000000100001010001010100010011
00000000101101010110010110110011
11111100101101000010011000100011
11111100100001000010010110000011
00000000100001011001010110010011
11111100101101000010010000100011
11111011110001000010010110000011
00000000001001011000010110010011
00000000000001011100010110000011
00000000101100000000101100110011
00000000000000000000101110010011
11111100100001000010010110000011
00000001011001011110010110110011
11111100101101000010010000100011
11111100110001000010010110000011
00000001011101011110010110110011
11111100101101000010011000100011
11111100100001000010010110000011
00000001100001011101010110010011
11111100110001000010010100000011
00000000100001010001010100010011
00000000101101010110010110110011
11111100101101000010011000100011
11111100100001000010010110000011
00000000100001011001010110010011
11111100101101000010010000100011
11111011110001000010010110000011
00000000001101011000010110010011
00000000000001011100010110000011
00000000101100000000101000110011
00000000000000000000101010010011
11111100100001000010010110000011
00000001010001011110010110110011
11111100101101000010010000100011
11111100110001000010010110000011
00000001010101011110010110110011
11111100101101000010011000100011
11111100100001000010010110000011
00000001100001011101010110010011
11111100110001000010010100000011
00000000100001010001010100010011
00000000101101010110010110110011
11111100101101000010011000100011
11111100100001000010010110000011
00000000100001011001010110010011
11111100101101000010010000100011
11111011110001000010010110000011
00000000010001011000010110010011
00000000000001011100010110000011
00000000101100000000100100110011
00000000000000000000100110010011
11111100100001000010010110000011
00000001001001011110010110110011
11111100101101000010010000100011
11111100110001000010010110000011
00000001001101011110010110110011
11111100101101000010011000100011
11111100100001000010010110000011
00000001100001011101010110010011
11111100110001000010010100000011
00000000100001010001010100010011
00000000101101010110010110110011
11111100101101000010011000100011
11111100100001000010010110000011
00000000100001011001010110010011
11111100101101000010010000100011
11111011110001000010010110000011
00000000010101011000010110010011
00000000000001011100010110000011
00000000101100000000111100110011
00000000000000000000111110010011
11111100100001000010010110000011
00000001111001011110010110110011
11111100101101000010010000100011
11111100110001000010010110000011
00000001111101011110010110110011
11111100101101000010011000100011
11111100100001000010010110000011
00000001100001011101010110010011
11111100110001000010010100000011
00000000100001010001010100010011
00000000101101010110010110110011
11111100101101000010011000100011
11111100100001000010010110000011
00000000100001011001010110010011
11111100101101000010010000100011
11111011110001000010010110000011
00000000011001011000010110010011
00000000000001011100010110000011
00000000101100000000111000110011
00000000000000000000111010010011
11111100100001000010010110000011
00000001110001011110010110110011
11111100101101000010010000100011
11111100110001000010010110000011
00000001110101011110010110110011
11111100101101000010011000100011
11111100110001000010010110000011
00000000010101011001010110010011
11111100100001000010010100000011
00000001101101010101001100010011
00000000011001011110001100110011
11111100110001000010010110000011
00000001101101011101001110010011
00000000011000000000010110110011
00000000000101011111010110010011
00001111111101011111010100010011
11111011100001000010010110000011
00000000000101010111111000010011
00000000000001011101010100000011
11111111111001010111010100010011
00000000101000000000001100110011
00000001110000000000010100110011
00000000101000110110010100110011
00000000101001011001000000100011
11111100110001000010010110000011
00000000011001011001010110010011
11111100100001000010010100000011
00000001101001010101100000010011
00000001000001011110100000110011
11111100110001000010010110000011
00000001101001011101100010010011
00000001000000000000010110110011
00000000000101011111010110010011
00001111111101011111010100010011
11111011100001000010010110000011
00000000000101010111010100010011
00000000000101010001100010010011
00000000000001011101010100000011
11111111110101010111010100010011
00000000101000000000100000110011
00000001000100000000010100110011
00000000101010000110010100110011
00000000101001011001000000100011
11111100110001000010010110000011
00000001001101011001010110010011
11111100100001000010010100000011
00000000110101010101011000010011
00000000110001011110011000110011
11111100110001000010010110000011
00000000110101011101011010010011
00000000000000000010011010110111
00000000000001101000011010010011
11111111111101101000011010010011
00000000110101100111011010110011
00000001000001101001010110010011
00000001000001011101010110010011
11111011100001000010011010000011
00000000000000000010011000110111
00000000000001100000011000010011
11111111111101100000011000010011
00000000110001011111011000110011
00000000001001100001010100010011
00000000000001101101010110000011
11111111111111111000011000110111
00000000000001100000011000010011
00000000001101100000011000010011
00000000110001011111011000110011
00000000110000000000010110110011
00000000101000000000011000110011
00000000110001011110011000110011
00000000110001101001000000100011
11111100110001000010011010000011
00000001111001101001011010010011
11111100100001000010011000000011
00000000001001100101011100010011
00000000111001101110011100110011
11111100110001000010011010000011
00000000001001101101011110010011
00000000111000000000011110110011
01111111111101111111011110010011
00000001000001111001011100010011
00000001000001110101011100010011
11111011100001000010011110000011
01111111111101110111011000010011
00000000001001111101011100000011
10000000000001110111011100010011
00000000111000000000011010110011
00000000110000000000011100110011
00000000111001101110011100110011
00000000111001111001000100100011
11111100100001000100011110000011
00000000001101111111011110010011
00001111111101111111011100010011
11111011100001000010011110000011
00000000001101110111011100010011
00000000101101110001011000010011
00000000001001111101011010000011
11111111111111111110011100110111
00000000000001110000011100010011
01111111111101110000011100010011
00000000111001101111011100110011
00000000111000000000011010110011
00000000110000000000011100110011
00000000111001101110011100110011
00000000111001111001000100100011
00000000000000000000000000010011
00000100110000010010010000000011
00000100100000010010100100000011
00000100010000010010100110000011
00000100000000010010101000000011
00000011110000010010101010000011
00000011100000010010101100000011
00000011010000010010101110000011
00000011000000010010110000000011
00000010110000010010110010000011
00000101000000010000000100010011
00000000000000001000000001100111
11111000000000010000000100010011
00000110100000010010111000100011
00000111001000010010110000100011
00000111001100010010101000100011
00000111010000010010100000100011
00000111010100010010011000100011
00000111011000010010010000100011
00000111011100010010001000100011
00000111100000010010000000100011
00000101100100010010111000100011
00000101101000010010110000100011
00000101101100010010101000100011
00001000000000010000010000010011
11111010101001000010111000100011
11111010101101000010110000100011
11111010110001000010101000100011
00000000000000000000011100010011
00000000000000000000011110010011
11111100111001000010010000100011
11111100111101000010011000100011
11111011110001000010011110000011
00000000000001111101011100000011
00000000000000000001011110110111
00000000000001111000011110010011
11111111111101111000011110010011
00000000111101110111011110110011
00000001000001111001011110010011
00000001000001111101011110010011
11111100111101000010010000100011
11111100000001000010011000100011
11111100100001000010011110000011
00000001111101111101011100010011
11111100110001000010011110000011
00000000000101111001011110010011
00000000111001111110011110110011
11111100111101000010011000100011
11111100100001000010011110000011
00000000000101111001011110010011
11111100111101000010010000100011
11111011110001000010011110000011
00000000000001111101011110000011
00000000110001111101011110010011
00000000000101111111011110010011
00001111111101111111011110010011
00000000111100000000100000110011
00000000000000000000100010010011
11111100100001000010011110000011
00000001000001111110011110110011
11111100111101000010010000100011
11111100110001000010011110000011
00000001000101111110011110110011
11111100111101000010011000100011
11111100100001000010011110000011
00000001111001111101011100010011
11111100110001000010011110000011
00000000001001111001011110010011
00000000111001111110011110110011
11111100111101000010011000100011
11111100100001000010011110000011
00000000001001111001011110010011
11111100111101000010010000100011
11111011110001000010011110000011
00000000000001111101011110000011
00000000110101111101011110010011
00000000001101111111011110010011
00001111111101111111011110010011
11111010111101000010010000100011
11111010000001000010011000100011
11111100100001000010011110000011
11111010100001000010011010000011
11111010110001000010011100000011
00000000110100000000011000110011
00000000110001111110011110110011
11111100111101000010010000100011
11111100110001000010011110000011
00000000111001111110011110110011
11111100111101000010011000100011
11111100100001000010011110000011
00000001111101111101011110010011
11111100110001000010011100000011
00000000000101110001011100010011
00000000111101110110011110110011
11111100111101000010011000100011
11111100100001000010011110000011
00000000000101111001011110010011
11111100111101000010010000100011
11111011110001000010011110000011
00000000000001111101011110000011
00000000111101111101011110010011
00001111111101111111011110010011
11111010111101000010000000100011
11111010000001000010001000100011
11111100100001000010011110000011
11111010000001000010011010000011
11111010010001000010011100000011
00000000110100000000011000110011
00000000110001111110011110110011
11111100111101000010010000100011
11111100110001000010011110000011
00000000111001111110011110110011
11111100111101000010011000100011
11111100100001000010011110000011
00000001111001111101011110010011
11111100110001000010011100000011
00000000001001110001011100010011
00000000111101110110011110110011
11111100111101000010011000100011
11111100100001000010011110000011
00000000001001111001011110010011
11111100111101000010010000100011
11111011110001000010011110000011
00000000001001111101011110000011
00000000001101111111011110010011
00001111111101111111011110010011
11111000111101000010110000100011
11111000000001000010111000100011
11111100100001000010011110000011
11111001100001000010011010000011
11111001110001000010011100000011
00000000110100000000011000110011
00000000110001111110011110110011
11111100111101000010010000100011
11111100110001000010011110000011
00000000111001111110011110110011
11111100111101000010011000100011
11111100100001000010011110000011
00000001110001111101011110010011
11111100110001000010011100000011
00000000010001110001011100010011
00000000111101110110011110110011
11111100111101000010011000100011
11111100100001000010011110000011
00000000010001111001011110010011
11111100111101000010010000100011
11111011110001000010011110000011
00000000001001111101011110000011
00000000001001111101011110010011
00000000111101111111011110010011
00001111111101111111011110010011
11111000111101000010100000100011
11111000000001000010101000100011
11111100100001000010011110000011
11111001000001000010011010000011
11111001010001000010011100000011
00000000110100000000011000110011
00000000110001111110011110110011
11111100111101000010010000100011
11111100110001000010011110000011
00000000111001111110011110110011
11111100111101000010011000100011
11111100100001000010011110000011
00000001111101111101011110010011
11111100110001000010011100000011
00000000000101110001011100010011
00000000111101110110011110110011
11111100111101000010011000100011
11111100100001000010011110000011
00000000000101111001011110010011
11111100111101000010010000100011
11111011110001000010011110000011
00000000001001111101011110000011
00000000011001111101011110010011
00000000000101111111011110010011
00001111111101111111011110010011
11111000111101000010010000100011
11111000000001000010011000100011
11111100100001000010011110000011
11111000100001000010011010000011
11111000110001000010011100000011
00000000110100000000011000110011
00000000110001111110011110110011
11111100111101000010010000100011
11111100110001000010011110000011
00000000111001111110011110110011
11111100111101000010011000100011
11111100100001000010011110000011
00000001110101111101011110010011
11111100110001000010011100000011
00000000001101110001011100010011
00000000111101110110011110110011
11111100111101000010011000100011
11111100100001000010011110000011
00000000001101111001011110010011
11111100111101000010010000100011
11111011110001000010011110000011
00000000001001111101011110000011
00000000100001111101011110010011
00000000011101111111011110010011
00001111111101111111011110010011
00000000111100000000110100110011
00000000000000000000110110010011
11111100100001000010011110000011
00000001101001111110011110110011
11111100111101000010010000100011
11111100110001000010011110000011
00000001101101111110011110110011
11111100111101000010011000100011
11111100100001000010011110000011
00000001111101111101011110010011
11111100110001000010011100000011
00000000000101110001011100010011
00000000111101110110011110110011
11111100111101000010011000100011
11111100100001000010011110000011
00000000000101111001011110010011
11111100111101000010010000100011
11111011110001000010011110000011
00000000001001111101011110000011
00000000101101111101011110010011
00000000000101111111011110010011
00001111111101111111011110010011
00000000111100000000110000110011
00000000000000000000110010010011
11111100100001000010011110000011
00000001100001111110011110110011
11111100111101000010010000100011
11111100110001000010011110000011
00000001100101111110011110110011
11111100111101000010011000100011
11111100100001000010011110000011
00000001111101111101011110010011
11111100110001000010011100000011
00000000000101110001011100010011
00000000111101110110011110110011
11111100111101000010011000100011
11111100100001000010011110000011
00000000000101111001011110010011
11111100111101000010010000100011
11111011110001000010011110000011
00000000001001111101011110000011
00000000110001111101011110010011
00000000000101111111011110010011
00001111111101111111011110010011
00000000111100000000101100110011
00000000000000000000101110010011
11111100100001000010011110000011
00000001011001111110011110110011
11111100111101000010010000100011
11111100110001000010011110000011
00000001011101111110011110110011
11111100111101000010011000100011
11111100100001000010011110000011
00000001111101111101011110010011
11111100110001000010011100000011
00000000000101110001011100010011
00000000111101110110011110110011
11111100111101000010011000100011
11111100100001000010011110000011
00000000000101111001011110010011
11111100111101000010010000100011
11111011100001000010011110000011
00000000000001111101011110000011
00000000000101111111011110010011
00001111111101111111011110010011
00000000111100000000101000110011
00000000000000000000101010010011
11111100100001000010011110000011
00000001010001111110011110110011
11111100111101000010010000100011
11111100110001000010011110000011
00000001010101111110011110110011
11111100111101000010011000100011
11111100100001000010011110000011
00000001111101111101011110010011
11111100110001000010011100000011
00000000000101110001011100010011
00000000111101110110011110110011
11111100111101000010011000100011
11111100100001000010011110000011
00000000000101111001011110010011
11111100111101000010010000100011
11111011100001000010011110000011
00000000000001111101011110000011
00000000000101111101011110010011
00000000000101111111011110010011
00001111111101111111011110010011
00000000111100000000100100110011
00000000000000000000100110010011
11111100100001000010011110000011
00000001001001111110011110110011
11111100111101000010010000100011
11111100110001000010011110000011
00000001001101111110011110110011
11111100111101000010011000100011
11111100100001000010011110000011
00000001001101111101011110010011
11111100110001000010011100000011
00000000110101110001011100010011
00000000111101110110011110110011
11111100111101000010011000100011
11111100100001000010011110000011
00000000110101111001011110010011
11111100111101000010010000100011
11111011100001000010011110000011
00000000000001111101011110000011
00000000001001111101011110010011
00000000111100000000011100110011
00000000000000000010011110110111
00000000000001111000011110010011
11111111111101111000011110010011
00000000111101110111011110110011
00000001000001111001011110010011
00000001000001111101011110010011
00000000111100000000111100110011
00000000000000000000111110010011
11111100100001000010011110000011
00000001111001111110011110110011
11111100111101000010010000100011
11111100110001000010011110000011
00000001111101111110011110110011
11111100111101000010011000100011
11111100100001000010011110000011
00000001010101111101011110010011
11111100110001000010011100000011
00000000101101110001011100010011
00000000111101110110011110110011
11111100111101000010011000100011
11111100100001000010011110000011
00000000101101111001011110010011
11111100111101000010010000100011
11111011100001000010011110000011
00000000001001111101011110000011
01111111111101111111011110010011
00000001000001111001011110010011
00000001000001111101011110010011
00000000111100000000111000110011
00000000000000000000111010010011
11111100100001000010011110000011
00000001110001111110011110110011
11111100111101000010010000100011
11111100110001000010011110000011
00000001110101111110011110110011
11111100111101000010011000100011
11111100100001000010011110000011
00000001111001111101011110010011
11111100110001000010011100000011
00000000001001110001011100010011
00000000111101110110011110110011
11111100111101000010011000100011
11111100100001000010011110000011
00000000001001111001011110010011
11111100111101000010010000100011
11111011100001000010011110000011
00000000001001111101011110000011
00000000101101111101011110010011
00000000001101111111011110010011
00001111111101111111011110010011
00000000111100000000001100110011
00000000000000000000001110010011
11111100100001000010011110000011
00000000011001111110011110110011
11111100111101000010010000100011
11111100110001000010011110000011
00000000011101111110011110110011
11111100111101000010011000100011
11111011010001000010011010000011
11111100100001000010011100000011
11111100110001000010011110000011
00000000111001101010000000100011
00000000111101101010001000100011
00000000000000000000000000010011
00000111110000010010010000000011
00000111100000010010100100000011
00000111010000010010100110000011
00000111000000010010101000000011
00000110110000010010101010000011
00000110100000010010101100000011
00000110010000010010101110000011
00000110000000010010110000000011
00000101110000010010110010000011
00000101100000010010110100000011
00000101010000010010110110000011
00001000000000010000000100010011
00000000000000001000000001100111
11111010000000010000000100010011
00000100000100010010111000100011
00000100100000010010110000100011
00000101001000010010101000100011
00000101001100010010100000100011
00000101010000010010011000100011
00000101010100010010010000100011
00000101011000010010001000100011
00000101011100010010000000100011
00000011100000010010111000100011
00000011100100010010110000100011
00000011101000010010101000100011
00000011101100010010100000100011
00000110000000010000010000010011
11111010101001000010111000100011
11111010101101000010110000100011
11111010110001000010101000100011
00000000000000000000011110010011
00000000000000000000100000010011
11111100111101000010010000100011
11111101000001000010011000100011
11111100100001000000011110010011
00000000111100000000011000110011
11111011100001000010010110000011
11111011110001000010010100000011
00000000000000000000000000010011
11111100100001000010011100000011
11111100110001000010011110000011
00000001000001111101011110010011
11111010111101000010010000100011
11111010000001000010011000100011
11111010100001000100011100000011
11111011010001000010011110000011
00000000111001111000000000100011
11111100100001000010011100000011
11111100110001000010011110000011
00000000100001111101110100010011
00000000000000000000110110010011
11111011010001000010011110000011
00000000000101111000011110010011
00001111111111010111011100010011
00000000111001111000000000100011
11111100100001000010011100000011
11111100110001000010011110000011
00000000000001111101110000010011
00000000000000000000110010010011
11111011010001000010011110000011
00000000001001111000011110010011
00001111111111000111011100010011
00000000111001111000000000100011
11111100100001000010011100000011
11111100110001000010011110000011
00000000100001111001011010010011
00000001100001110101101100010011
00000001011001101110101100110011
00000001100001111101101110010011
11111011010001000010011110000011
00000000001101111000011110010011
00001111111110110111011100010011
00000000111001111000000000100011
11111100100001000010011100000011
11111100110001000010011110000011
00000001000001111001011010010011
00000001000001110101101000010011
00000001010001101110101000110011
00000001000001111101101010010011
11111011010001000010011110000011
00000000010001111000011110010011
00001111111110100111011100010011
00000000111001111000000000100011
11111100100001000010011100000011
11111100110001000010011110000011
00000001100001111001011010010011
00000000100001110101100100010011
00000001001001101110100100110011
00000000100001111101100110010011
11111011010001000010011110000011
00000000010101111000011110010011
00001111111110010111011100010011
00000000111001111000000000100011
11111100100001000010011100000011
11111100110001000010011110000011
11111011010001000010011010000011
00000000011001101000011010010011
00001111111101110111011110010011
00000000111101101000000000100011
00000000000000000000000000010011
00000101110000010010000010000011
00000101100000010010010000000011
00000101010000010010100100000011
00000101000000010010100110000011
00000100110000010010101000000011
00000100100000010010101010000011
00000100010000010010101100000011
00000100000000010010101110000011
00000011110000010010110000000011
00000011100000010010110010000011
00000011010000010010110100000011
00000011000000010010110110000011
00000110000000010000000100010011
00000000000000001000000001100111
