11111101000000010000000100010011
00000010000100010010011000100011
00000010100000010010010000100011
00000011001000010010001000100011
00000011001100010010000000100011
00000011000000010000010000010011
11111100101001000010110000100011
11111100101101000010111000100011
11111110000001000010011000100011
00000100000000000000011110010011
11111110111101000010010000100011
00001011000000000000000001101111
11111110100001000010011110000011
11111110000001111000011110010011
00000000000001111100110001100011
11111101110001000010011100000011
00000000111101110101011110110011
11111110111101000010000000100011
11111110000001000010001000100011
00000100000000000000000001101111
11111101110001000010011110000011
00000000000101111001011100010011
00000001111100000000011010010011
11111110100001000010011110000011
01000000111101101000011110110011
00000000111101110001011110110011
11111110100001000010011100000011
11111101100001000010011010000011
00000000111001101101011100110011
00000000111101110110011110110011
11111110111101000010000000100011
11111110100001000010011110000011
11111101110001000010011100000011
00000000111101110101011110110011
11111110111101000010001000100011
11111110000001000010011110000011
00000000000101111111100100010011
11111110010001000010011110000011
00000000000001111111100110010011
00000001001000000000011110110011
00000001001101111110011110110011
00000000000001111000100001100011
00000011000100000000010100010011
00000000000000000000000000010011
00000000110000000000000001101111
00000011000000000000010100010011
00000000000000000000000000010011
11111110110001000010011110000011
00000000000101111000011110010011
11111110111101000010011000100011
11111110110001000010011110000011
00000000011101111111011110010011
00000000000001111001011001100011
00000010000000000000010100010011
00000000000000000000000000010011
11111110100001000010011110000011
11111111111101111000011100010011
11111110111001000010010000100011
11110100111100000100010011100011
11111101100001000010011000000011
11111101110001000010011010000011
00010000000000010000011110110111
00000000000001111000010100010011
00000000000000000000000000010011
00000000000000000000000000010011
00000010110000010010000010000011
00000010100000010010010000000011
00000010010000010010100100000011
00000010000000010010100110000011
00000011000000010000000100010011
00000000000000001000000001100111
11111110000000010000000100010011
00000000000100010010111000100011
00000000100000010010110000100011
00000010000000010000010000010011
11111110101001000010011000100011
00010000000000010000011110110111
00000000110001111000010100010011
00000000000000000000000000010011
11111110110001000010011110000011
00000000000001111101011100000011
00000000000000000001011110110111
00000000000001111000011110010011
11111111111101111000011110010011
00000000111101110111011110110011
00000001000001111001011110010011
00000001000001111101011110010011
00000000111100000000010110110011
00010000000000010000011110110111
00000011010001111000010100010011
00000000000000000000000000010011
11111110110001000010011110000011
00000000000001111101011110000011
00000000110001111101011110010011
00000000000101111111011110010011
00001111111101111111011110010011
00000000111100000000010110110011
00010000000000010000011110110111
00000100010001111000010100010011
00000000000000000000000000010011
11111110110001000010011110000011
00000000000001111101011110000011
00000000110101111101011110010011
00000000001101111111011110010011
00001111111101111111011110010011
00000000111100000000010110110011
00010000000000010000011110110111
00000100110001111000010100010011
00000000000000000000000000010011
11111110110001000010011110000011
00000000000001111101011110000011
00000000111101111101011110010011
00001111111101111111011110010011
00000000111100000000010110110011
00010000000000010000011110110111
00000101100001111000010100010011
00000000000000000000000000010011
11111110110001000010011110000011
00000000001001111101011110000011
00000000001101111111011110010011
00001111111101111111011110010011
00000000111100000000010110110011
00010000000000010000011110110111
00000111000001111000010100010011
00000000000000000000000000010011
11111110110001000010011110000011
00000000001001111101011110000011
00000000001001111101011110010011
00000000111101111111011110010011
00001111111101111111011110010011
00000000111100000000010110110011
00010000000000010000011110110111
00000111110001111000010100010011
00000000000000000000000000010011
11111110110001000010011110000011
00000000001001111101011110000011
00000000011001111101011110010011
00000000000101111111011110010011
00001111111101111111011110010011
00000000111100000000010110110011
00010000000000010000011110110111
00001001110001111000010100010011
00000000000000000000000000010011
11111110110001000010011110000011
00000000001001111101011110000011
00000000100001111101011110010011
00000000011101111111011110010011
00001111111101111111011110010011
00000000111100000000010110110011
00010000000000010000011110110111
00001010110001111000010100010011
00000000000000000000000000010011
11111110110001000010011110000011
00000000001001111101011110000011
00000000101101111101011110010011
00000000000101111111011110010011
00001111111101111111011110010011
00000000111100000000010110110011
00010000000000010000011110110111
00001100100001111000010100010011
00000000000000000000000000010011
11111110110001000010011110000011
00000000001001111101011110000011
00000000110001111101011110010011
00000000000101111111011110010011
00001111111101111111011110010011
00000000111100000000010110110011
00010000000000010000011110110111
00001101110001111000010100010011
00000000000000000000000000010011
00010000000000010000011110110111
00001110100001111000010100010011
00000000000000000000000000010011
00000000000000000000000000010011
00000001110000010010000010000011
00000001100000010010010000000011
00000010000000010000000100010011
00000000000000001000000001100111
11111110000000010000000100010011
00000000000100010010111000100011
00000000100000010010110000100011
00000010000000010000010000010011
11111110101001000010011000100011
00010000000000010000011110110111
00010001010001111000010100010011
00000000000000000000000000010011
11111110110001000010011110000011
00000000000001111101011110000011
00000000000101111111011110010011
00001111111101111111011110010011
00000000111100000000010110110011
00010000000000010000011110110111
00010011110001111000010100010011
00000000000000000000000000010011
11111110110001000010011110000011
00000000000001111101011110000011
00000000000101111101011110010011
00000000000101111111011110010011
00001111111101111111011110010011
00000000111100000000010110110011
00010000000000010000011110110111
00010110000001111000010100010011
00000000000000000000000000010011
11111110110001000010011110000011
00000000000001111101011110000011
00000000001001111101011110010011
00000000111100000000011100110011
00000000000000000010011110110111
00000000000001111000011110010011
11111111111101111000011110010011
00000000111101110111011110110011
00000001000001111001011110010011
00000001000001111101011110010011
00000000111100000000010110110011
00010000000000010000011110110111
00011000010001111000010100010011
00000000000000000000000000010011
11111110110001000010011110000011
00000000001001111101011110000011
01111111111101111111011110010011
00000001000001111001011110010011
00000001000001111101011110010011
00000000111100000000010110110011
00010000000000010000011110110111
00011001110001111000010100010011
00000000000000000000000000010011
11111110110001000010011110000011
00000000001001111101011110000011
00000000101101111101011110010011
00000000001101111111011110010011
00001111111101111111011110010011
00000000111100000000010110110011
00010000000000010000011110110111
00011011100001111000010100010011
00000000000000000000000000010011
00010000000000010000011110110111
00001110100001111000010100010011
00000000000000000000000000010011
00000000000000000000000000010011
00000001110000010010000010000011
00000001100000010010010000000011
00000010000000010000000100010011
00000000000000001000000001100111
11111100000000010000000100010011
00000010000100010010111000100011
00000010100000010010110000100011
00000100000000010000010000010011
11111100101001000010011000100011
11111100101101000010010000100011
11111110100001000000011110010011
00000000010000000000011000010011
00000000000000000000010110010011
00000000111100000000010100110011
00000000000000000000000000010011
11111110010001000000011110010011
00000000010000000000011000010011
00000000000000000000010110010011
00000000111100000000010100110011
00000000000000000000000000010011
00000110101100000000010100010011
00000000000000000000000000010011
00000000101000000000011110110011
11111110111101000010011000100011
11111110100001000000011110010011
00000000111100000000010100110011
00000000000000000000000000010011
11111110010001000000011110010011
00000110010000000000010110010011
00000000111100000000010100110011
00000000000000000000000000010011
11111101110001000000011010010011
11111110010001000000011100010011
11111110100001000000011110010011
00000000110100000000011000110011
00000000111000000000010110110011
00000000111100000000010100110011
00000000000000000000000000010011
11111110110001000010011110000011
11111101110001000100100010000011
11111101110101000100100000000011
11111101111001000100010100000011
11111101111101000100010110000011
11111110000001000100011000000011
11111110000101000100011010000011
11111110001001000100011100000011
00000001000101111000000000100011
00000001000001111000000010100011
00000000101001111000000100100011
00000000101101111000000110100011
00000000110001111000001000100011
00000000110101111000001010100011
00000000111001111000001100100011
11111110100001000000011110010011
00000000111100000000010100110011
00000000000000000000000000010011
11111110010001000000011110010011
00000000111100000000010100110011
00000000000000000000000000010011
11111110110001000010011110000011
00000000000001111100100000000011
00000000000101111100010100000011
00000000001001111100010110000011
00000000001101111100011000000011
00000000010001111100011010000011
00000000010101111100011100000011
00000000011001111100011110000011
11111101000001000000101000100011
11111100101001000000101010100011
11111100101101000000101100100011
11111100110001000000101110100011
11111100110101000000110000100011
11111100111001000000110010100011
11111100111101000000110100100011
11111110100001000000011110010011
00000000010000000000011000010011
00000000000000000000010110010011
00000000111100000000010100110011
00000000000000000000000000010011
11111110010001000000011110010011
00000000010000000000011000010011
00000000000000000000010110010011
00000000111100000000010100110011
00000000000000000000000000010011
11111110100001000000011100010011
11111101010001000000011110010011
00000000111000000000010110110011
00000000111100000000010100110011
00000000000000000000000000010011
11111110010001000000011100010011
11111101010001000000011110010011
00000000111000000000010110110011
00000000111100000000010100110011
00000000000000000000000000010011
11111110100001000000011110010011
00000000111100000000010100110011
00000000000000000000000000010011
11111110010001000000011110010011
00000000111100000000010100110011
00000000000000000000000000010011
11111110110001000010010100000011
00000000000000000000000000010011
00000000000000000000011110010011
00000000111100000000010100110011
00000011110000010010000010000011
00000011100000010010010000000011
00000100000000010000000100010011
00000000000000001000000001100111
