11111110000000010000000100010011
00000000000100010010111000100011
00000000100000010010110000100011
00000010000000010000010000010011
11111110101001000010011000100011
11111110101101000010010000100011
11111110110001000010011110000011
00000000000001111010001000100011
11111110100001000010010100000011
00000000000000000000000000010011
00000000101000000000011110110011
00000000111100000000011100110011
11111110110001000010011110000011
00000000111001111010000000100011
11111110110001000010011110000011
00000000000001111010011110000011
00000000000001111001011001100011
00000000000100000000011110010011
00000001010000000000000001101111
11111110110001000010011110000011
11111110100001000010011100000011
00000000111001111010001000100011
00000000000000000000011110010011
00000000111100000000010100110011
00000001110000010010000010000011
00000001100000010010010000000011
00000010000000010000000100010011
00000000000000001000000001100111
11111110000000010000000100010011
00000000000100010010111000100011
00000000100000010010110000100011
00000010000000010000010000010011
11111110101001000010011000100011
11111110110001000010011110000011
00000000000001111010011110000011
00000000111100000000010100110011
00000000000000000000000000010011
11111110110001000010011110000011
00000000000001111010000000100011
11111110110001000010011110000011
00000000000001111010001000100011
00000000000000000000000000010011
00000001110000010010000010000011
00000001100000010010010000000011
00000010000000010000000100010011
00000000000000001000000001100111
11111110000000010000000100010011
00000000000100010010111000100011
00000000100000010010110000100011
00000010000000010000010000010011
11111110101001000010011000100011
11111110101101000010010000100011
11111110110001000010011110000011
00000000000001111010001000100011
11111110110001000010011110000011
00000000000001111010011110000011
11111110100001000010010110000011
00000000111100000000010100110011
00000000000000000000000000010011
00000000101000000000011100110011
11111110110001000010011110000011
00000000111001111010000000100011
11111110110001000010011110000011
00000000000001111010011110000011
00000000000001111001011001100011
00000000000100000000011110010011
00000001010000000000000001101111
11111110110001000010011110000011
11111110100001000010011100000011
00000000111001111010001000100011
00000000000000000000011110010011
00000000111100000000010100110011
00000001110000010010000010000011
00000001100000010010010000000011
00000010000000010000000100010011
00000000000000001000000001100111
11111110000000010000000100010011
00000000100000010010111000100011
00000010000000010000010000010011
11111110101001000010011000100011
11111110110001000010011110000011
00000000000001111010000000100011
11111110110001000010011110000011
00000000000001111010001000100011
00000000000000000000000000010011
00000001110000010010010000000011
00000010000000010000000100010011
00000000000000001000000001100111
11111110000000010000000100010011
00000000000100010010111000100011
00000000100000010010110000100011
00000010000000010000010000010011
11111110101001000010011000100011
11111110101101000010010000100011
11111110110001000010001000100011
11111110110001000010011110000011
00000000000001111010001000100011
11111110110001000010011110000011
00000000000001111010011110000011
11111110010001000010010110000011
00000000111100000000010100110011
00000000000000000000000000010011
00000000101000000000011100110011
11111110110001000010011110000011
00000000111001111010000000100011
11111110110001000010011110000011
00000000000001111010011110000011
00000000000001111001011001100011
00000000000100000000011110010011
00000010110000000000000001101111
11111110110001000010011110000011
00000000000001111010011110000011
11111110010001000010011000000011
11111110100001000010010110000011
00000000111100000000010100110011
00000000000000000000000000010011
11111110110001000010011110000011
11111110010001000010011100000011
00000000111001111010001000100011
00000000000000000000011110010011
00000000111100000000010100110011
00000001110000010010000010000011
00000001100000010010010000000011
00000010000000010000000100010011
00000000000000001000000001100111
11111110000000010000000100010011
00000000000100010010111000100011
00000000100000010010110000100011
00000010000000010000010000010011
11111110101001000010011000100011
11111110101101000010010000100011
11111110110001000010011110000011
00000000000001111010001000100011
11111110110001000010011110000011
00000000000001111010011100000011
11111110100001000010011110000011
00000000010001111010011110000011
00000000111100000000010110110011
00000000111000000000010100110011
00000000000000000000000000010011
00000000101000000000011100110011
11111110110001000010011110000011
00000000111001111010000000100011
11111110110001000010011110000011
00000000000001111010011110000011
00000000000001111001011001100011
00000000000100000000011110010011
00000100000000000000000001101111
11111110110001000010011110000011
00000000000001111010011100000011
11111110100001000010011110000011
00000000000001111010011010000011
11111110100001000010011110000011
00000000010001111010011110000011
00000000111100000000011000110011
00000000110100000000010110110011
00000000111000000000010100110011
00000000000000000000000000010011
11111110100001000010011110000011
00000000010001111010011100000011
11111110110001000010011110000011
00000000111001111010001000100011
00000000000000000000011110010011
00000000111100000000010100110011
00000001110000010010000010000011
00000001100000010010010000000011
00000010000000010000000100010011
00000000000000001000000001100111
11111110000000010000000100010011
00000000100000010010111000100011
00000010000000010000010000010011
11111110101001000010011000100011
11111110101101000010010000100011
11111110110001000010001000100011
11111110100001000010011110000011
00000000000001111010011100000011
11111110110001000010011110000011
00000000111001111010000000100011
11111110110001000010011110000011
11111110010001000010011100000011
00000000111001111010001000100011
11111110100001000010011110000011
00000000000001111010000000100011
00000000000000000000000000010011
00000001110000010010010000000011
00000010000000010000000100010011
00000000000000001000000001100111
11111110000000010000000100010011
00000000100000010010111000100011
00000010000000010000010000010011
11111110101001000010011000100011
11111110101101000010010000100011
11111110110001000010011110000011
11111110100001000010011100000011
00000000000001110010011010000011
00000000110101111010000000100011
00000000010001110010011100000011
00000000111001111010001000100011
11111110100001000010011110000011
00000000000001111010000000100011
11111110100001000010011110000011
00000000000001111010001000100011
00000000000000000000000000010011
00000001110000010010010000000011
00000010000000010000000100010011
00000000000000001000000001100111
11111101000000010000000100010011
00000010100000010010011000100011
00000011000000010000010000010011
11111100101001000010111000100011
11111100101101000010110000100011
11111101110001000010011110000011
00000000000001111010011100000011
11111110111001000010010000100011
00000000010001111010011110000011
11111110111101000010011000100011
11111101110001000010011110000011
11111101100001000010011100000011
00000000000001110010011010000011
00000000110101111010000000100011
00000000010001110010011100000011
00000000111001111010001000100011
11111101100001000010011110000011
11111110100001000010011100000011
00000000111001111010000000100011
11111110110001000010011100000011
00000000111001111010001000100011
00000000000000000000000000010011
00000010110000010010010000000011
00000011000000010000000100010011
00000000000000001000000001100111
11111101000000010000000100010011
00000010000100010010011000100011
00000010100000010010010000100011
00000011000000010000010000010011
11111100101001000010111000100011
11111100101101000010110000100011
11111101100001000010010100000011
00000000000000000000000000010011
11111110101001000010011000100011
11111110110001000010010110000011
11111101110001000010010100000011
00000000000000000000000000010011
00000000101000000000011110110011
00000000000001111000011001100011
00000000000100000000011110010011
00000011000000000000000001101111
11111110110001000010011000000011
11111101100001000010010110000011
11111101110001000010010100000011
00000000000000000000000000010011
00000000101000000000011110110011
00000000000001111000101001100011
11111101110001000010010100000011
00000000000000000000000000010011
00000000000100000000011110010011
00000000100000000000000001101111
00000000000000000000011110010011
00000000111100000000010100110011
00000010110000010010000010000011
00000010100000010010010000000011
00000011000000010000000100010011
00000000000000001000000001100111
11111101000000010000000100010011
00000010100000010010011000100011
00000011000000010000010000010011
11111100101001000010111000100011
00000000101100000000011110110011
11111100111101000000110110100011
11111110000001000010011000100011
11111110000001000010010000100011
00000011100000000000000001101111
11111101110001000010011110000011
00000000000001111010011100000011
11111110100001000010011110000011
00000000111101110000011110110011
00000000000001111100011110000011
11111101101101000100011100000011
00000000111101110001100001100011
11111110110001000010011110000011
00000000000101111000011110010011
11111110111101000010011000100011
11111110100001000010011110000011
00000000000101111000011110010011
11111110111101000010010000100011
11111101110001000010011110000011
00000000010001111010011110000011
11111110100001000010011100000011
11111100111101110110000011100011
11111110110001000010011110000011
00000000111100000000010100110011
00000010110000010010010000000011
00000011000000010000000100010011
00000000000000001000000001100111
11111110000000010000000100010011
00000000000100010010111000100011
00000000100000010010110000100011
00000010000000010000010000010011
11111110101001000010011000100011
11111110101101000010010000100011
11111110110001000010001000100011
11111110110001000010011110000011
00000000010001111010011100000011
11111110100001000010011110000011
00000000010001111010011110000011
00000000111101110000011110110011
00000000111100000000010110110011
11111110010001000010010100000011
00000000000000000000000000010011
00000000101000000000011110110011
00000000000001111000011001100011
00000000000100000000011110010011
00000110010000000000000001101111
11111110010001000010011110000011
00000000000001111010011100000011
11111110110001000010011110000011
00000000000001111010011010000011
11111110110001000010011110000011
00000000010001111010011110000011
00000000111100000000011000110011
00000000110100000000010110110011
00000000111000000000010100110011
00000000000000000000000000010011
11111110010001000010011110000011
00000000000001111010011100000011
11111110110001000010011110000011
00000000010001111010011110000011
00000000111101110000011100110011
11111110100001000010011110000011
00000000000001111010011010000011
11111110100001000010011110000011
00000000010001111010011110000011
00000000111100000000011000110011
00000000110100000000010110110011
00000000111000000000010100110011
00000000000000000000000000010011
00000000000000000000011110010011
00000000111100000000010100110011
00000001110000010010000010000011
00000001100000010010010000000011
00000010000000010000000100010011
00000000000000001000000001100111
11111110000000010000000100010011
00000000000100010010111000100011
00000000100000010010110000100011
00000010000000010000010000010011
11111110101001000010011000100011
11111110101101000010010000100011
00000000110000000000011110110011
11111110110101000010000000100011
11111110111101000000001110100011
11111110110001000010011110000011
00000000010001111010011100000011
11111110100001000010011110000011
00000000010001111010011110000011
00000000111101110000011110110011
00000000000101111000011110010011
00000000111100000000010110110011
11111110000001000010010100000011
00000000000000000000000000010011
00000000101000000000011110110011
00000000000001111000011001100011
00000000000100000000011110010011
00001000010000000000000001101111
11111110000001000010011110000011
00000000000001111010011100000011
11111110110001000010011110000011
00000000000001111010011010000011
11111110110001000010011110000011
00000000010001111010011110000011
00000000111100000000011000110011
00000000110100000000010110110011
00000000111000000000010100110011
00000000000000000000000000010011
11111110000001000010011110000011
00000000000001111010011100000011
11111110110001000010011110000011
00000000010001111010011110000011
00000000000101111000011110010011
00000000111101110000011100110011
11111110100001000010011110000011
00000000000001111010011010000011
11111110100001000010011110000011
00000000010001111010011110000011
00000000111100000000011000110011
00000000110100000000010110110011
00000000111000000000010100110011
00000000000000000000000000010011
11111110000001000010011110000011
00000000000001111010011100000011
11111110110001000010011110000011
00000000010001111010011110000011
00000000111101110000011110110011
11111110011101000100011100000011
00000000111001111000000000100011
00000000000000000000011110010011
00000000111100000000010100110011
00000001110000010010000010000011
00000001100000010010010000000011
00000010000000010000000100010011
00000000000000001000000001100111
11111101000000010000000100010011
00000010000100010010011000100011
00000010100000010010010000100011
00000011000000010000010000010011
11111100101001000010111000100011
11111100101101000010110000100011
11111100110001000010101000100011
11111101010001000010011110000011
00000000000001111010001000100011
11111110000001000010011000100011
00000011100000000000000001101111
11111101010001000010011110000011
00000000010001111010011100000011
11111110110001000010011110000011
00000000001101111001011110010011
11111101110001000010011010000011
00000000111101101000011110110011
00000000010001111010011110000011
00000000111101110000011100110011
11111101010001000010011110000011
00000000111001111010001000100011
11111110110001000010011110000011
00000000000101111000011110010011
11111110111101000010011000100011
11111110110001000010011100000011
11111101100001000010011110000011
11111100111101110110001011100011
11111101010001000010011110000011
00000000010001111010011110000011
00001010000001111000011001100011
11111101010001000010011110000011
00000000010001111010011110000011
00000000111100000000010110110011
11111101010001000010010100000011
00000000000000000000000000010011
00000000101000000000011110110011
00001000000001111001100001100011
11111101010001000010011110000011
00000000000001111010011110000011
11111110111101000010010000100011
11111110000001000010011000100011
00000110100000000000000001101111
11111110110001000010011110000011
00000000001101111001011110010011
11111101110001000010011100000011
00000000111101110000011110110011
00000000000001111010011010000011
11111110110001000010011110000011
00000000001101111001011110010011
11111101110001000010011100000011
00000000111101110000011110110011
00000000010001111010011110000011
00000000111100000000011000110011
00000000110100000000010110110011
11111110100001000010010100000011
00000000000000000000000000010011
11111110110001000010011110000011
00000000001101111001011110010011
11111101110001000010011100000011
00000000111101110000011110110011
00000000010001111010011110000011
11111110100001000010011100000011
00000000111101110000011110110011
11111110111101000010010000100011
11111110110001000010011110000011
00000000000101111000011110010011
11111110111101000010011000100011
11111110110001000010011100000011
11111101100001000010011110000011
11111000111101110110101011100011
00000000000000000000011110010011
00000001000000000000000001101111
11111101010001000010010100000011
00000000000000000000000000010011
00000000000100000000011110010011
00000000111100000000010100110011
00000010110000010010000010000011
00000010100000010010010000000011
00000011000000010000000100010011
00000000000000001000000001100111
11111101000000010000000100010011
00000010000100010010011000100011
00000010100000010010010000100011
00000011000000010000010000010011
11111100101001000010111000100011
11111100101101000010110000100011
00000000110000000000011110110011
11111100110101000010100000100011
11111100111101000000101110100011
11111101000001000010011110000011
00000000000001111010001000100011
11111110000001000010011000100011
00000011100000000000000001101111
11111101000001000010011110000011
00000000010001111010011100000011
11111110110001000010011110000011
00000000001101111001011110010011
11111101110001000010011010000011
00000000111101101000011110110011
00000000010001111010011110000011
00000000111101110000011100110011
11111101000001000010011110000011
00000000111001111010001000100011
11111110110001000010011110000011
00000000000101111000011110010011
11111110111101000010011000100011
11111110110001000010011100000011
11111101100001000010011110000011
11111100111101110110001011100011
11111101000001000010011110000011
00000000010001111010011110000011
00001110000001111000011001100011
11111101000001000010011110000011
00000000010001111010011100000011
11111101100001000010011110000011
00000000111101110000011110110011
11111111111101111000011100010011
11111101000001000010011110000011
00000000111001111010001000100011
11111101000001000010011110000011
00000000010001111010011110000011
00000000111100000000010110110011
11111101000001000010010100000011
00000000000000000000000000010011
00000000101000000000011110110011
00001010000001111001101001100011
11111101000001000010011110000011
00000000000001111010011110000011
11111110111101000010010000100011
11111110000001000010011000100011
00001000110000000000000001101111
11111110110001000010011110000011
00000000001101111001011110010011
11111101110001000010011100000011
00000000111101110000011110110011
00000000000001111010011010000011
11111110110001000010011110000011
00000000001101111001011110010011
11111101110001000010011100000011
00000000111101110000011110110011
00000000010001111010011110000011
00000000111100000000011000110011
00000000110100000000010110110011
11111110100001000010010100000011
00000000000000000000000000010011
11111110110001000010011110000011
00000000001101111001011110010011
11111101110001000010011100000011
00000000111101110000011110110011
00000000010001111010011110000011
11111110100001000010011100000011
00000000111101110000011110110011
11111110111101000010010000100011
11111101100001000010011110000011
11111111111101111000011110010011
11111110110001000010011100000011
00000000111101110111110001100011
11111110100001000010011110000011
00000000000101111000011100010011
11111110111001000010010000100011
11111101011101000100011100000011
00000000111001111000000000100011
11111110110001000010011110000011
00000000000101111000011110010011
11111110111101000010011000100011
11111110110001000010011100000011
11111101100001000010011110000011
11110110111101110110100011100011
00000000000000000000011110010011
00000001000000000000000001101111
11111101000001000010010100000011
00000000000000000000000000010011
00000000000100000000011110010011
00000000111100000000010100110011
00000010110000010010000010000011
00000010100000010010010000000011
00000011000000010000000100010011
00000000000000001000000001100111
11111101000000010000000100010011
00000010000100010010011000100011
00000010100000010010010000100011
00000011000000010000010000010011
11111100101001000010111000100011
00000000101100000000011110110011
11111100110001000010101000100011
11111100110101000010100000100011
11111100111101000000110110100011
11111101010001000010010100000011
00000000000000000000000000010011
11111101000001000010010100000011
00000000000000000000000000010011
11111110000001000010011000100011
00001100010000000000000001101111
11111101110001000010011110000011
00000000000001111010011100000011
11111110110001000010011110000011
00000000111101110000011110110011
00000000000001111100011110000011
11111101101101000100011100000011
00001000111101110001111001100011
11111110110001000010011110000011
00000010000001111000001001100011
11111101110001000010011110000011
00000000000001111010011110000011
11111110110001000010011000000011
00000000111100000000010110110011
11111101010001000010010100000011
00000000000000000000000000010011
00000000101000000000011110110011
00001000000001111001101001100011
11111101110001000010011110000011
00000000010001111010011110000011
11111110110001000010011100000011
00000100111101110111111001100011
11111101110001000010011110000011
00000000000001111010011100000011
11111110110001000010011110000011
00000000000101111000011110010011
00000000111101110000011010110011
11111101110001000010011110000011
00000000010001111010011100000011
11111110110001000010011110000011
01000000111101110000011110110011
11111111111101111000011110010011
00000000111100000000011000110011
00000000110100000000010110110011
11111101000001000010010100000011
00000000000000000000000000010011
00000000101000000000011110110011
00000000000001111000111001100011
11111101010001000010011110000011
00000000010001111010011110000011
00000100000001111000000001100011
11111101010001000010010100000011
00000000000000000000000000010011
00000011010000000000000001101111
00000000000000000000011110010011
00000011010000000000000001101111
11111110110001000010011110000011
00000000000101111000011110010011
11111110111101000010011000100011
11111101110001000010011110000011
00000000010001111010011110000011
11111110110001000010011100000011
11110010111101110110101011100011
00000001000000000000000001101111
00000000000000000000000000010011
00000000100000000000000001101111
00000000000000000000000000010011
00000000000100000000011110010011
00000000111100000000010100110011
00000010110000010010000010000011
00000010100000010010010000000011
00000011000000010000000100010011
00000000000000001000000001100111
