11111110000000010000000100010011
00000000000100010010111000100011
00000000100000010010110000100011
00000010000000010000010000010011
11111110101001000010011000100011
11111110110001000010010100000011
00000000000000000000000000010011
00000000000100000000010100010011
00000000000000000000000000010011
11111010000000010000000100010011
00000100000100010010111000100011
00000100100000010010110000100011
00000110000000010000010000010011
11111010101001000010011000100011
11111010101101000010010000100011
11111110010001000000011100010011
00010000000000010000011110110111
00000000000001111000010110010011
00000000111000000000010100110011
00000000000000000000000000010011
00000000101000000000011110110011
00000000000001111000100001100011
00010000000000010000011110110111
00000001000001111000010100010011
00000000000000000000000000010011
11111110100001000010011110000011
11111110010001000010011100000011
00000000111000000000011000110011
00000000111100000000010110110011
00010000000000010000011110110111
00000011100001111000010100010011
00000000000000000000000000010011
11111110010001000000011110010011
00000000111100000000010100110011
00000000000000000000000000010011
11111110000001000010011000100011
00000010100000000000000001101111
11111100010001000000011100010011
11111110110001000010011110000011
00000000001101111001011110010011
00000000111101110000011110110011
00000000111100000000010100110011
00000000000000000000000000010011
11111110110001000010011110000011
00000000000101111000011110010011
11111110111101000010011000100011
11111110110001000010011100000011
00000000001100000000011110010011
11111100111001111111101011100011
11111011110001000000011110010011
00000000111100000000010100110011
00000000000000000000000000010011
11111011010001000000011110010011
00000000111100000000010100110011
00000000000000000000000000010011
11111100010001000000011100010011
00010000000000010000011110110111
00000101000001111000010110010011
00000000111000000000010100110011
00000000000000000000000000010011
11111100010001000000011110010011
00000000100001111000011100010011
00010000000000010000011110110111
00000101100001111000010110010011
00000000111000000000010100110011
00000000000000000000000000010011
11111100010001000000011110010011
00000001000001111000011100010011
00010000000000010000011110110111
00000101110001111000010110010011
00000000111000000000010100110011
00000000000000000000000000010011
11111100010001000000011110010011
00000001100001111000011100010011
00010000000000010000011110110111
00000110010001111000010110010011
00000000111000000000010100110011
00000000000000000000000000010011
11111011110001000000011100010011
11111100010001000000011110010011
00000000111000000000011000110011
00000000010000000000010110010011
00000000111100000000010100110011
00000000000000000000000000010011
11111011010001000000011100010011
11111100010001000000011110010011
00000000111000000000011010110011
00000010000000000000011000010011
00000000010000000000010110010011
00000000111100000000010100110011
00000000000000000000000000010011
11111100000001000010011110000011
11111011110001000010011100000011
00000000111000000000011000110011
00000000111100000000010110110011
00010000000000010000011110110111
00000110110001111000010100010011
00000000000000000000000000010011
11111011100001000010011110000011
11111011010001000010011100000011
00000000111000000000011000110011
00000000111100000000010110110011
00010000000000010000011110110111
00001000110001111000010100010011
00000000000000000000000000010011
11111110000001000010011000100011
00000010100000000000000001101111
11111100010001000000011100010011
11111110110001000010011110000011
00000000001101111001011110010011
00000000111101110000011110110011
00000000111100000000010100110011
00000000000000000000000000010011
11111110110001000010011110000011
00000000000101111000011110010011
11111110111101000010011000100011
11111110110001000010011100000011
00000000001100000000011110010011
11111100111001111111101011100011
11111011110001000000011110010011
00000000111100000000010100110011
00000000000000000000000000010011
11111011010001000000011110010011
00000000111100000000010100110011
00000000000000000000000000010011
00000000000000000000011110010011
00000000111100000000010100110011
00000101110000010010000010000011
00000101100000010010010000000011
00000110000000010000000100010011
00000000000000001000000001100111
