11111110000000010000000100010011
00000000000100010010111000100011
00000000100000010010110000100011
00000010000000010000010000010011
11111110101001000010011000100011
11111110101101000010010000100011
00000101100000000000011000010011
00000000000000000000010110010011
11111110110001000010010100000011
00000000000000000000000000010011
11111110110001000010011110000011
00000100011000000000011000010011
11111110100001000010010110000011
00000000111100000000010100110011
00000000000000000000000000010011
11111110110001000010011110000011
00000000111100000000010100110011
00000000000000000000000000010011
00000000101000000000011110110011
00000000111100000000011100110011
11111110110001000010011110000011
00000100111001111010010000100011
11111110110001000010011110000011
00000100000001111001100000100011
00000000000000000000000000010011
00000001110000010010000010000011
00000001100000010010010000000011
00000010000000010000000100010011
00000000000000001000000001100111
11111110000000010000000100010011
00000000000100010010111000100011
00000000100000010010110000100011
00000010000000010000010000010011
11111110101001000010011000100011
00000010000000000000011000010011
00000000000000000000010110010011
11111110110001000010010100000011
00000000000000000000000000010011
00000000000000000000000000010011
00000001110000010010000010000011
00000001100000010010010000000011
00000010000000010000000100010011
00000000000000001000000001100111
11111101000000010000000100010011
00000010000100010010011000100011
00000010100000010010010000100011
00000011000000010000010000010011
11111100101001000010111000100011
11111100101101000010110000100011
11111100110001000010101000100011
11111100110101000010100000100011
11111101010001000010011110000011
11111110111101000010011000100011
01110010000000000000000001101111
11111110110001000010011110000011
00000000000001111100011110000011
11111110111101000000010110100011
11111101110001000010011110000011
00000101000001111101011110000011
00000001001000000000011100010011
01101110111101110110110001100011
00000000001001111001011100010011
00010000000000010000011110110111
00001001000001111000011110010011
00000000111101110000011110110011
00000000000001111010011110000011
00000000000001111000000001100111
11111110101101000100011100000011
00000010110100000000011110010011
01101010111101110001100001100011
11111101110001000010011110000011
00000000000100000000011100010011
00000100111001111001100000100011
01101010000000000000000001101111
11111110101101000100011100000011
00000010110100000000011110010011
00000000111101110001101001100011
11111101110001000010011110000011
00000000001000000000011100010011
00000100111001111001100000100011
01101010100000000000000001101111
11111101110001000010011110000011
00000100000001111001100000100011
01101001110000000000000001101111
11111101110001000010011110000011
00000100110001111010011100000011
11111101110001000010011110000011
00000100100001111010011110000011
00000010111101110001010001100011
11111110101101000100011100000011
00000000110100000000011110010011
01101010111101110001001001100011
11111101110001000010011110000011
00000100110001111010011110000011
00000000000101111000011100010011
11111101110001000010011110000011
00000100111001111010011000100011
01100110010000000000000001101111
11111101110001000010011110000011
00000100110001111010011100000011
11111101110001000010011110000011
00000100100001111010011110000011
00000000000101111000011110010011
00000110111101110001100001100011
11111110101101000100011100000011
00000000101000000000011110010011
01100110111101110001100001100011
11111101100001000010011110000011
00000000000001111010011110000011
00000000000001111000111001100011
11111101100001000010011110000011
00000000000001111010011110000011
11111101110001000010010100000011
00000000000001111000000011100111
00000000101000000000011110110011
01100100000001111001101001100011
11111101100001000010011110000011
00000000010001111010011110000011
00000000000001111000111001100011
11111101100001000010011110000011
00000000010001111010011110000011
11111101110001000010010100000011
00000000000001111000000011100111
00000000101000000000011110110011
01100010000001111001110001100011
11111101110001000010011110000011
00000100000001111010011000100011
11111101110001000010011110000011
00000000001100000000011100010011
00000100111001111001100000100011
01011110000000000000000001101111
11111101110001000010011110000011
00000100110001111010011110000011
11111101110001000010011100000011
00000000111101110000011110110011
00000000000001111100011110000011
11111110101101000100011100000011
01100000111101110001011001100011
11111101110001000010011110000011
00000100110001111010011110000011
00000000000101111000011100010011
11111101110001000010011110000011
00000100111001111010011000100011
01011010110000000000000001101111
11111110101101000100011100000011
00000000110100000000011110010011
00000000111101110001101001100011
11111101110001000010011110000011
00000000100000000000011100010011
00000100111001111001100000100011
01011001000000000000000001101111
11111101110001000010011110000011
00000000010000000000011100010011
00000100111001111001100000100011
11111110110001000010011110000011
11111110111101000010001000100011
00000011010000000000000001101111
11111110110001000010011110000011
00000000000001111100011110000011
11111110111101000000010110100011
11111110101101000100011110000011
00010000000000010000011100110111
00000000000001110000011100010011
00000000111101110000011110110011
00000000000001111100011110000011
00000010000001111000010001100011
11111110110001000010011110000011
00000000000101111000011110010011
11111110111101000010011000100011
11111101010001000010011100000011
11111101000001000010011110000011
00000000111101110000011110110011
11111110110001000010011100000011
11111100111101110001000011100011
00000000100000000000000001101111
00000000000000000000000000010011
11111110110001000010011100000011
11111110010001000010011110000011
00000010111001111111111001100011
11111101100001000010011110000011
00000000100001111010011110000011
00000010000001111000100001100011
11111101100001000010011110000011
00000000100001111010011010000011
11111110110001000010011100000011
11111110010001000010011110000011
01000000111101110000011110110011
00000000111100000000011000110011
11111110010001000010010110000011
11111101110001000010010100000011
00000000000001101000000011100111
00000000101000000000011110110011
01010010000001111001110001100011
11111101010001000010011100000011
11111101000001000010011110000011
00000000111101110000011110110011
11111110110001000010011100000011
01001010111101110000110001100011
11111110101101000100011100000011
00000011101000000000011110010011
01010010111101110001000001100011
11111101110001000010011110000011
00000000010100000000011100010011
00000100111001111001100000100011
01001011100000000000000001101111
11111110101101000100011100000011
00000010000000000000011110010011
01001000111101110000110001100011
11111110101101000100011100000011
00000000100100000000011110010011
01001000111101110000011001100011
11111101110001000010011110000011
00000000011000000000011100010011
00000100111001111001100000100011
11111110110001000010011110000011
11111110111101000010001000100011
00000011100000000000000001101111
11111110110001000010011110000011
00000000000001111100011110000011
11111110111101000000010110100011
11111110101101000100011100000011
00000000110100000000011110010011
00000000111101110001101001100011
11111101110001000010011110000011
00000000011100000000011100010011
00000100111001111001100000100011
00000010010000000000000001101111
11111110110001000010011110000011
00000000000101111000011110010011
11111110111101000010011000100011
11111101010001000010011100000011
11111101000001000010011110000011
00000000111101110000011110110011
11111110110001000010011100000011
11111010111101110001111011100011
11111110110001000010011100000011
11111110010001000010011110000011
01000010111001111111010001100011
11111101100001000010011110000011
00000000110001111010011110000011
01000000000001111000111001100011
11111101100001000010011110000011
00000000110001111010011010000011
11111110110001000010011100000011
11111110010001000010011110000011
01000000111101110000011110110011
00000000111100000000011000110011
11111110010001000010010110000011
11111101110001000010010100000011
00000000000001101000000011100111
00000000101000000000011110110011
00111110000001111000100001100011
01001100010000000000000001101111
11111110101101000100011100000011
00000000101000000000011110010011
01000100111101110001011001100011
11111101110001000010011110000011
00000000001100000000011100010011
00000100111001111001100000100011
00111101110000000000000001101111
11111110101101000100011100000011
00000000101000000000011110010011
01000010111101110001110001100011
11111101100001000010011110000011
00000001000001111010011110000011
00000000000001111000111001100011
11111101100001000010011110000011
00000001000001111010011110000011
11111101110001000010010100000011
00000000000001111000000011100111
00000000101000000000011110110011
01000000000001111001111001100011
11111101110001000010011110000011
00000000100100000000011100010011
00000100111001111001100000100011
00111001110000000000000001101111
11111110110001000010011110000011
11111110111101000010001000100011
00000011100000000000000001101111
11111110110001000010011110000011
00000000000001111100011110000011
11111110111101000000010110100011
11111110101101000100011100000011
00000000110100000000011110010011
00000000111101110001101001100011
11111101110001000010011110000011
00000000101000000000011100010011
00000100111001111001100000100011
00000010010000000000000001101111
11111110110001000010011110000011
00000000000101111000011110010011
11111110111101000010011000100011
11111101010001000010011100000011
11111101000001000010011110000011
00000000111101110000011110110011
11111110110001000010011100000011
11111010111101110001111011100011
11111110110001000010011100000011
11111110010001000010011110000011
00110010111001111111110001100011
11111101100001000010011110000011
00000001010001111010011110000011
00110010000001111000011001100011
11111101100001000010011110000011
00000001010001111010011010000011
11111110110001000010011100000011
11111110010001000010011110000011
01000000111101110000011110110011
00000000111100000000011000110011
11111110010001000010010110000011
11111101110001000010010100000011
00000000000001101000000011100111
00000000101000000000011110110011
00110000000001111000000001100011
00111100110000000000000001101111
11111110101101000100011100000011
00000000101000000000011110010011
00000000111101110001101001100011
11111101110001000010011110000011
00000000101100000000011100010011
00000100111001111001100000100011
00101110010000000000000001101111
11111101100001000010011110000011
00000001010001111010011110000011
00000010000001111000010001100011
11111101100001000010011110000011
00000001010001111010011100000011
00000000000100000000011000010011
00010000000000010000011110110111
00001000010001111000010110010011
11111101110001000010010100000011
00000000000001110000000011100111
00000000101000000000011110110011
00110010000001111001011001100011
11111101110001000010011110000011
00000000100100000000011100010011
00000100111001111001100000100011
10111010000111111111000001101111
11111110101101000100011100000011
00000010110100000000011110010011
00000000111101110001101001100011
11111101110001000010011110000011
00000000110000000000011100010011
00000100111001111001100000100011
00101000100000000000000001101111
11111101100001000010011110000011
00000001010001111010011110000011
00000010000001111000010001100011
11111101100001000010011110000011
00000001010001111010011100000011
00000000001000000000011000010011
00010000000000010000011110110111
00001000100001111000010110010011
11111101110001000010010100000011
00000000000001110000000011100111
00000000101000000000011110110011
00101100000001111001110001100011
11111101110001000010011110000011
00000000100100000000011100010011
00000100111001111001100000100011
10110100010111111111000001101111
11111110101101000100011100000011
00000010110100000000011110010011
00000000111101110001101001100011
11111101110001000010011110000011
00000000110100000000011100010011
00000100111001111001100000100011
00100010110000000000000001101111
11111101100001000010011110000011
00000001010001111010011110000011
00000010000001111000010001100011
11111101100001000010011110000011
00000001010001111010011100000011
00000000001100000000011000010011
00010000000000010000011110110111
00001000110001111000010110010011
11111101110001000010010100000011
00000000000001110000000011100111
00000000101000000000011110110011
00101000000001111001001001100011
11111101110001000010011110000011
00000000100100000000011100010011
00000100111001111001100000100011
10101110100111111111000001101111
11111101110001000010011110000011
00000100000001111010011000100011
11111101110001000010011110000011
00000000111000000000011100010011
00000100111001111001100000100011
11111101110001000010011110000011
00000100110001111010011100000011
11111101110001000010011110000011
00000100100001111010011110000011
00000000111101110001111001100011
11111101110001000010011110000011
00000100000001111010011000100011
11111101110001000010011110000011
00000000111100000000011100010011
00000100111001111001100000100011
10101010100111111111000001101111
11111101110001000010011110000011
00000100110001111010011110000011
11111101110001000010011100000011
00000000111101110000011110110011
00000000000001111100011110000011
11111110101101000100011100000011
00000000111101110001111001100011
11111101110001000010011110000011
00000100110001111010011110000011
00000000000101111000011100010011
11111101110001000010011110000011
00000100111001111010011000100011
00010111100000000000000001101111
11111101100001000010011110000011
00000001010001111010011110000011
00000010000001111000100001100011
11111101100001000010011110000011
00000001010001111010011010000011
11111101110001000010011100000011
11111101110001000010011110000011
00000100110001111010011110000011
00000000111100000000011000110011
00000000111000000000010110110011
11111101110001000010010100000011
00000000000001101000000011100111
00000000101000000000011110110011
00011100000001111001100001100011
11111101110001000010011110000011
00000000100100000000011100010011
00000100111001111001100000100011
10100010110111111111000001101111
11111110101101000100011100000011
00000000110100000000011110010011
00000000111101110001101001100011
11111101110001000010011110000011
00000001000000000000011100010011
00000100111001111001100000100011
00010001010000000000000001101111
11111110101101000100011100000011
00000010110100000000011110010011
00011010111101110001000001100011
11111101110001000010011110000011
00000001000100000000011100010011
00000100111001111001100000100011
00001111100000000000000001101111
11111110101101000100011100000011
00000000101000000000011110010011
00011000111101110001011001100011
11111101100001000010011110000011
00000001100001111010011110000011
00000000000001111000111001100011
11111101100001000010011110000011
00000001100001111010011110000011
11111101110001000010010100000011
00000000000001111000000011100111
00000000101000000000011110110011
00010110000001111001100001100011
11111101100001000010011110000011
00000000010001111010011110000011
00000000000001111000111001100011
11111101100001000010011110000011
00000000010001111010011110000011
11111101110001000010010100000011
00000000000001111000000011100111
00000000101000000000011110110011
00010100000001111001101001100011
11111101110001000010011110000011
00000000001100000000011100010011
00000100111001111001100000100011
00001001010000000000000001101111
11111110101101000100011100000011
00000010110100000000011110010011
00010100111101110001000001100011
11111101100001000010011110000011
00000001100001111010011110000011
00000000000001111000111001100011
11111101100001000010011110000011
00000001100001111010011110000011
11111101110001000010010100000011
00000000000001111000000011100111
00000000101000000000011110110011
00010010000001111001001001100011
11111101100001000010011110000011
00000001110001111010011110000011
00000000000001111000111001100011
11111101100001000010011110000011
00000001110001111010011110000011
11111101110001000010010100000011
00000000000001111000000011100111
00000000101000000000011110110011
00010000000001111001010001100011
11111101110001000010011110000011
00000001001000000000011100010011
00000100111001111001100000100011
00000011000000000000000001101111
00000000000000000000000000010011
00000010100000000000000001101111
00000000000000000000000000010011
00000010000000000000000001101111
00000000000000000000000000010011
00000001100000000000000001101111
00000000000000000000000000010011
00000001000000000000000001101111
00000000000000000000000000010011
00000000100000000000000001101111
00000000000000000000000000010011
11111110110001000010011110000011
00000000000101111000011110010011
11111110111101000010011000100011
11111101010001000010011100000011
11111101000001000010011110000011
00000000111101110000011110110011
11111110110001000010011100000011
10001100111101110110101011100011
11111101000001000010011110000011
00001011010000000000000001101111
00000000000000000000000000010011
00001010000000000000000001101111
00000000000000000000000000010011
00001001100000000000000001101111
00000000000000000000000000010011
00001001000000000000000001101111
00000000000000000000000000010011
00001000100000000000000001101111
00000000000000000000000000010011
00001000000000000000000001101111
00000000000000000000000000010011
00000111100000000000000001101111
00000000000000000000000000010011
00000111000000000000000001101111
00000000000000000000000000010011
00000110100000000000000001101111
00000000000000000000000000010011
00000110000000000000000001101111
00000000000000000000000000010011
00000101100000000000000001101111
00000000000000000000000000010011
00000101000000000000000001101111
00000000000000000000000000010011
00000100100000000000000001101111
00000000000000000000000000010011
00000100000000000000000001101111
00000000000000000000000000010011
00000011100000000000000001101111
00000000000000000000000000010011
00000011000000000000000001101111
00000000000000000000000000010011
00000010100000000000000001101111
00000000000000000000000000010011
00000010000000000000000001101111
00000000000000000000000000010011
00000001100000000000000001101111
00000000000000000000000000010011
00000001000000000000000001101111
00000000000000000000000000010011
00000000100000000000000001101111
00000000000000000000000000010011
11111110110001000010011100000011
11111101010001000010011110000011
01000000111101110000011110110011
00000000111100000000010100110011
00000010110000010010000010000011
00000010100000010010010000000011
00000011000000010000000100010011
00000000000000001000000001100111
