11111101000000010000000100010011
00000010000100010010011000100011
00000010100000010010010000100011
00000011000000010000010000010011
11111100101001000010111000100011
11111100101101000010110000100011
00000000000000000000011000010011
11111101100001000010010110000011
11111101110001000010010100000011
00000000000000000000000000010011
11111110101001000010011000100011
11111110110001000010011110000011
00000000111100000000010100110011
00000010110000010010000010000011
00000010100000010010010000000011
00000011000000010000000100010011
00000000000000001000000001100111
11111101000000010000000100010011
00000010100000010010011000100011
00000011000000010000010000010011
11111100101001000010111000100011
11111100101101000010110000100011
11111100110001000010101000100011
11111101100001000010011110000011
00000110000001111000100001100011
11111101010001000010011110000011
00000000000101111000011110010011
11111110111101000010011000100011
00000101010000000000000001101111
11111110110001000010011110000011
00000000001001111001011110010011
11111101100001000010011100000011
00000000111101110000011110110011
00000000000001111010011110000011
11111110111101000010010000100011
11111110100001000010011110000011
00000010000001111000010001100011
11111110100001000010011110000011
00000000000001111100011110000011
00000000000001111000111001100011
11111110100001000010011110000011
00000000000001111100011100000011
00000010110100000000011110010011
00000000111101110000011001100011
11111110110001000010011110000011
00000010000000000000000001101111
11111110110001000010011110000011
00000000000101111000011110010011
11111110111101000010011000100011
11111110110001000010011100000011
11111101110001000010011110000011
11111010111101110100010011100011
11111111111100000000011110010011
00000000111100000000010100110011
00000010110000010010010000000011
00000011000000010000000100010011
00000000000000001000000001100111
11111101000000010000000100010011
00000010000100010010011000100011
00000010100000010010010000100011
00000011000000010000010000010011
11111100101001000010111000100011
11111100101101000010110000100011
11111100110001000010101000100011
11111101100001000010011110000011
00000110000001111000110001100011
11111101010001000010011110000011
00000110000001111000100001100011
00000000000100000000011110010011
11111110111101000010011000100011
00000101100000000000000001101111
11111110110001000010011110000011
00000000001001111001011110010011
11111101100001000010011100000011
00000000111101110000011110110011
00000000000001111010011110000011
11111110111101000010010000100011
11111110100001000010011110000011
00000010000001111000011001100011
11111110100001000010011110000011
00000000000001111100011110000011
00000010000001111000000001100011
11111101010001000010010110000011
11111110100001000010010100000011
00000000000000000000000000010011
00000000101000000000011110110011
00000000000001111001011001100011
11111110110001000010011110000011
00000010000000000000000001101111
11111110110001000010011110000011
00000000000101111000011110010011
11111110111101000010011000100011
11111110110001000010011100000011
11111101110001000010011110000011
11111010111101110100001011100011
11111111111100000000011110010011
00000000111100000000010100110011
00000010110000010010000010000011
00000010100000010010010000000011
00000011000000010000000100010011
00000000000000001000000001100111
11111101000000010000000100010011
00000010000100010010011000100011
00000010100000010010010000100011
00000011000000010000010000010011
11111100101001000010111000100011
11111100101101000010110000100011
11111100110001000010101000100011
11111100110101000010100000100011
11111101100001000010011110000011
00001000000001111000000001100011
11111101010001000010011110000011
00000110000001111000110001100011
00000000000100000000011110010011
11111110111101000010011000100011
00000110000000000000000001101111
11111110110001000010011110000011
00000000001001111001011110010011
11111101100001000010011100000011
00000000111101110000011110110011
00000000000001111010011110000011
11111110111101000010010000100011
11111110100001000010011110000011
00000010000001111000101001100011
11111110100001000010010100000011
00000000000000000000000000010011
00000000101000000000011100110011
11111101000001000010011110000011
00000010111101110110000001100011
11111101010001000010010110000011
11111110100001000010010100000011
00000000000000000000000000010011
00000000101000000000011110110011
00000000000001111000011001100011
11111110110001000010011110000011
00000010000000000000000001101111
11111110110001000010011110000011
00000000000101111000011110010011
11111110111101000010011000100011
11111110110001000010011100000011
11111101110001000010011110000011
11111000111101110100111011100011
11111111111100000000011110010011
00000000111100000000010100110011
00000010110000010010000010000011
00000010100000010010010000000011
00000011000000010000000100010011
00000000000000001000000001100111
11111101000000010000000100010011
00000010000100010010011000100011
00000010100000010010010000100011
00000011000000010000010000010011
11111100101001000010111000100011
11111100101101000010110000100011
11111101110001000010010100000011
00000000000000000000000000010011
00000000101000000000011110110011
11111110111101000010011000100011
11111101100001000010010100000011
00000000000000000000000000010011
00000000101000000000011110110011
11111110111101000010010000100011
11111110100001000010011100000011
11111110110001000010011110000011
00000010111001111100001001100011
11111110100001000010011000000011
11111101110001000010010110000011
11111101100001000010010100000011
00000000000000000000000000010011
00000000101000000000011110110011
00000000000001111001011001100011
00000000000100000000011110010011
00000000100000000000000001101111
00000000000000000000011110010011
00000000111100000000010100110011
00000010110000010010000010000011
00000010100000010010010000000011
00000011000000010000000100010011
00000000000000001000000001100111
11111101000000010000000100010011
00000010000100010010011000100011
00000010100000010010010000100011
00000011000000010000010000010011
11111100101001000010111000100011
11111100101101000010110000100011
11111101110001000010010100000011
00000000000000000000000000010011
00000000101000000000011110110011
11111110111101000010011000100011
11111101100001000010010100000011
00000000000000000000000000010011
00000000101000000000011110110011
11111110111101000010010000100011
11111110100001000010011100000011
11111110110001000010011110000011
00000010111001111100110001100011
11111110110001000010011100000011
11111110100001000010011110000011
01000000111101110000011110110011
11111101110001000010011100000011
00000000111101110000011110110011
11111110100001000010011000000011
00000000111100000000010110110011
11111101100001000010010100000011
00000000000000000000000000010011
00000000101000000000011110110011
00000000000001111001011001100011
00000000000100000000011110010011
00000000100000000000000001101111
00000000000000000000011110010011
00000000111100000000010100110011
00000010110000010010000010000011
00000010100000010010010000000011
00000011000000010000000100010011
00000000000000001000000001100111
11111101000000010000000100010011
00000010000100010010011000100011
00000010100000010010010000100011
00000010100100010010001000100011
00000011000000010000010000010011
11111100101001000010111000100011
11111100101101000010110000100011
11111101110001000010010100000011
00000000000000000000000000010011
00000000101000000000010010110011
11111101100001000010010100000011
00000000000000000000000000010011
00000000101000000000011110110011
00000000111101001000011110110011
00000000000101111000011110010011
00000000000100000000010110010011
00000000111100000000010100110011
00000000000000000000000000010011
00000000101000000000011110110011
11111110111101000010011000100011
11111101110001000010010110000011
11111110110001000010010100000011
00000000000000000000000000010011
11111101100001000010010110000011
11111110110001000010010100000011
00000000000000000000000000010011
11111110110001000010011110000011
00000000111100000000010100110011
00000010110000010010000010000011
00000010100000010010010000000011
00000010010000010010010010000011
00000011000000010000000100010011
00000000000000001000000001100111
11111101000000010000000100010011
00000010000100010010011000100011
00000010100000010010010000100011
00000011000000010000010000010011
11111100101001000010111000100011
11111110000001000010011000100011
00000100100000000000000001101111
11111110110001000010011100000011
00000000111000000000011110110011
00000000001001111001011110010011
00000000111001111000011110110011
00000000000101111001011110010011
11111110111101000010011000100011
11111101110001000010011110000011
00000000000001111100011110000011
00000000111100000000010100110011
00000000000000000000000000010011
00000000101000000000011100110011
11111110110001000010011110000011
00000000111001111000011110110011
11111110111101000010011000100011
11111101110001000010011110000011
00000000000101111000011110010011
11111100111101000010111000100011
11111101110001000010011110000011
00000000000001111100011110000011
11111010000001111001101011100011
11111110110001000010011110000011
00000000111100000000010100110011
00000010110000010010000010000011
00000010100000010010010000000011
00000011000000010000000100010011
00000000000000001000000001100111
11111110000000010000000100010011
00000000100000010010111000100011
00000010000000010000010000010011
00000000101000000000011110110011
11111110111101000000011110100011
11111110111101000100011100000011
00000010111100000000011110010011
00000000111001111111111001100011
11111110111101000100011100000011
00000011100100000000011110010011
00000000111001111110100001100011
11111110111101000100011110000011
11111101000001111000011110010011
00000000100000000000000001101111
00000000000000000000011110010011
00000000111100000000010100110011
00000001110000010010010000000011
00000010000000010000000100010011
00000000000000001000000001100111
11111101000000010000000100010011
00000010000100010010011000100011
00000010100000010010010000100011
00000011000000010000010000010011
11111100101001000010111000100011
11111110000001000010011000100011
00000011110000000000000001101111
11111110110001000010011110000011
00000000010001111001011110010011
11111110111101000010011000100011
11111101110001000010011110000011
00000000000001111100011110000011
00000000111100000000010100110011
00000000000000000000000000010011
00000000101000000000011100110011
11111110110001000010011110000011
00000000111001111000011110110011
11111110111101000010011000100011
11111101110001000010011110000011
00000000000101111000011110010011
11111100111101000010111000100011
11111101110001000010011110000011
00000000000001111100011110000011
11111100000001111001000011100011
11111110110001000010011110000011
00000000111100000000010100110011
00000010110000010010000010000011
00000010100000010010010000000011
00000011000000010000000100010011
00000000000000001000000001100111
11111110000000010000000100010011
00000000100000010010111000100011
00000010000000010000010000010011
00000000101000000000011110110011
11111110111101000000011110100011
11111110111101000100011100000011
00000010111100000000011110010011
00000000111001111111111001100011
11111110111101000100011100000011
00000011100100000000011110010011
00000000111001111110100001100011
11111110111101000100011110000011
11111101000001111000011110010011
00000101010000000000000001101111
11111110111101000100011100000011
00000110000000000000011110010011
00000000111001111111111001100011
11111110111101000100011100000011
00000110011000000000011110010011
00000000111001111110100001100011
11111110111101000100011110000011
11111010100101111000011110010011
00000011000000000000000001101111
11111110111101000100011100000011
00000100000000000000011110010011
00000000111001111111111001100011
11111110111101000100011100000011
00000100011000000000011110010011
00000000111001111110100001100011
11111110111101000100011110000011
11111100010001111000011110010011
00000000110000000000000001101111
00000000000000000000011110010011
00000000010000000000000001101111
00000000111100000000010100110011
00000001110000010010010000000011
00000010000000010000000100010011
00000000000000001000000001100111
