11111111000000010000000100010011
00000000000100010010011000100011
00000000100000010010010000100011
00000001000000010000010000010011
00010000000000010000011110110111
00000000000001111000010100010011
00000000000000000000000000010011
00010000000000010000011110110111
00000010100001111000010100010011
00000000000000000000000000010011
00000000000000000000000000010011
00000000110000010010000010000011
00000000100000010010010000000011
00000001000000010000000100010011
00000000000000001000000001100111
11111110000000010000000100010011
00000000000100010010111000100011
00000000100000010010110000100011
00000010000000010000010000010011
11111110101001000010011000100011
11111110101101000010010000100011
11111110110001000010001000100011
11111110110001000010011110000011
00000000000001111010000000100011
11111110110001000010011110000011
00000000000001111010010000100011
11111110110001000010011110000011
00000000100001111010011100000011
11111110110001000010011110000011
00000000111001111010001000100011
11111110110001000010011110000011
00000000000001111010100000100011
11111110110001000010011110000011
00000001000001111010011100000011
11111110110001000010011110000011
00000000111001111010011000100011
11111110110001000010011110000011
00000000010000000000011100110111
00101010000001110000011100010011
00000000111001111010101000100011
00010000000000010000011110110111
00000101000001111000011000010011
11111110010001000010010110000011
11111110100001000010010100000011
00000000000000000000000000010011
00000000101000000000011110110011
00000000000101111000011110010011
00000000111100000011011110110011
00001111111101111111011110010011
00000000111100000000011100110011
11111110110001000010011110000011
00000000111001111010011000100011
00010000000000010000011110110111
00000101010001111000011000010011
11111110010001000010010110000011
11111110100001000010010100000011
00000000000000000000000000010011
00000000101000000000011110110011
00000000000101111000011110010011
00000000111100000011011110110011
00001111111101111111011110010011
00000000111100000000011100110011
11111110110001000010011110000011
00000000111001111010100000100011
00000000000000000000000000010011
00000001110000010010000010000011
00000001100000010010010000000011
00000010000000010000000100010011
00000000000000001000000001100111
11111101000000010000000100010011
00000010000100010010011000100011
00000010100000010010010000100011
00000011000000010000010000010011
11111100101001000010111000100011
11111100101101000010110000100011
11111100110001000010101000100011
11111101100001000010011110000011
00000010000001111100011001100011
11111101010001000010011110000011
00000010000001111100001001100011
11111101110001000010011110000011
00000000010001111010011100000011
11111101100001000010011110000011
00000000111001111111101001100011
11111101110001000010011110000011
00000000100001111010011100000011
11111101010001000010011110000011
00000000111001111110011001100011
00000000000000000000011110010011
00001101110000000000000001101111
11111101110001000010011110000011
00000000110001111010011110000011
00000000000001111000111001100011
11111101110001000010011110000011
00000000100001111010011100000011
11111101010001000010011110000011
01000000111101110000011110110011
11111111111101111000011110010011
00000000100000000000000001101111
11111101010001000010011110000011
11111110111101000010011000100011
11111101110001000010011110000011
00000001000001111010011110000011
00000000000001111000111001100011
11111101110001000010011110000011
00000000010001111010011100000011
11111101100001000010011110000011
01000000111101110000011110110011
11111111111101111000011110010011
00000000100000000000000001101111
11111101100001000010011110000011
11111110111101000010010000100011
11111101110001000010011110000011
00000000000001111010011100000011
11111101110001000010011110000011
00000000010001111010011010000011
11111110110001000010011110000011
00000010111101101000011010110011
11111110100001000010011110000011
00000000111101101000011110110011
00000000111101110000011110110011
00000000000001111100011110000011
11111110111101000000001110100011
11111101110001000010011110000011
00000001010001111010011100000011
11111110011101000100011110000011
00000000111100000000010100110011
00000000000001110000000011100111
00000000101000000000011110110011
11111110111101000000001110100011
11111110011101000100011100000011
00000000111100000000011110010011
00000010111001111111011001100011
11111110011101000100011110000011
00000000111100000000011100110011
11111101010001000010011010000011
11111101100001000010011000000011
00000000111100000000010110010011
00010000000000010000011110110111
00000101100001111000010100010011
00000000000000000000000000010011
00000000000000000000011110010011
00000000100000000000000001101111
11111110011101000100011110000011
00000000111100000000010100110011
00000010110000010010000010000011
00000010100000010010010000000011
00000011000000010000000100010011
00000000000000001000000001100111
11111110000000010000000100010011
00000000000100010010111000100011
00000000100000010010110000100011
00000010000000010000010000010011
11111110101001000010011000100011
11111110110001000010011110000011
00000000000001111010011110000011
00000000000001111000101001100011
11111110110001000010011110000011
00000000000001111010011110000011
00000000111100000000010100110011
00000000000000000000000000010011
11111110110001000010011110000011
00000000000001111010000000100011
00000000000000000000000000010011
00000001110000010010000010000011
00000001100000010010010000000011
00000010000000010000000100010011
00000000000000001000000001100111
11111110000000010000000100010011
00000000100000010010111000100011
00000010000000010000010000010011
00000000101000000000011110110011
11111110111101000000011110100011
11111110111101000000011110000011
00000000000001111101101001100011
11111110111101000100011110000011
11111111111101111100011110010011
00001111111101111111011110010011
00000000100000000000000001101111
11111110111101000100011110000011
00000000111100000000010100110011
00000001110000010010010000000011
00000010000000010000000100010011
00000000000000001000000001100111
