11111111000000010000000100010011
00000000000100010010011000100011
00000000100000010010010000100011
00000001000000010000010000010011
00010000000000010000011110110111
00000000000001111000010100010011
00000000000000000000000000010011
00010000000000010000011110110111
00000010010001111000010100010011
00000000000000000000000000010011
00010000000000010000011110110111
00000101000001111000010100010011
00000000000000000000000000010011
00010000000000010000011110110111
00000111100001111000010100010011
00000000000000000000000000010011
00010000000000010000011110110111
00001011010001111000010100010011
00000000000000000000000000010011
00000000000000000000000000010011
00000000110000010010000010000011
00000000100000010010010000000011
00000001000000010000000100010011
00000000000000001000000001100111
11111101000000010000000100010011
00000010000100010010011000100011
00000010100000010010010000100011
00000011000000010000010000010011
11111100101001000010111000100011
11111100101101000010110000100011
11111100110001000010101000100011
11111101110001000010011110000011
00000000000001111010000000100011
11111101110001000010011110000011
00000000000001111010001000100011
00010000000000010000011110110111
00001111010001111000011000010011
11111101010001000010010110000011
11111101100001000010010100000011
00000000000000000000000000010011
00000000101000000000011110110011
00000000000101111000011110010011
00000000111100000011011110110011
00001111111101111111011110010011
00000000111100000000011100110011
11111101110001000010011110000011
00000000111001111010000000100011
00000000001100000000011010010011
00010000000000010000011110110111
00001111100001111000011000010011
11111101010001000010010110000011
11111101100001000010010100000011
00000000000000000000000000010011
11111110101001000010011000100011
11111110110001000010011100000011
11111111111100000000011110010011
00000010111101110000101001100011
11111110110001000010011110000011
00000000001001111001011110010011
11111101010001000010011100000011
00000000111101110000011110110011
00000000000001111010011110000011
00000000001001111000011110010011
00000000000001111100011110000011
00000000111100000000010110110011
00000000000100000000010100010011
00000000000000000000000000010011
00000000101000000000011110110011
00001011000000000000000001101111
00000000001100000000011010010011
00010000000000010000011110110111
00001111110001111000011000010011
11111101010001000010010110000011
11111101100001000010010100000011
00000000000000000000000000010011
11111110101001000010011000100011
11111110110001000010011100000011
11111111111100000000011110010011
00000010111101110000101001100011
11111110110001000010011110000011
00000000001001111001011110010011
11111101010001000010011100000011
00000000111101110000011110110011
00000000000001111010011110000011
00000000001001111000011110010011
00000000000001111100011110000011
00000000111100000000010110110011
00000000000000000000010100010011
00000000000000000000000000010011
00000000101000000000011110110011
00000101100000000000000001101111
00010000000000010000011110110111
00010000000001111000011000010011
11111101010001000010010110000011
11111101100001000010010100000011
00000000000000000000000000010011
00000000101000000000011100110011
11111111111100000000011110010011
00000010111101110001101001100011
00010000000000010000011110110111
00010000010001111000011000010011
11111101010001000010010110000011
11111101100001000010010100000011
00000000000000000000000000010011
00000000101000000000011100110011
11111111111100000000011110010011
00000000111101110000011001100011
00001000000000000000011110010011
00000001000000000000000001101111
00000000000000000000011110010011
00000000100000000000000001101111
00000100000000000000011110010011
11111101110001000010011100000011
00000000111101110010001000100011
00000000000000000000000000010011
00000010110000010010000010000011
00000010100000010010010000000011
00000011000000010000000100010011
00000000000000001000000001100111
11111100000000010000000100010011
00000010000100010010111000100011
00000010100000010010110000100011
00000100000000010000010000010011
11111100101001000010011000100011
11111100101101000010010000100011
11111100110001000010001000100011
11111100010001000010011110000011
00000000010001111010011110000011
00000000001101111101011110010011
00000000111100000000011100110011
11111100010001000010011110000011
00000000100001111010011110000011
00000000001101111101011110010011
00000010111101110000011100110011
11111100100001000010011110000011
00000000111001111010001000100011
11111100100001000010011110000011
00000000010001111010011110000011
00000001000000000000010110010011
00000000111100000000010100110011
00000000000000000000000000010011
00000000101000000000011110110011
00000000111100000000011100110011
11111100100001000010011110000011
00000000111001111010000000100011
11111110000001000010010000100011
11111100100001000010011110000011
00000000000001111010011110000011
11111110111101000010001000100011
00001011110000000000000001101111
11111110000001000010011000100011
00001001000000000000000001101111
11111110000001000010000000100011
11111110010001000010011110000011
11111100111101000010111000100011
00000101110000000000000001101111
11111110100001000010011100000011
11111110000001000010011110000011
00000000111101110000011110110011
00000000111100000000011100110011
11111110110001000010011010000011
11111100010001000010011000000011
11111101110001000010010110000011
11111100110001000010010100000011
00000000000000000000000000010011
00000000101000000000011110110011
00000000000001111000110001100011
11111100110001000010011110000011
00000000000001111010011110000011
00000000000001111001011001100011
00000000000100000000011110010011
00001000000000000000000001101111
11111110000001000010011110000011
00000000000101111000011110010011
11111110111101000010000000100011
11111101110001000010011110000011
00000000001001111000011110010011
11111100111101000010111000100011
11111110000001000010011100000011
00000000011100000000011110010011
11111010111001111101000011100011
11111110110001000010011110000011
00000000100001111000011110010011
11111110111101000010011000100011
11111110010001000010011110000011
00000001000001111000011110010011
11111110111101000010001000100011
11111110110001000010011110000011
00000000100001111000011110010011
00000000111100000000011100110011
11111100010001000010011110000011
00000000010001111010011110000011
11110110111001111111000011100011
11111110100001000010011110000011
00000000100001111000011110010011
11111110111101000010010000100011
11111110100001000010011110000011
00000000100001111000011110010011
00000000111100000000011100110011
11111100010001000010011110000011
00000000100001111010011110000011
11110010111001111111101011100011
00000000000000000000011110010011
00000000111100000000010100110011
00000011110000010010000010000011
00000011100000010010010000000011
00000100000000010000000100010011
00000000000000001000000001100111
11111101000000010000000100010011
00000010000100010010011000100011
00000010100000010010010000100011
00000011000000010000010000010011
11111100101001000010111000100011
11111100101101000010110000100011
11111101110001000010011110000011
00000000010001111010011110000011
00011110000001111000001001100011
11111110000001000010011000100011
11111101100001000010011110000011
00000000000001111010011110000011
11111110111101000010010000100011
00011100000000000000000001101111
11111110000001000010001000100011
11111110100001000010011110000011
11111110111101000010000000100011
00011000110000000000000001101111
11111101110001000010011110000011
00000000010001111010011110000011
00001111000001111111011110010011
00001000000000000000011100010011
00001110111001111000100001100011
00001000000000000000011100010011
00010100111101110100110001100011
00000100000000000000011100010011
00001000111001111000000001100011
00000100000000000000011100010011
00010100111101110100010001100011
00000001000000000000011100010011
00000000111001111000100001100011
00000010000000000000011100010011
00000010111001111000110001100011
00010011010000000000000001101111
11111110000001000010011110000011
00000000000001111100011110000011
00000000111100000000011100110011
11111101110001000010011110000011
00000000010001111010011110000011
00000000011101111111011110010011
01000000111101110101011110110011
00000000000101111111011110010011
00001110000001111001101001100011
11111110000001000010010100000011
00000000000000000000000000010011
00001110100000000000000001101111
11111110000001000010011110000011
00000000000001111100011110000011
00000000111100000000011100110011
11111101110001000010011110000011
00000000010001111010011110000011
00000000011101111111011110010011
01000000111101110101011110110011
00000000000101111111011110010011
00001100000001111000011001100011
11111110000001000010010100000011
00000000000000000000000000010011
00001100000000000000000001101111
11111110000001000010011110000011
00000000000101111100011110000011
00000000010001111101011110010011
00001111111101111111011110010011
00000000111100000000011100110011
11111110000001000010011110000011
00000000000101111100011110000011
00000000111101111111011110010011
00000000111101110101011001100011
11111110000001000010010100000011
00000000000000000000000000010011
11111110000001000010011110000011
00000000000001111100011100000011
00001111111100000000011110010011
00001000111101110001011001100011
11111110000001000010011110000011
00000000000101111100011110000011
00000000010001111101011110010011
00001111111101111111011100010011
00000000000100000000011110010011
00000110111001111110101001100011
11111110000001000010010100000011
00000000000000000000000000010011
00000110100000000000000001101111
11111110000001000010011110000011
00000000000101111100011110000011
00000000111101111111011110010011
11111110000001000010011100000011
00000000000101110100011100000011
00000000010001110101011100010011
00001111111101110111011100010011
00000000111001111101011001100011
11111110000001000010010100000011
00000000000000000000000000010011
11111110000001000010011110000011
00000000000001111100011110000011
00000010000001111001111001100011
11111110000001000010011110000011
00000000000101111100011110000011
00000000111101111111011100010011
00000000111100000000011110010011
00000010111101110001010001100011
11111110000001000010010100000011
00000000000000000000000000010011
00000001110000000000000001101111
00000000000000000000000000010011
00000001100000000000000001101111
00000000000000000000000000010011
00000001000000000000000001101111
00000000000000000000000000010011
00000000100000000000000001101111
00000000000000000000000000010011
11111110010001000010011110000011
00000000000101111000011110010011
11111110111101000010001000100011
11111110000001000010011110000011
00000000001001111000011110010011
11111110111101000010000000100011
11111110010001000010011100000011
00000000011100000000011110010011
11100110111001111101100011100011
11111110110001000010011110000011
00000000000101111000011110010011
11111110111101000010011000100011
11111110100001000010011110000011
00000001000001111000011110010011
11111110111101000010010000100011
11111101100001000010011110000011
00000000010001111010011110000011
11111110110001000010011100000011
11100010111101110100110011100011
00000000000000000000000000010011
00000010110000010010000010000011
00000010100000010010010000000011
00000011000000010000000100010011
00000000000000001000000001100111
11111101000000010000000100010011
00000010000100010010011000100011
00000010100000010010010000100011
00000011000000010000010000010011
11111100101001000010111000100011
11111100101101000010110000100011
11111100110001000010101000100011
11111100110101000010100000100011
11111110000001000010011000100011
11111101100001000010011110000011
00000000000001111010011110000011
11111110111101000010001000100011
00001010110000000000000001101111
11111110000001000010010000100011
11111110010001000010011110000011
11111110111101000010000000100011
00000111100000000000000001101111
11111110000001000010011110000011
11111101010001000010011010000011
00000000000100000000011000010011
00000000000100000000010110010011
00000000111100000000010100110011
00000000000000000000000000010011
00000000101000000000011100110011
00000000000100000000011110010011
00000000111101110000011001100011
00000000001000000000011110010011
00001000010000000000000001101111
11111110000001000010011110000011
00000000000101111000011110010011
11111101000001000010011010000011
00000000000100000000011000010011
00000000000100000000010110010011
00000000111100000000010100110011
00000000000000000000000000010011
00000000101000000000011100110011
00000000000100000000011110010011
00000000111101110000011001100011
00000000001100000000011110010011
00000101010000000000000001101111
11111110100001000010011110000011
00000000000101111000011110010011
11111110111101000010010000100011
11111110000001000010011110000011
00000000001001111000011110010011
11111110111101000010000000100011
11111110100001000010011100000011
00000000011100000000011110010011
11111000111001111101001011100011
11111110110001000010011110000011
00000000000101111000011110010011
11111110111101000010011000100011
11111110010001000010011110000011
00000001000001111000011110010011
11111110111101000010001000100011
11111101100001000010011110000011
00000000010001111010011110000011
11111110110001000010011100000011
11110100111101110100011011100011
00000000000000000000011110010011
00000000111100000000010100110011
00000010110000010010000010000011
00000010100000010010010000000011
00000011000000010000000100010011
00000000000000001000000001100111
11111110000000010000000100010011
00000000100000010010111000100011
00000010000000010000010000010011
11111110101001000010011000100011
00000000000000000000000000010011
00000001110000010010010000000011
00000010000000010000000100010011
00000000000000001000000001100111
11111110000000010000000100010011
00000000000100010010111000100011
00000000100000010010110000100011
00000010000000010000010000010011
11111110101001000010011000100011
11111110110001000010011110000011
00000000000001111010011110000011
00000000000001111000101001100011
11111110110001000010011110000011
00000000000001111010011110000011
00000000111100000000010100110011
00000000000000000000000000010011
11111110110001000010011110000011
00000000000001111010000000100011
00000000000000000000000000010011
00000001110000010010000010000011
00000001100000010010010000000011
00000010000000010000000100010011
00000000000000001000000001100111
11111101000000010000000100010011
00000010100000010010011000100011
00000011000000010000010000010011
11111100101001000010111000100011
00000000101100000000011110110011
11111100111101000000110110100011
11111110000001000010011000100011
11111101110001000010011110000011
11111110111101000010010000100011
00000111010000000000000001101111
11111110100001000010011110000011
00000000000001111100011100000011
00001111111100000000011110010011
00000010111101110000000001100011
11111110100001000010011110000011
00000000000101111100011110000011
00000000111101111111011100010011
11111101101101000100011110000011
00000000111101110000011001100011
00000000000000000000011110010011
00000101100000000000000001101111
11111110100001000010011110000011
00000000000001111100011110000011
00000010000001111000001001100011
11111110100001000010011110000011
00000000000101111100011110000011
00001111000001111111011100010011
11111101101101000100011110000011
00000000010001111001011110010011
00000000111101110000011001100011
00000000000000000000011110010011
00000010110000000000000001101111
11111110110001000010011110000011
00000000000101111000011110010011
11111110111101000010011000100011
11111110100001000010011110000011
00000000001001111000011110010011
11111110111101000010010000100011
11111110110001000010011100000011
00000000011100000000011110010011
11111000111001111101010011100011
00000000000100000000011110010011
00000000111100000000010100110011
00000010110000010010010000000011
00000011000000010000000100010011
00000000000000001000000001100111
11111101000000010000000100010011
00000010000100010010011000100011
00000010100000010010010000100011
00000011000000010000010000010011
11111100101001000010111000100011
11111100101101000010110000100011
11111110000001000010011000100011
11111101110001000010011110000011
11111110111101000010010000100011
11111101100001000010011110000011
11111110111101000010001000100011
00000100010000000000000001101111
11111110010001000010010110000011
11111110100001000010010100000011
00000000000000000000000000010011
00000000101000000000011110110011
00000000000001111001011001100011
00000000000000000000011110010011
00000011100000000000000001101111
11111110110001000010011110000011
00000000000101111000011110010011
11111110111101000010011000100011
11111110100001000010011110000011
00000000001001111000011110010011
11111110111101000010010000100011
11111110010001000010011110000011
00000000001001111000011110010011
11111110111101000010001000100011
11111110110001000010011100000011
00000000011100000000011110010011
11111010111001111101110011100011
00000000000100000000011110010011
00000000111100000000010100110011
00000010110000010010000010000011
00000010100000010010010000000011
00000011000000010000000100010011
00000000000000001000000001100111
11111101000000010000000100010011
00000010000100010010011000100011
00000010100000010010010000100011
00000011000000010000010000010011
11111100101001000010111000100011
11111100101101000010110000100011
11111100110001000010101000100011
11111110000001000010011000100011
11111101110001000010011110000011
00000000000001111010011110000011
11111110111101000010010000100011
00000011100000000000000001101111
11111110100001000010010110000011
11111101100001000010010100000011
00000000000000000000000000010011
00000000101000000000011110110011
00000000000001111000011001100011
11111110110001000010011110000011
00000011110000000000000001101111
11111110110001000010011110000011
00000000000101111000011110010011
11111110111101000010011000100011
11111110100001000010011110000011
00000001000001111000011110010011
11111110111101000010010000100011
11111101110001000010011110000011
00000000010001111010011110000011
11111110110001000010011100000011
00000000111101110101100001100011
11111110110001000010011100000011
11111101010001000010011110000011
11111010111101110100101011100011
11111111111100000000011110010011
00000000111100000000010100110011
00000010110000010010000010000011
00000010100000010010010000000011
00000011000000010000000100010011
00000000000000001000000001100111
11111110000000010000000100010011
00000000100000010010111000100011
00000010000000010000010000010011
11111110101001000010011000100011
00000000101100000000011110110011
11111110111101000000010110100011
11111110101101000100011100000011
00000010111100000000011110010011
00000000111001111111100001100011
11111110101101000100011100000011
00000011011100000000011110010011
00000000111001111111011001100011
00000000000000000000011110010011
00000010010000000000000001101111
11111110110001000010011110000011
00000000000001111000011001100011
00000001000000000000011110010011
00000000100000000000000001101111
00000010000000000000011110010011
11111110101101000100011100000011
11111101000001110000011100010011
00000000111001111110011110110011
00000000111100000000010100110011
00000001110000010010010000000011
00000010000000010000000100010011
00000000000000001000000001100111
11111010000000010000000100010011
00000100000100010010111000100011
00000100100000010010110000100011
00000110000000010000010000010011
11111100101001000010011000100011
11111100101101000010010000100011
11111100110001000010001000100011
11111100110101000010000000100011
11111010111001000010111000100011
11111110000001000000001110100011
11111111111100000000011110010011
11111110111101000000001100100011
11111111111100000000011110010011
11111110111101000000001010100011
11111110000001000010011000100011
00000100010000000000000001101111
11111100000001000010011100000011
11111110110001000010011110000011
00000000111101110000011110110011
11111011110001000010011000000011
00000000111100000000010110110011
11111100010001000010010100000011
00000000000000000000000000010011
00000000101000000000011110110011
00000000111100000000011100110011
11111110110001000010011110000011
11111111000001000000011010010011
00000000111101101000011110110011
11111110111001111000011000100011
11111110110001000010011110000011
00000000000101111000011110010011
11111110111101000010011000100011
11111110110001000010011100000011
00000000011100000000011110010011
11111010111001111101110011100011
11111110000001000010011000100011
00000000011100000000011110010011
11111110111101000010010000100011
00010110000000000000000001101111
11111110100001000010011110000011
11111111000001000000011100010011
00000000111101110000011110110011
11111110110001111100011110000011
11111110111101000000001000100011
11111110010101000100011100000011
00001111111100000000011110010011
00000000111101110001100001100011
11111110010001000100011110000011
11111110111101000000001010100011
00010001110000000000000001101111
11111110010101000100011100000011
11111110010001000100011110000011
00010000111101110000100001100011
11111110011001000100011100000011
00001111111100000000011110010011
00000010111101110001110001100011
11111110010001000100011110000011
11111110111101000000001100100011
11111110110001000010011110000011
00000000000100000000011100010011
00000000111101110001011110110011
00000001100001111001011100010011
01000001100001110101011100010011
11111110011101000000011110000011
00000000111101110110011110110011
00000001100001111001011110010011
01000001100001111101011110010011
11111110111101000000001110100011
00001101000000000000000001101111
11111110011001000100011100000011
11111110010001000100011110000011
00000010111101110001100001100011
11111110110001000010011110000011
00000000000100000000011100010011
00000000111101110001011110110011
00000001100001111001011100010011
01000001100001110101011100010011
11111110011101000000011110000011
00000000111101110110011110110011
00000001100001111001011110010011
01000001100001111101011110010011
11111110111101000000001110100011
00001001100000000000000001101111
11111100110001000010011110000011
00000000000001111010011110000011
00000000000001111000100001100011
00010000000000010000011110110111
00010000100001111000010110010011
00000000110000000000000001101111
00010000000000010000011110110111
00010001000001111000010110010011
11111101110001000100011110000011
00000000111100000000010100110011
11111101110101000100011110000011
00000000111100000000001100110011
11111101111001000100011110000011
00000000111100000000100000110011
11111101111101000100011110000011
00000000111100000000100010110011
11111110000001000100011110000011
11111110000101000100011100000011
11111110001001000100011010000011
11111110001101000100011000000011
00000000110000010010011000100011
00000000110100010010010000100011
00000000111000010010001000100011
00000000111100010010000000100011
00000000011000000000011110110011
00000000101000000000011100110011
11111011110001000010011010000011
11111100000001000010011000000011
00010000000000010000010100110111
00010001100001010000010100010011
00000000000000000000000000010011
11111100100001000010011110000011
00000000000001111000000000100011
11111100100001000010011110000011
00000000000001111000000010100011
00000000000100000000011110010011
00001000010000000000000001101111
11111110110001000010011110000011
00000000000101111000011110010011
11111110111101000010011000100011
11111110100001000010011110000011
11111111111101111000011110010011
11111110111101000010010000100011
11111110110001000010011100000011
00000000011100000000011110010011
11101000111001111101111011100011
11111110011001000100011100000011
00001111111100000000011110010011
00000000111101110001010001100011
11111110000001000000001100100011
11111110010101000100011100000011
00001111111100000000011110010011
00000000111101110001010001100011
11111110000001000000001010100011
11111100100001000010011110000011
11111110011101000100011100000011
00000000111001111000000000100011
11111110011001000100011110000011
00000000010001111001011110010011
00000001100001111001011100010011
01000001100001110101011100010011
11111110010101000000011110000011
00000000111101110110011110110011
00000001100001111001011110010011
01000001100001111101011110010011
00001111111101111111011100010011
11111100100001000010011110000011
00000000111001111000000010100011
00000000000000000000011110010011
00000000111100000000010100110011
00000101110000010010000010000011
00000101100000010010010000000011
00000110000000010000000100010011
00000000000000001000000001100111
11111110000000010000000100010011
00000000100000010010111000100011
00000010000000010000010000010011
11111110101001000010011000100011
11111110110001000010011110000011
00000000000001111100011110000011
11111111111101111100011110010011
00001111111101111111011100010011
11111110110001000010011110000011
00000000111001111000000000100011
11111110110001000010011110000011
00000000000101111100011110000011
00000000010001111001011110010011
00000001100001111001011100010011
01000001100001110101011100010011
11111110110001000010011110000011
00000000000101111100011110000011
00000000010001111101011110010011
00001111111101111111011110010011
00000001100001111001011110010011
01000001100001111101011110010011
00000000111101110110011110110011
00000001100001111001011110010011
01000001100001111101011110010011
00001111111101111111011100010011
11111110110001000010011110000011
00000000111001111000000010100011
00000000000000000000000000010011
00000001110000010010010000000011
00000010000000010000000100010011
00000000000000001000000001100111
11111101000000010000000100010011
00000010000100010010011000100011
00000010100000010010010000100011
00000010100100010010001000100011
00000011000000010000010000010011
11111100101001000010111000100011
11111100101101000010110000100011
11111110000001000010011000100011
00000101000000000000000001101111
11111110110001000010011110000011
00001111111101111111011110010011
00000000111100000000010110110011
11111101110001000010010100000011
00000000000000000000000000010011
00000000101000000000011110110011
00000000111100000000010010110011
11111110110001000010011110000011
00001111111101111111011110010011
00000000111100000000010110110011
11111101100001000010010100000011
00000000000000000000000000010011
00000000101000000000011110110011
00000000111101001000011001100011
00000000000000000000011110010011
00000010000000000000000001101111
11111110110001000010011110000011
00000000000101111000011110010011
11111110111101000010011000100011
11111110110001000010011100000011
00000000011100000000011110010011
11111010111001111101011011100011
00000000000100000000011110010011
00000000111100000000010100110011
00000010110000010010000010000011
00000010100000010010010000000011
00000010010000010010010010000011
00000011000000010000000100010011
00000000000000001000000001100111
11111110000000010000000100010011
00000000100000010010111000100011
00000010000000010000010000010011
11111110101001000010011000100011
00000000101100000000011110110011
11111110111101000000010110100011
11111110110001000010011110000011
00000000000001111100011110000011
00000000111100000000011100110011
11111110101101000100011110000011
01000000111101110101011110110011
00000000000101111111011110010011
00000000000001111000110001100011
11111110110001000010011110000011
00000000000101111100011110000011
00000000010001111101011110010011
00001111111101111111011110010011
00000001010000000000000001101111
11111110110001000010011110000011
00000000000101111100011110000011
00000000111101111111011110010011
00001111111101111111011110010011
00000000111100000000010100110011
00000001110000010010010000000011
00000010000000010000000100010011
00000000000000001000000001100111
