11111110000000010000000100010011
00000000000100010010111000100011
00000000100000010010110000100011
00000010000000010000010000010011
11111110101001000010011000100011
11111110110001000010011010000011
00000000000100000000011000010011
00000000000100000000010110010011
00010000000000010000011110110111
00000000000001111000010100010011
00000000000000000000000000010011
00000000101000000000011110110011
11111111111101111000011110010011
00000000000101111011011110010011
00001111111101111111011110010011
00000000111100000000010100110011
00000001110000010010000010000011
00000001100000010010010000000011
00000010000000010000000100010011
00000000000000001000000001100111
11111101000000010000000100010011
00000010000100010010011000100011
00000010100000010010010000100011
00000010100100010010001000100011
00000011000000010000010000010011
11111100101001000010111000100011
11111100101101000010110000100011
11111100110001000010101000100011
11111110000001000010011000100011
11111101010001000010011110000011
00000000000001111000100001100011
00010000000000010000011110110111
00000000010001111000011110010011
00000000110000000000000001101111
00010000000000010000011110110111
00000000100001111000011110010011
11111101100001000010010110000011
00000000111100000000010100110011
00000000000000000000000000010011
11111110101001000010010000100011
11111110100001000010010100000011
00000000000000000000000000010011
00000000101000000000011110110011
11111101110001000010011010000011
00000000111100000000011000110011
00000000000100000000010110010011
11111110100001000010010100000011
00000000000000000000000000010011
00000000101000000000010010110011
11111110100001000010010100000011
00000000000000000000000000010011
00000000101000000000011110110011
00000000111101001001101001100011
11111101110001000010010100000011
00000000000000000000000000010011
11111110101001000010011000100011
00000000100000000000000001101111
00000000000000000000000000010011
11111110100001000010010100000011
00000000000000000000000000010011
11111110110001000010011110000011
00000000111100000000010100110011
00000010110000010010000010000011
00000010100000010010010000000011
00000010010000010010010010000011
00000011000000010000000100010011
00000000000000001000000001100111
11111101000000010000000100010011
00000010000100010010011000100011
00000010100000010010010000100011
00000010100100010010001000100011
00000011000000010000010000010011
11111100101001000010111000100011
11111100101101000010110000100011
11111110000001000010011000100011
00010000000000010000011110110111
00000000110001111000010110010011
11111101100001000010010100000011
00000000000000000000000000010011
11111110101001000010010000100011
11111110100001000010010100000011
00000000000000000000000000010011
00000000101000000000011110110011
11111101110001000010011010000011
00000000111100000000011000110011
00000000000100000000010110010011
11111110100001000010010100000011
00000000000000000000000000010011
00000000101000000000010010110011
11111110100001000010010100000011
00000000000000000000000000010011
00000000101000000000011110110011
00000000111101001001101001100011
11111101110001000010010100000011
00000000000000000000000000010011
11111110101001000010011000100011
00000000100000000000000001101111
00000000000000000000000000010011
11111110100001000010010100000011
00000000000000000000000000010011
11111110110001000010011110000011
00000000111100000000010100110011
00000010110000010010000010000011
00000010100000010010010000000011
00000010010000010010010010000011
00000011000000010000000100010011
00000000000000001000000001100111
11111100000000010000000100010011
00000010000100010010111000100011
00000010100000010010110000100011
00000010100100010010101000100011
00000100000000010000010000010011
11111100101001000010011000100011
11111100101101000010010000100011
11111100110001000010001000100011
11111110000001000010011000100011
00010000000000010000011110110111
00000001000001111000011110010011
11111110111101000010000000100011
00010000000000010000011110110111
00000001110001111000011110010011
11111100111101000010111000100011
00000000000100000000010110010011
00000001000000000000010100010011
00000000000000000000000000010011
00000000101000000000011110110011
11111100111101000010110000100011
11111110000001000010010000100011
11111100100001000010011110000011
11111110111101000010001000100011
00000111110000000000000001101111
11111110100001000010011110000011
00000000000001111000011001100011
11111101110001000010011110000011
00000000100000000000000001101111
11111110000001000010011110000011
11111110010001000010011100000011
00000000000001110100011100000011
00000000111000000000011000110011
00000000111100000000010110110011
11111101100001000010010100000011
00000000000000000000000000010011
11111101100001000010010100000011
00000000000000000000000000010011
00000000101000000000011110110011
11111100110001000010011010000011
00000000111100000000011000110011
00000000000100000000010110010011
11111101100001000010010100000011
00000000000000000000000000010011
00000000101000000000010010110011
11111101100001000010010100000011
00000000000000000000000000010011
00000000101000000000011110110011
00000010111101001001110001100011
11111110100001000010011110000011
00000000000101111000011110010011
11111110111101000010010000100011
11111110010001000010011110000011
00000000000101111000011110010011
11111110111101000010001000100011
11111110100001000010011100000011
11111100010001000010011110000011
11111000111101110100000011100011
11111100110001000010010100000011
00000000000000000000000000010011
11111110101001000010011000100011
00000000100000000000000001101111
00000000000000000000000000010011
11111101100001000010010100000011
00000000000000000000000000010011
11111110110001000010011110000011
00000000111100000000010100110011
00000011110000010010000010000011
00000011100000010010010000000011
00000011010000010010010010000011
00000100000000010000000100010011
00000000000000001000000001100111
