11110101000000010000000100010011
00001010000100010010011000100011
00001010100000010010010000100011
00001011000000010000010000010011
11110100101001000010111000100011
11110100101101000010110000100011
11110101110001000010011110000011
00000000000001111001011001100011
00000000000100000000011110010011
00100111000000000000000001101111
11110101100001000010011110000011
00000000000001111001011001100011
00000000001000000000011110010011
00100110000000000000000001101111
11110110010001000000011110010011
11110101110001000010011010000011
00000000000100000000011000010011
00001000000000000000010110010011
00000000111100000000010100110011
00000000000000000000000000010011
00000000101000000000011100110011
00000000000100000000011110010011
00000000111101110000110001100011
00010000000000010000011110110111
00000000000001111000010100010011
00000000000000000000000000010011
00000000001100000000011110010011
00100010100000000000000001101111
11110110010001000100011100000011
00000000101000000000011110010011
00000010111101110000001001100011
11110110010001000100011110000011
00000000101000000000011000010011
00000000111100000000010110110011
00010000000000010000011110110111
00000010000001111000010100010011
00000000000000000000000000010011
00000000010000000000011110010011
00011111110000000000000001101111
11110110011101000100011100000011
00000000100000000000011110010011
00000010111101110000001001100011
11110110011101000100011110000011
00000000100000000000011000010011
00000000111100000000010110110011
00010000000000010000011110110111
00000101010001111000010100010011
00000000000000000000000000010011
00000000010100000000011110010011
00011101000000000000000001101111
11110110011001000100011100000011
00000000000100000000011110010011
00000010111101110000001001100011
11110110011001000100011110000011
00000000000100000000011000010011
00000000111100000000010110110011
00010000000000010000011110110111
00001001100001111000010100010011
00000000000000000000000000010011
00000000011000000000011110010011
00011010010000000000000001101111
11110110110001000101011110000011
00000000111100000000011100110011
11110110100001000101011110000011
01000000111101110000011110110011
00000000000101111000011110010011
00000000111100000000011100110011
11110101100001000010011110000011
00000000111001111010001000100011
11110110111001000101011110000011
00000000111100000000011100110011
11110110101001000101011110000011
01000000111101110000011110110011
00000000000101111000011110010011
00000000111100000000011100110011
11110101100001000010011110000011
00000000111001111010010000100011
11110101100001000010011110000011
00000000010001111010011100000011
11110101100001000010011110000011
00000000100001111010011110000011
00000010111101110000011110110011
00000000000100000000010110010011
00000000111100000000010100110011
00000000000000000000000000010011
00000000101000000000011110110011
00000000111100000000011100110011
11110101100001000010011110000011
00000000111001111010000000100011
11111110000001000010011000100011
00010001100000000000000001101111
11111110000001000010010000100011
00001111010000000000000001101111
11110110001101000000011110010011
11110101110001000010011010000011
00000000000100000000011000010011
00000000000100000000010110010011
00000000111100000000010100110011
00000000000000000000000000010011
00000000101000000000011100110011
00000000000100000000011110010011
00000000111101110000110001100011
00010000000000010000011110110111
00001100110001111000010100010011
00000000000000000000000000010011
00000000011100000000011110010011
00001110110000000000000001101111
11110110001101000100011110000011
00001100000001111111011100010011
00001100000000000000011110010011
00000000111101110000100001100011
00000000000100000000011110010011
11111110111101000000001110100011
00001001000000000000000001101111
11110110001101000100011110000011
00000011111101111111011110010011
11111110111101000000001110100011
11110110001101000000011110010011
11110101110001000010011010000011
00000000000100000000011000010011
00000000000100000000010110010011
00000000111100000000010100110011
00000000000000000000000000010011
00000000101000000000011100110011
00000000000100000000011110010011
00000110111101110000000001100011
00010000000000010000011110110111
00001100110001111000010100010011
00000000000000000000000000010011
00000000100000000000011110010011
00001000110000000000000001101111
11110101100001000010011110000011
00000000010001111010011100000011
11111110100001000010011110000011
00000010111001111111100001100011
11110101100001000010011110000011
00000000000001111010011100000011
11110101100001000010011110000011
00000000010001111010011010000011
11111110110001000010011110000011
00000010111101101000011010110011
11111110100001000010011110000011
00000000111101101000011110110011
00000000111101110000011110110011
11110110001101000100011100000011
00000000111001111000000000100011
11111110100001000010011110000011
00000000000101111000011110010011
11111110111101000010010000100011
11111110011101000100011110000011
11111111111101111000011100010011
11111110111001000000001110100011
11111010000001111001011011100011
11111010011001000101011110000011
00000000111100000000011100110011
11111110100001000010011110000011
11110000111001111100001011100011
11111110110001000010011110000011
00000000000101111000011110010011
11111110111101000010011000100011
11110101100001000010011110000011
00000000100001111010011100000011
11111110110001000010011110000011
11101110111001111110000011100011
00000000000000000000011110010011
00000000111100000000010100110011
00001010110000010010000010000011
00001010100000010010010000000011
00001011000000010000000100010011
00000000000000001000000001100111
