11111010000000010000000100010011
00000100000100010010111000100011
00000100100000010010110000100011
00000110000000010000010000010011
11111010101001000010011000100011
11111010101101000010010000100011
11111010110001000010011110000011
00000000000001111001011001100011
00000000000100000000011110010011
01001000000000000000000001101111
11111010100001000010011110000011
00000000000001111001011001100011
00000000001000000000011110010011
01000111000000000000000001101111
11111110000001000010011000100011
01000000000000000000011110010011
11111100111101000010101000100011
11111101010001000010011110000011
00000000111100000000010100110011
00000000000000000000000000010011
00000000101000000000011110110011
11111110111101000010010000100011
11111010110001000010011000000011
11111101010001000010010110000011
11111110100001000010010100000011
00000000000000000000000000010011
11111100101001000010100000100011
11111101000001000010011110000011
00000000000001111001111001100011
00010000000000010000011110110111
00000000000001111000010100010011
00000000000000000000000000010011
00000000001100000000011110010011
11111110111101000010011000100011
01000001000000000000000001101111
00010000000000010000011110110111
00000010010001111000010110010011
11111101000001000010010100000011
00000000000000000000000000010011
00000000101000000000011100110011
11111101000001000010011110000011
00000000111001111000111001100011
00010000000000010000011110110111
00000010110001111000010100010011
00000000000000000000000000010011
00000000010000000000011110010011
11111110111101000010011000100011
00111101110000000000000001101111
11111010110001000010011000000011
11111101010001000010010110000011
11111110100001000010010100000011
00000000000000000000000000010011
11111100101001000010100000100011
11111101000001000010011110000011
00000000000001111001111001100011
00010000000000010000011110110111
00000100100001111000010100010011
00000000000000000000000000010011
00000000010100000000011110010011
11111110111101000010011000100011
00111010100000000000000001101111
00010000000000010000011110110111
00000110110001111000010110010011
11111101000001000010010100000011
00000000000000000000000000010011
00000000101000000000011100110011
11111101000001000010011110000011
00000000111001111000111001100011
00010000000000010000011110110111
00000111010001111000010100010011
00000000000000000000000000010011
00000000011000000000011110010011
11111110111101000010011000100011
00110111010000000000000001101111
11111010110001000010011000000011
11111101010001000010010110000011
11111110100001000010010100000011
00000000000000000000000000010011
11111100101001000010100000100011
11111101000001000010011110000011
00000000000001111001111001100011
00010000000000010000011110110111
00001001110001111000010100010011
00000000000000000000000000010011
00000000011100000000011110010011
11111110111101000010011000100011
00110100000000000000000001101111
00010000000000010000011110110111
00001011100001111000010110010011
11111101000001000010010100000011
00000000000000000000000000010011
11111100101001000010100000100011
11111101000001000010011110000011
00000000000001111001010001100011
11111011000111111111000001101111
00000000000000000000000000010011
00010000000000010000011110110111
00001100000001111000010110010011
11111101000001000010010100000011
00000000000000000000000000010011
11111100101001000010011000100011
11111100110001000010011110000011
00000010000001111000111001100011
00010000000000010000011110110111
00001100100001111000010110010011
11111101000001000010010100000011
00000000000000000000000000010011
11111100101001000010010000100011
11111100100001000010011110000011
00000010000001111000000001100011
00010000000000010000011110110111
00001101000001111000010110010011
11111101000001000010010100000011
00000000000000000000000000010011
11111100101001000010001000100011
11111100010001000010011110000011
00000000000001111001111001100011
00010000000000010000011110110111
00001101100001111000010100010011
00000000000000000000000000010011
00000000100000000000011110010011
11111110111101000010011000100011
00101011000000000000000001101111
11111100100001000010010100000011
00000000000000000000000000010011
00000000101000000000011100110011
11111010100001000010011110000011
00000000111001111010001000100011
11111010100001000010011110000011
00000000010001111010011110000011
00000010000001111000001001100011
11111100110001000010010100000011
00000000000000000000000000010011
00000000101000000000011100110011
11111010100001000010011110000011
00000000111001111010010000100011
11111010100001000010011110000011
00000000100001111010011110000011
00000000000001111001111001100011
00010000000000010000011110110111
00010000010001111000010100010011
00000000000000000000000000010011
00000000100100000000011110010011
11111110111101000010011000100011
00100101100000000000000001101111
11111010110001000010011000000011
11111101010001000010010110000011
11111110100001000010010100000011
00000000000000000000000000010011
11111100101001000010100000100011
11111101000001000010011110000011
00000000000001111001111001100011
00010000000000010000011110110111
00010100010001111000010100010011
00000000000000000000000000010011
00000000101000000000011110010011
11111110111101000010011000100011
00100010010000000000000001101111
00010000000000010000011110110111
00010110110001111000010110010011
11111101000001000010010100000011
00000000000000000000000000010011
11111100101001000010100000100011
11111101000001000010011110000011
00000000000001111001111001100011
00010000000000010000011110110111
00010111010001111000010100010011
00000000000000000000000000010011
00000000101100000000011110010011
11111110111101000010011000100011
00011111000000000000000001101111
00010000000000010000011110110111
00011001000001111000010110010011
11111101000001000010010100000011
00000000000000000000000000010011
11111100101001000010000000100011
11111100000001000010011110000011
00000000000001111001111001100011
00010000000000010000011110110111
00011001110001111000010100010011
00000000000000000000000000010011
00000000110000000000011110010011
11111110111101000010011000100011
00011011110000000000000001101111
00010000000000010000011110110111
00011101000001111000010110010011
11111100000001000010010100000011
00000000000000000000000000010011
00000000101000000000011110110011
00000010000001111000000001100011
11111100000001000010010110000011
00010000000000010000011110110111
00011101010001111000010100010011
00000000000000000000000000010011
00000000110100000000011110010011
11111110111101000010011000100011
00011000100000000000000001101111
11111010100001000010011110000011
00000000010001111010011110000011
00000000010001111000011110010011
00000000001001111001011110010011
11111100111101000010101000100011
11111101010001000010011110000011
00000000111100000000010110110011
11111110100001000010010100000011
00000000000000000000000000010011
11111110101001000010010000100011
11111010100001000010011110000011
00000000010001111010011100000011
11111010100001000010011110000011
00000000100001111010011110000011
00000010111101110000011110110011
00000000111100000000010100110011
00000000000000000000000000010011
00000000101000000000011110110011
00000000111100000000011100110011
11111010100001000010011110000011
00000000111001111010000000100011
11111010100001000010011110000011
00000000000001111010011110000011
11111110111101000010000000100011
11111110000001000010001000100011
00010000110000000000000001101111
11111010110001000010011000000011
11111101010001000010010110000011
11111110100001000010010100000011
00000000000000000000000000010011
11111100101001000010100000100011
11111101000001000010011110000011
00000000000001111001111001100011
00010000000000010000011110110111
00100000100001111000010100010011
00000000000000000000000000010011
00000000111000000000011110010011
11111110111101000010011000100011
00001110110000000000000001101111
11111100000001000010111000100011
00010000000000010000011110110111
00100011000001111000010110010011
11111101000001000010010100000011
00000000000000000000000000010011
11111100101001000010110000100011
00001010000000000000000001101111
11111101100001000010011110000011
00000010000001111001001001100011
11111110010001000010011000000011
11111101110001000010010110000011
00010000000000010000011110110111
00100011010001111000010100010011
00000000000000000000000000010011
00000000111100000000011110010011
11111110111101000010011000100011
00001010100000000000000001101111
11111101100001000010010100000011
00000000000000000000000000010011
11111010101001000010111000100011
11111011110001000010011100000011
00010000000000000000011110010011
00000000111001111101111001100011
11111011110001000010011010000011
11111110010001000010011000000011
11111101110001000010010110000011
00010000000000010000011110110111
00100101110001111000010100010011
00000000000000000000000000010011
11111011110001000010011110000011
00001111111101111111011110010011
11111111111101111000011110010011
00001111111101111111011100010011
11111110000001000010011110000011
00000000111001111000000000100011
11111101110001000010011110000011
00000000000101111000011110010011
11111100111101000010111000100011
00010000000000010000011110110111
00100011000001111000010110010011
00000000000000000000010100010011
00000000000000000000000000010011
11111100101001000010110000100011
11111110000001000010011110000011
00000000000101111000011110010011
11111110111101000010000000100011
11111010100001000010011110000011
00000000010001111010011110000011
11111101110001000010011100000011
11110100111101110100110011100011
11111110010001000010011110000011
00000000000101111000011110010011
11111110111101000010001000100011
11111010100001000010011110000011
00000000100001111010011110000011
11111110010001000010011100000011
11101110111101110100011011100011
00000000000000000000000000010011
11111110100001000010010100000011
00000000000000000000000000010011
11111110110001000010011110000011
00000000111100000000010100110011
00000101110000010010000010000011
00000101100000010010010000000011
00000110000000010000000100010011
00000000000000001000000001100111
11111101000000010000000100010011
00000010000100010010011000100011
00000010100000010010010000100011
00000011000000010000010000010011
11111100101001000010111000100011
11111100101101000010110000100011
11111101100001000010010110000011
11111101110001000010010100000011
00000000000000000000000000010011
11111110101001000010011000100011
11111110110001000010011110000011
00000000000001111001011001100011
00000000000000000000011110010011
00000101110000000000000001101111
00000010001000000000010110010011
11111110110001000010010100000011
00000000000000000000000000010011
11111110101001000010010000100011
11111110100001000010011110000011
00000000000001111001011001100011
00000000000000000000011110010011
00000011110000000000000001101111
11111110100001000010011110000011
00000000000101111000011110010011
11111110111101000010010000100011
00000010001000000000010110010011
11111110100001000010010100000011
00000000000000000000000000010011
11111110101001000010001000100011
11111110010001000010011110000011
00000000000001111001011001100011
00000000000000000000011110010011
00000001000000000000000001101111
11111110010001000010011110000011
00000000000001111000000000100011
11111110100001000010011110000011
00000000111100000000010100110011
00000010110000010010000010000011
00000010100000010010010000000011
00000011000000010000000100010011
00000000000000001000000001100111
