11111111000000010000000100010011
00000000000100010010011000100011
00000000100000010010010000100011
00000001000000010000010000010011
00010000000000010000011110110111
00000000000001111000010100010011
00000000000000000000000000010011
00010000000000010000011110110111
00000001110001111000010100010011
00000000000000000000000000010011
00010000000000010000011110110111
00000101000001111000010100010011
00000000000000000000000000010011
00010000000000010000011110110111
00001001000001111000010100010011
00000000000000000000000000010011
00000000000000000000000000010011
00000000110000010010000010000011
00000000100000010010010000000011
00000001000000010000000100010011
00000000000000001000000001100111
11111110000000010000000100010011
00000000000100010010111000100011
00000000100000010010110000100011
00000010000000010000010000010011
11111110101001000010011000100011
11111110101101000010010000100011
11111110110001000010001000100011
11111110110001000010011110000011
00000000000001111010000000100011
11111110110001000010011110000011
00000000000001111010001000100011
00010000000000010000011110110111
00001100010001111000011000010011
11111110010001000010010110000011
11111110100001000010010100000011
00000000000000000000000000010011
00000000101000000000011100110011
11111111111100000000011110010011
00000010111101110001101001100011
00010000000000010000011110110111
00001100100001111000011000010011
11111110010001000010010110000011
11111110100001000010010100000011
00000000000000000000000000010011
00000000101000000000011100110011
11111111111100000000011110010011
00000000111101110000011001100011
00000000100000000000011110010011
00000001000000000000000001101111
00000001000000000000011110010011
00000000100000000000000001101111
00000000100000000000011110010011
11111110110001000010011100000011
00000000111101110010010000100011
00010000000000010000011110110111
00001100010001111000011000010011
11111110010001000010010110000011
11111110100001000010010100000011
00000000000000000000000000010011
00000000101000000000011100110011
11111111111100000000011110010011
00000000111101110000011001100011
00000000100000000000011110010011
00000000100000000000000001101111
00000001000000000000011110010011
11111110110001000010011100000011
00000000111101110010011000100011
00010000000000010000011110110111
00001100110001111000011000010011
11111110010001000010010110000011
11111110100001000010010100000011
00000000000000000000000000010011
00000000101000000000011100110011
11111111111100000000011110010011
00000010111101110001101001100011
00010000000000010000011110110111
00001101000001111000011000010011
11111110010001000010010110000011
11111110100001000010010100000011
00000000000000000000000000010011
00000000101000000000011100110011
11111111111100000000011110010011
00000000111101110000011001100011
11111111111100000000011110010011
00000001000000000000000001101111
00000000000100000000011110010011
00000000100000000000000001101111
00000000000100000000011110010011
11111110110001000010011100000011
00000000111101110010100000100011
00000000000000000000000000010011
00000001110000010010000010000011
00000001100000010010010000000011
00000010000000010000000100010011
00000000000000001000000001100111
11111101000000010000000100010011
00000010000100010010011000100011
00000010100000010010010000100011
00000011000000010000010000010011
11111100101001000010111000100011
11111100101101000010110000100011
11111101100001000010011110000011
00000000010001111010011110000011
11111101110001000010011100000011
00000000100001110010011100000011
00000010111001111101011110110011
00000000111100000000011010110011
11111101100001000010011110000011
00000000100001111010011110000011
11111101110001000010011100000011
00000000110001110010011100000011
00000010111001111101011110110011
00000010111101101000011100110011
11111101110001000010011110000011
00000000111001111010001000100011
11111101110001000010011110000011
00000000010001111010011110000011
00000000100000000000010110010011
00000000111100000000010100110011
00000000000000000000000000010011
00000000101000000000011110110011
00000000111100000000011100110011
11111101110001000010011110000011
00000000111001111010000000100011
11111110000001000010011000100011
11111101110001000010011110000011
00000000000001111010011110000011
11111110111101000010001000100011
00000111100000000000000001101111
11111110000001000010010000100011
00000011110000000000000001101111
11111110110001000010011100000011
11111110100001000010011010000011
11111101100001000010011000000011
11111110010001000010010110000011
11111101110001000010010100000011
00000000000000000000000000010011
11111101110001000010011110000011
00000000100001111010011110000011
11111110100001000010011100000011
00000000111101110000011110110011
11111110111101000010010000100011
11111110010001000010011110000011
00000000100001111000011110010011
11111110111101000010001000100011
11111101110001000010011110000011
00000000100001111010011100000011
11111110100001000010011110000011
00000000111101110000011110110011
00000000111100000000011100110011
11111101100001000010011110000011
00000000010001111010011110000011
11111010111001111111011011100011
11111101110001000010011110000011
00000000110001111010011110000011
11111110110001000010011100000011
00000000111101110000011110110011
11111110111101000010011000100011
11111101110001000010011110000011
00000000110001111010011100000011
11111110110001000010011110000011
00000000111101110000011110110011
00000000111100000000011100110011
11111101100001000010011110000011
00000000100001111010011110000011
11110110111001111111100011100011
00000000000000000000000000010011
00000000000000000000000000010011
00000010110000010010000010000011
00000010100000010010010000000011
00000011000000010000000100010011
00000000000000001000000001100111
11111100000000010000000100010011
00000010000100010010111000100011
00000010100000010010110000100011
00000100000000010000010000010011
11111100101001000010011000100011
11111100101101000010010000100011
11111100110001000010011110000011
00000000100001111010011110000011
01000001111101111101011100010011
00000000011101110111011100010011
00000000111101110000011110110011
01000000001101111101011110010011
00000000111100000000011100110011
11111100110001000010011110000011
00000000110001111010011110000011
00000010111101110000011110110011
11111100111101000010111000100011
11111110000001000010011000100011
11111100110001000010011110000011
00000000000001111010011110000011
11111110111101000010010000100011
00001000110000000000000001101111
11111110000001000010001000100011
11111110100001000010011110000011
00000000000001111010011110000011
11111110111101000010000000100011
00000101000000000000000001101111
11111110000001000010011110000011
00000000000001111010011110000011
11111101110001000010011100000011
11111100100001000010011010000011
00000000111000000000011000110011
00000000000100000000010110010011
00000000111100000000010100110011
00000000000000000000000000010011
00000000101000000000011100110011
11111101110001000010011110000011
00000000111101110000011001100011
00000000001000000000011110010011
00000101100000000000000001101111
11111110010001000010011110000011
00000000000101111000011110010011
11111110111101000010001000100011
11111110000001000010011110000011
00000000010001111000011110010011
11111110111101000010000000100011
11111110100001000010011110000011
00000000010001111010011110000011
11111110010001000010011100000011
11111010111101110100010011100011
11111110110001000010011110000011
00000000000101111000011110010011
11111110111101000010011000100011
11111110100001000010011110000011
00000000100001111000011110010011
11111110111101000010010000100011
11111100110001000010011110000011
00000000010001111010011110000011
11111110110001000010011100000011
11110110111101110100011011100011
00000000000000000000011110010011
00000000111100000000010100110011
00000011110000010010000010000011
00000011100000010010010000000011
00000100000000010000000100010011
00000000000000001000000001100111
11111101000000010000000100010011
00000010000100010010011000100011
00000010100000010010010000100011
00000011000000010000010000010011
11111100101001000010111000100011
11111101110001000010011110000011
00000000000001111010011110000011
00001100000001111000110001100011
11111110000001000010011000100011
11111101110001000010011110000011
00000000000001111010011110000011
11111110111101000010010000100011
00001001100000000000000001101111
11111110100001000010011110000011
00000000000001111010011110000011
00000110000001111000100001100011
11111110000001000010001000100011
11111110100001000010011110000011
00000000000001111010011110000011
11111110111101000010000000100011
00000011100000000000000001101111
11111110000001000010011110000011
00000000000001111010011110000011
00000000000001111000101001100011
11111110000001000010011110000011
00000000000001111010011110000011
00000000111100000000010100110011
00000000000000000000000000010011
11111110010001000010011110000011
00000000000101111000011110010011
11111110111101000010001000100011
11111110000001000010011110000011
00000000010001111000011110010011
11111110111101000010000000100011
11111110100001000010011110000011
00000000010001111010011110000011
11111110010001000010011100000011
11111100111101110100000011100011
11111110100001000010011110000011
00000000000001111010011110000011
00000000111100000000010100110011
00000000000000000000000000010011
00000000100000000000000001101111
00000000000000000000000000010011
11111110110001000010011110000011
00000000000101111000011110010011
11111110111101000010011000100011
11111110100001000010011110000011
00000000100001111000011110010011
11111110111101000010010000100011
11111101110001000010011110000011
00000000010001111010011110000011
11111110110001000010011100000011
11110110111101110100000011100011
11111101110001000010011110000011
00000000000001111010011110000011
00000000111100000000010100110011
00000000000000000000000000010011
11111101110001000010011110000011
00000000000001111010000000100011
00000000100000000000000001101111
00000000000000000000000000010011
00000010110000010010000010000011
00000010100000010010010000000011
00000011000000010000000100010011
00000000000000001000000001100111
11111010000000010000000100010011
00000100000100010010111000100011
00000100100000010010110000100011
00000100100100010010101000100011
00000110000000010000010000010011
11111010101001000010111000100011
11111010101101000010110000100011
11111010110001000010101000100011
11111010110101000010100000100011
11111010111001000010011000100011
11111011110001000010011110000011
00000000100001111010011110000011
01000001111101111101011100010011
00000000011101110111011100010011
00000000111101110000011110110011
01000000001101111101011110010011
00000000111100000000011100110011
11111011110001000010011110000011
00000000110001111010011110000011
00000010111101110000011110110011
11111100111101000010011000100011
00000000010000000000010110010011
00000000111100000000010100010011
00000000000000000000000000010011
00000000101000000000011110110011
11111100111101000010010000100011
11111110000001000010011000100011
00000011100000000000000001101111
11111100110001000010011010000011
11111110110001000010011110000011
00000000001001111001011110010011
11111100100001000010011100000011
00000000111101110000010010110011
00000000000100000000010110010011
00000000110100000000010100110011
00000000000000000000000000010011
00000000101000000000011110110011
00000000111101001010000000100011
11111110110001000010011110000011
00000000000101111000011110010011
11111110111101000010011000100011
11111110110001000010011100000011
00000000111000000000011110010011
11111100111001111101001011100011
11111110000001000010001000100011
11111110000001000010010000100011
00010101100000000000000001101111
11111110000001000010000000100011
00010011010000000000000001101111
11111100000001000010111000100011
00010000100000000000000001101111
11111011000001000010011100000011
11111110010001000010011110000011
00000000111101110000011100110011
11111101110001000010011110000011
00000000111101110000011010110011
11111010110001000010011100000011
11111110000001000010011110000011
00000000111101110000011110110011
00000000111100000000011000110011
00000000110100000000010110110011
11111011010001000010010100000011
00000000000000000000000000010011
00000000101000000000011110110011
11111100111101000000001110100011
11111100011101000100011110000011
00001010000001111000111001100011
11111011110001000010011110000011
00000001000001111010011110000011
00000000111100000101101001100011
11111100011101000100011110000011
11111111111101111000011110010011
00001111111101111111011110010011
00000011000000000000000001101111
11111011110001000010011110000011
00000001000001111010011110000011
00000000000001111101110001100011
11111100011101000100011110000011
00000000111100000000011100010011
01000000111101110000011110110011
00001111111101111111011110010011
00000001000000000000000001101111
11111100011101000100011110000011
11111111111101111000011110010011
00001111111101111111011110010011
11111100111101000000001110100011
11111100011101000100011110000011
00000000001001111001011110010011
11111100100001000010011100000011
00000000111101110000011110110011
00000000000001111010011100000011
11111110100001000010011110000011
00000000111101110000011110110011
00000000000001111100011110000011
00000001100001111001011100010011
01000001100001110101011100010011
11111101110001000010011110000011
00001000000000000000011010010011
01000000111101101101011110110011
00000001100001111001011110010011
01000001100001111101011110010011
00000000111101110110011110110011
00000001100001111001011010010011
01000001100001101101011010010011
11111100011101000100011110000011
00000000001001111001011110010011
11111100100001000010011100000011
00000000111101110000011110110011
00000000000001111010011100000011
11111110100001000010011110000011
00000000111101110000011110110011
00001111111101101111011100010011
00000000111001111000000000100011
11111101110001000010011110000011
00000000000101111000011110010011
11111100111101000010111000100011
11111101110001000010011100000011
00000000011100000000011110010011
11101110111001111101101011100011
11111110000001000010011110000011
00000000000101111000011110010011
11111110111101000010000000100011
11111110100001000010011110000011
00000000000101111000011110010011
11111110111101000010010000100011
11111011110001000010011110000011
00000000110001111010011110000011
11111110000001000010011100000011
11101100111101110100001011100011
11111110010001000010011110000011
00000000100001111000011110010011
11111110111101000010001000100011
11111011110001000010011110000011
00000000100001111010011110000011
11111110010001000010011100000011
11101010111101110100000011100011
11111011100001000010011110000011
00000000000001111010001000100011
11111110000001000010011000100011
00000110110000000000000001101111
11111110000001000010010000100011
00000100110000000000000001101111
11111110110001000010011110000011
00000000001001111001011110010011
11111100100001000010011100000011
00000000111101110000011110110011
00000000000001111010011100000011
11111110100001000010011110000011
00000000111101110000011110110011
00000000000001111100011110000011
00000000000001111000111001100011
11111011100001000010011110000011
00000000010001111010011110000011
00000000000101111000011100010011
11111011100001000010011110000011
00000000111001111010001000100011
00000001110000000000000001101111
11111110100001000010011110000011
00000000000101111000011110010011
11111110111101000010010000100011
11111110100001000010011100000011
11111100110001000010011110000011
11111010111101110100100011100011
11111110110001000010011110000011
00000000000101111000011110010011
11111110111101000010011000100011
11111110110001000010011100000011
00000000111000000000011110010011
11111000111001111101100011100011
11111011100001000010011110000011
00000000010001111010011110000011
00000000000001111001100001100011
11111011100001000010011110000011
00000000000001111010000000100011
00010011110000000000000001101111
11111011100001000010011110000011
00000000010001111010011110000011
00000000010000000000010110010011
00000000111100000000010100110011
00000000000000000000000000010011
00000000101000000000011110110011
00000000111100000000011100110011
11111011100001000010011110000011
00000000111001111010000000100011
11111110000001000010011000100011
11111100100001000010011110000011
11111100111101000010110000100011
11111011100001000010011110000011
00000000000001111010011110000011
11111100111101000010101000100011
00001111000000000000000001101111
11111100000001000010100000100011
11111110000001000010010000100011
00000011010000000000000001101111
11111101100001000010011110000011
00000000000001111010011100000011
11111110100001000010011110000011
00000000111101110000011110110011
00000000000001111100011110000011
00000000111100000000011100110011
11111101000001000010011110000011
00000000111001111110011110110011
11111100111101000010100000100011
11111110100001000010011110000011
00000000000101111000011110010011
11111110111101000010010000100011
11111110100001000010011100000011
11111100110001000010011110000011
00000000111101110101011001100011
11111101000001000010011110000011
11111100000001111000000011100011
11111101000001000010011110000011
00000110000001111000111001100011
11111100110001000010011110000011
00000000000100000000010110010011
00000000111100000000010100110011
00000000000000000000000000010011
00000000101000000000011110110011
00000000111100000000011100110011
11111101010001000010011110000011
00000000111001111010000000100011
11111110000001000010010000100011
00000011100000000000000001101111
11111101100001000010011110000011
00000000000001111010011100000011
11111110100001000010011110000011
00000000111101110000011100110011
11111101010001000010011110000011
00000000000001111010011010000011
11111110100001000010011110000011
00000000111101101000011110110011
00000000000001110100011100000011
00000000111001111000000000100011
11111110100001000010011110000011
00000000000101111000011110010011
11111110111101000010010000100011
11111110100001000010011100000011
11111100110001000010011110000011
11111100111101110100001011100011
11111101010001000010011110000011
00000000010001111000011110010011
11111100111101000010101000100011
00000000100000000000000001101111
00000000000000000000000000010011
11111110110001000010011110000011
00000000000101111000011110010011
11111110111101000010011000100011
11111101100001000010011110000011
00000000010001111000011110010011
11111100111101000010110000100011
11111110110001000010011100000011
00000000111000000000011110010011
11110000111001111101011011100011
11111110000001000010011000100011
00000010110000000000000001101111
11111110110001000010011110000011
00000000001001111001011110010011
11111100100001000010011100000011
00000000111101110000011110110011
00000000000001111010011110000011
00000000111100000000010100110011
00000000000000000000000000010011
11111110110001000010011110000011
00000000000101111000011110010011
11111110111101000010011000100011
11111110110001000010011100000011
00000000111000000000011110010011
11111100111001111101100011100011
11111100100001000010010100000011
00000000000000000000000000010011
00000000000000000000000000010011
00000101110000010010000010000011
00000101100000010010010000000011
00000101010000010010010010000011
00000110000000010000000100010011
00000000000000001000000001100111
