11110111000000010000000100010011
00001000000100010010011000100011
00001000100000010010010000100011
00001001000000010000010000010011
11110110101001000010111000100011
11110110101101000010110000100011
00000000000000000000010100010011
00000000000000000000000000010011
00000000000000000000010110010011
11110111110001000010010100000011
00000000000000000000000000010011
00000000101000000000011110110011
00000000000001111000111001100011
00010000000000010000011110110111
00000000000001111000011000010011
11110111110001000010010110000011
00010000000000010000011110110111
00000000010001111000010100010011
00000000000000000000000000010011
11111000000001000000011110010011
00000000111100000000010110110011
00000000000000000000010100010011
00000000000000000000000000010011
00000000101000000000011100110011
11111111111100000000011110010011
00000000111101110001111001100011
00010000000000010000011110110111
00000000000001111000011000010011
11110111110001000010010110000011
00010000000000010000011110110111
00000001010001111000010100010011
00000000000000000000000000010011
11111011000001000010011110000011
00000000111100000000011100110011
11110111100001000010011110000011
00000000111001111010000000100011
11110111100001000010011110000011
00000000000001111010011110000011
00000000000001111001100001100011
00010000000000010000011110110111
00000010010001111000011110010011
00001101100000000000000001101111
11111111111100000000011110010011
11111110111101000010011000100011
11110111100001000010011110000011
00000000000001111010010110000011
00000000000000000000011110010011
00000000000000000000011100010011
00000000000100000000011010010011
00000000000100000000011000010011
00000000000000000000010100010011
00000000000000000000000000010011
11111110101001000010011000100011
11111110110001000010011100000011
11111111111100000000011110010011
00000000111101110000011001100011
11111110110001000010011110000011
00001001100000000000000001101111
00010000000000010000011110110111
00000010100001111000010110010011
11110111110001000010010100000011
00000000000000000000000000010011
11111110101001000010010000100011
11111110100001000010011110000011
00000000000001111001111001100011
00010000000000010000011110110111
00000000000001111000011000010011
11110111110001000010010110000011
00010000000000010000011110110111
00000010110001111000010100010011
00000000000000000000000000010011
11110111100001000010011110000011
00000000000001111010011110000011
00000000111100000000010100110011
00000000000000000000000000010011
00000000101000000000011110110011
11111110111101000010011000100011
11111110110001000010011110000011
00000000000001111001111001100011
00010000000000010000011110110111
00000000000001111000011000010011
11110111110001000010010110000011
00010000000000010000011110110111
00000011110001111000010100010011
00000000000000000000000000010011
11110111100001000010011110000011
00000000000001111010011110000011
11111110100001000010011010000011
00000000111100000000011000110011
00000000000100000000010110010011
11111110110001000010010100000011
00000000000000000000000000010011
11111110100001000010010100000011
00000000000000000000000000010011
11111110110001000010011110000011
00000000111100000000010100110011
00001000110000010010000010000011
00001000100000010010010000000011
00001001000000010000000100010011
00000000000000001000000001100111
11111110000000010000000100010011
00000000000100010010111000100011
00000000100000010010110000100011
00000010000000010000010000010011
11111110101001000010011000100011
00000000000100000000010100010011
00000000000000000000000000010011
00011011011000000000011000010011
00100100000100000000010110010011
11111110110001000010010100000011
00000000000000000000000000010011
00000000101000000000011100110011
00000000000100000000011110010011
00000000111101110000111001100011
00010000000000010000011110110111
00000101100001111000011000010011
11111110110001000010010110000011
00010000000000010000011110110111
00000000010001111000010100010011
00000000000000000000000000010011
00000000000000000000000000010011
00000001110000010010000010000011
00000001100000010010010000000011
00000010000000010000000100010011
00000000000000001000000001100111
