11110111000000010000000100010011
00001000000100010010011000100011
00001000100000010010010000100011
00001001000000010000010000010011
11110110101001000010111000100011
11110110101101000010110000100011
00000010100000000000011110010011
11111000111101000001001000100011
11111000000001000000001100100011
11111000000001000000001110100011
00000000110000000000011110010011
11111000111101000010010000100011
00000001010100000000011110010011
11111000111101000001011000100011
11111000000001000000011100100011
00000000101000000000011110010011
11111000111101000000011110100011
00000000000000001001011110110111
00000000000001111000011110010011
10001010001001111000011110010011
11111000111101000010100000100011
00000011000000000000011110010011
11111000111101000001101000100011
11111000000001000000101100100011
11111000000001000000101110100011
00000000111000000000011110010011
11111000111101000010110000100011
00000101010000000000011110010011
11111000111101000001111000100011
11111000000001000000111100100011
11111000000001000000111110100011
00000000100000000000011110010011
11111010111101000010000000100011
00000001010100000000011110010011
11111010111101000001001000100011
11111010000001000000001100100011
00000000011100000000011110010011
11111010111101000000001110100011
11111010000001000010010000100011
00000010100000000000011110010011
11111010111101000001011000100011
11111010000001000000011100100011
11111010000001000000011110100011
00000001000000000000011110010011
11111010111101000010100000100011
00000001010100000000011110010011
11111010111101000001101000100011
00000000000100000000011110010011
11111010111101000000101100100011
11111010000001000000101110100011
11110111110001000010011110000011
11111010111101000010110000100011
00000001010100000000011110010011
11111010111101000001111000100011
11111010000001000000111100100011
00000000010000000000011110010011
11111010111101000000111110100011
00000000000000010000011110110111
00000000000001111000011110010011
11111111111101111000011110010011
11111100111101000010000000100011
00000011000000000000011110010011
11111100111101000001001000100011
11111100000001000000001100100011
11111100000001000000001110100011
00000001001000000000011110010011
11111100111101000010010000100011
00000001010100000000011110010011
11111100111101000001011000100011
00000000000100000000011110010011
11111100111101000000011100100011
11111100000001000000011110100011
11110111100001000010011110000011
11111100111101000010100000100011
00000001010100000000011110010011
11111100111101000001101000100011
11111100000001000000101100100011
00000000000100000000011110010011
11111100111101000000101110100011
00001111111100000000011110010011
11111100111101000010110000100011
00000000011000000000011110010011
11111100111101000001111000100011
11111100000001000000111100100011
11111100000001000000111110100011
11111111111100000000011110010011
11111110111101000010000000100011
00000000011000000000011110010011
11111110111101000001001000100011
11111110000001000000001100100011
11111110000001000000001110100011
11111110000001000010010000100011
00000000100000000000010100010011
00000000000000000000000000010011
00000000101000000000011110110011
11111110111101000010011000100011
11111110110001000010011110000011
00000010000001111000010001100011
00000110100000000000010100010011
00000000000000000000000000010011
00000000101000000000011110110011
00000000111100000000011100110011
11111110110001000010011110000011
00000000111001111010001000100011
11111110110001000010011110000011
00000000010001111010011110000011
00000000000001111001110001100011
00010000000000010000011110110111
00000000000001111000010100010011
00000000000000000000000000010011
00000000000100000000010100010011
00000000000000000000000000010011
11111110110001000010011110000011
00000000110100000000011100010011
00000000111001111010000000100011
11111110110001000010011110000011
00000000010001111010011110000011
11111000010001000000011100010011
00000110100000000000011000010011
00000000111000000000010110110011
00000000111100000000010100110011
00000000000000000000000000010011
11111110110001000010011110000011
00000000111100000000010100110011
00001000110000010010000010000011
00001000100000010010010000000011
00001001000000010000000100010011
00000000000000001000000001100111
11111110000000010000000100010011
00000000000100010010111000100011
00000000100000010010110000100011
00000010000000010000010000010011
11111110101001000010011000100011
11111110110001000010011110000011
00000000010001111010011110000011
00000000111100000000010100110011
00000000000000000000000000010011
11111110110001000010010100000011
00000000000000000000000000010011
00000000000000000000000000010011
00000001110000010010000010000011
00000001100000010010010000000011
00000010000000010000000100010011
00000000000000001000000001100111
