11111101000000010000000100010011
00000010000100010010011000100011
00000010100000010010010000100011
00000010100100010010001000100011
00000011000000010000010000010011
11111100101001000010111000100011
11111100101101000010110000100011
11111101100001000010010110000011
11111101110001000010010100000011
00000000000000000000000000010011
00000000000000000000000000010011
00000000101000000000011100110011
11111110100001000000011110010011
00000000111100000000010110110011
00000000111000000000010100110011
00000000000000000000000000010011
11111110101001000010011000100011
00000000000000000000000000010011
00000000101000000000011100110011
11111110100001000010011110000011
00000000111100000000011000110011
11111110010001000000011110010011
00000000111100000000011010110011
11111110110001000010010110000011
00000000111000000000010100110011
00000000000000000000000000010011
00000000101000000000011110110011
00000000000001111001011001100011
00000000000100000000011110010011
00010001110000000000000001101111
00000000000000000000000000010011
00000000101000000000011110110011
00000011000000000000010110010011
00000000111100000000010100110011
00000000000000000000000000010011
00000000101000000000011110110011
00000000000001111000100001100011
11111110010001000010011110000011
00000000111100000000010100110011
00000000000000000000000000010011
11111110010001000010011110000011
00000000111100000000010100110011
00000000000000000000000000010011
00000000000000000000000000010011
00000000101000000000011110110011
00000011000100000000010110010011
00000000111100000000010100110011
00000000000000000000000000010011
00000000101000000000011110110011
00000000000001111000100001100011
11111110010001000010011110000011
00000000111100000000010100110011
00000000000000000000000000010011
11111110010001000010010010000011
00000000000000000000000000010011
00000000101000000000011110110011
00000000111100000000010110110011
00000000100100000000010100110011
00000000000000000000000000010011
00000000000000000000000000010011
00000000101000000000011110110011
00000000111100000000010100110011
00000000000000000000000000010011
11111110010001000010011110000011
00000000111100000000010100110011
00000000000000000000000000010011
00000000000000000000000000010011
00000000101000000000011110110011
00000010000001111000000001100011
00000000000000000000000000010011
00000000101000000000011110110011
00000000111100000000010100110011
00000000000000000000000000010011
11111110010001000010011110000011
00000000111100000000010100110011
00000000000000000000000000010011
00000000000000000000000000010011
00000000101000000000011110110011
00000100000001111000101001100011
11111110010001000010011110000011
00000000111100000000010100110011
00000000000000000000000000010011
00000000000000000000000000010011
00000000101000000000011110110011
00000011001000000000010110010011
00000000111100000000010100110011
00000000000000000000000000010011
00000000101000000000011110110011
00000000000001111000100001100011
11111110010001000010011110000011
00000000111100000000010100110011
00000000000000000000000000010011
00000000000000000000000000010011
00000000101000000000011110110011
00000000111100000000010100110011
00000000000000000000000000010011
11111110010001000010011110000011
00000000111100000000010100110011
00000000000000000000000000010011
00000000000000000000011110010011
00000000111100000000010100110011
00000010110000010010000010000011
00000010100000010010010000000011
00000010010000010010010010000011
00000011000000010000000100010011
00000000000000001000000001100111
