11111101000000010000000100010011
00000010000100010010011000100011
00000010100000010010010000100011
00000011000000010000010000010011
11111100101001000010111000100011
11111101110001000010011110000011
00000000100001111010011110000011
00000001000001111010011110000011
11111110111101000010011000100011
00001000000000000000000001101111
11111101110001000010011110000011
00000000100001111010011110000011
00000001000001111010011110000011
11111110111101000010010000100011
00000101010000000000000001101111
11111110110001000010011110000011
00000001010001111010011100000011
11111110100001000010011110000011
00000001010001111010011110000011
00000000111100000000010110110011
00000000111000000000010100110011
00000000000000000000000000010011
00000000101000000000011110110011
00000010000001111001001001100011
11111110110001000010011110000011
00000001010001111010011100000011
00010000000000010000011110110111
00000000000001111000011000010011
00000000111000000000010110110011
00010000000000010000011110110111
00000000110001111000010100010011
00000000000000000000000000010011
11111110100001000010011110000011
00000001000001111010011110000011
11111110111101000010010000100011
11111110100001000010011100000011
11111110110001000010011110000011
11111010111101110001010011100011
11111110110001000010011110000011
00000001000001111010011110000011
11111110111101000010011000100011
11111110110001000010011110000011
11111000000001111001000011100011
00000000000000000000000000010011
00000000000000000000000000010011
00000010110000010010000010000011
00000010100000010010010000000011
00000011000000010000000100010011
00000000000000001000000001100111
11111101000000010000000100010011
00000010000100010010011000100011
00000010100000010010010000100011
00000011000000010000010000010011
11111100101001000010111000100011
11111100101101000010110000100011
11111100110001000010101000100011
11111101100001000010011110000011
00000000000001111010011100000011
00000000000100000000011110010011
00000000111101110001011001100011
11111101100001000010011110000011
11111100111101000010101000100011
11111101100001000010011110000011
00000000000001111010011100000011
00000000110100000000011110010011
00001010111101110001101001100011
11111101100001000010011110000011
00000000100001111010011110000011
00001010000001111001010001100011
11111101110001000010011110000011
00000000100001111010011110000011
11111110111101000010010000100011
00000101100000000000000001101111
11111110100001000010011110000011
00000000000001111010011100000011
00000000000100000000011110010011
00000010111101110001110001100011
11111110100001000010011110000011
00000001010001111010011100000011
11111101100001000010011110000011
00000001010001111010011110000011
00000000111100000000010110110011
00000000111000000000010100110011
00000000000000000000000000010011
00000000101000000000011110110011
00000000000001111001110001100011
11111101100001000010011110000011
11111110100001000010011100000011
00000000111001111010010000100011
00000000100000000000000001101111
00000000000000000000000000010011
11111110100001000010011110000011
00000001000001111010011110000011
11111110111101000010010000100011
11111110100001000010011110000011
11111010000001111001010011100011
11111101100001000010011110000011
00000000100001111010011110000011
00000010000001111001100001100011
11111101100001000010011110000011
00000001010001111010010110000011
11111101010001000010011110000011
00000001010001111010011010000011
00010000000000010000011110110111
00000001010001111000011100010011
00010000000000010000011110110111
00000001100001111000011000010011
00010000000000010000011110110111
00000010110001111000010100010011
00000000000000000000000000010011
11111101100001000010011110000011
00000000000001111010011110000011
00000000111100000000010100110011
00000000000000000000000000010011
00000000101000000000011110110011
00000010000001111000110001100011
11111101100001000010011110000011
00000000100001111010011110000011
11111110111101000010011000100011
00000010000000000000000001101111
11111101010001000010011000000011
11111110110001000010010110000011
11111101110001000010010100000011
00000000000000000000000000010011
11111110110001000010011110000011
00000001000001111010011110000011
11111110111101000010011000100011
11111110110001000010011110000011
11111110000001111001000011100011
00000000000000000000000000010011
00000010110000010010000010000011
00000010100000010010010000000011
00000011000000010000000100010011
00000000000000001000000001100111
11111101000000010000000100010011
00000010000100010010011000100011
00000010100000010010010000100011
00000011000000010000010000010011
11111100101001000010111000100011
11111101110001000010011110000011
00000000000001111010011100000011
00000000000100000000011110010011
00000000111101110001101001100011
11111101110001000010011110000011
00000001110001111100011100000011
00000000000101110110011100010011
00000000111001111000111000100011
11111101110001000010011110000011
00000000000001111010011100000011
00000000110100000000011110010011
00000010111101110001011001100011
11111101110001000010011110000011
00000000100001111010011110000011
00000001110001111100011110000011
00000000000101111111011110010011
00001111111101111111011110010011
00000000000001111001101001100011
11111101110001000010011110000011
00000000100001111010011110000011
00000000111100000000010100110011
00000000000000000000000000010011
11111101110001000010011110000011
00000000000001111010011110000011
00000000111100000000010100110011
00000000000000000000000000010011
00000000101000000000011110110011
00000010000001111000100001100011
11111101110001000010011110000011
00000000100001111010011110000011
11111110111101000010011000100011
00000001100000000000000001101111
11111110110001000010010100000011
00000000000000000000000000010011
11111110110001000010011110000011
00000001000001111010011110000011
11111110111101000010011000100011
11111110110001000010011110000011
11111110000001111001010011100011
00000000000000000000000000010011
00000010110000010010000010000011
00000010100000010010010000000011
00000011000000010000000100010011
00000000000000001000000001100111
11111101000000010000000100010011
00000010000100010010011000100011
00000010100000010010010000100011
00000011000000010000010000010011
11111100101001000010111000100011
11111101110001000010011110000011
00000000100001111010011110000011
00000001000001111010011110000011
11111110111101000010011000100011
00000101000000000000000001101111
11111110110001000010011110000011
00000000000001111010011100000011
00000000000100000000011110010011
00000010111101110000001001100011
00010000000000010000011110110111
00011111100001111000011010010011
00000011101000000000011000010011
00010000000000010000011110110111
00000100000001111000010110010011
00010000000000010000011110110111
00001100100001111000010100010011
00000000000000000000000000010011
11111110110001000010011110000011
00000001110001111100011100000011
11111111111001110111011100010011
00000000111001111000111000100011
11111110110001000010011110000011
00000001000001111010011110000011
11111110111101000010011000100011
11111110110001000010011110000011
11111010000001111001100011100011
11111101110001000010011110000011
00000000100001111010011110000011
00000001000001111010011110000011
00000000111100000000010100110011
00000000000000000000000000010011
11111101110001000010011110000011
00000000100001111010011110000011
00000001000001111010011110000011
11111110111101000010011000100011
00001000010000000000000001101111
11111110110001000010011110000011
00000000000001111010011100000011
00000000000100000000011110010011
00000010111101110000001001100011
00010000000000010000011110110111
00011111100001111000011010010011
00000100000100000000011000010011
00010000000000010000011110110111
00000100000001111000010110010011
00010000000000010000011110110111
00001100100001111000010100010011
00000000000000000000000000010011
11111110110001000010011110000011
00000001110001111100011110000011
00000000000101111111011110010011
00001111111101111111011110010011
00000010000001111001001001100011
11111110110001000010011110000011
00000001010001111010011100000011
00010000000000010000011110110111
00001101100001111000011000010011
00000000111000000000010110110011
00010000000000010000011110110111
00000000110001111000010100010011
00000000000000000000000000010011
11111110110001000010011110000011
00000001110001111100011100000011
11111111111001110111011100010011
00000000111001111000111000100011
11111110110001000010011110000011
00000001000001111010011110000011
11111110111101000010011000100011
11111110110001000010011110000011
11110110000001111001111011100011
00000000000000000000000000010011
00000000000000000000000000010011
00000010110000010010000010000011
00000010100000010010010000000011
00000011000000010000000100010011
00000000000000001000000001100111
11111101000000010000000100010011
00000010000100010010011000100011
00000010100000010010010000100011
00000011000000010000010000010011
11111100101001000010111000100011
11111101110001000010011110000011
00000000000001111010011110000011
00000001010000000000011100010011
00010110111101110110100001100011
00000000001001111001011100010011
00010000000000010000011110110111
00010000100001111000011110010011
00000000111101110000011110110011
00000000000001111010011110000011
00000000000001111000000001100111
11111101110001000010011110000011
00000001110001111100011110000011
00000000000101111111011110010011
00001111111101111111011110010011
00000010000001111000001001100011
11111101110001000010011110000011
00000001010001111010011100000011
00010000000000010000011110110111
00001110100001111000011000010011
00000000111000000000010110110011
00010000000000010000011110110111
00001110110001111000010100010011
00000000000000000000000000010011
11111110000001000010010000100011
11111101110001000010011110000011
00000001110001111100011100000011
00000000000101110110011100010011
00000000111001111000111000100011
11111101110001000010011110000011
00000000100001111010011110000011
11111110111101000010011000100011
00000010100000000000000001101111
11111110110001000010010100000011
00000000000000000000000000010011
00000000101000000000011100110011
11111110100001000010011110000011
00000000111001111000011110110011
11111110111101000010010000100011
11111110110001000010011110000011
00000001000001111010011110000011
11111110111101000010011000100011
11111110110001000010011110000011
11111100000001111001110011100011
11111101110001000010011110000011
00000001110001111100011100000011
11111111111001110111011100010011
00000000111001111000111000100011
11111110100001000010011110000011
00010001010000000000000001101111
11111101110001000010011110000011
00000001010001111010011110000011
00000000000001111100011110000011
00000000111100000011011110110011
00001111111101111111011110010011
00001111110000000000000001101111
00000000000100000000011110010011
00001111010000000000000001101111
11111101110001000010011110000011
00000001010001111010011110000011
00000010000001111000000001100011
11111101110001000010011110000011
00000001010001111010011110000011
00000000000001111100011100000011
00000011000100000000011110010011
00000000111101110001011001100011
00000000000100000000011110010011
00001100110000000000000001101111
00000000000000000000011110010011
00001100010000000000000001101111
11111101110001000010011110000011
00000000100001111010011110000011
00000000111100000000010100110011
00000000000000000000000000010011
00000000101000000000011110110011
00001010110000000000000001101111
00000000000000000000011110010011
00001010010000000000000001101111
00000000000100000000011110010011
11111110111101000010010000100011
11111101110001000010011110000011
00000000100001111010011110000011
11111110111101000010011000100011
00000010010000000000000001101111
11111110110001000010010100000011
00000000000000000000000000010011
00000000101000000000011110110011
00000000000001111001010001100011
11111110000001000010010000100011
11111110110001000010011110000011
00000001000001111010011110000011
11111110111101000010011000100011
11111110110001000010011110000011
11111100000001111001111011100011
11111110100001000010011110000011
00000101110000000000000001101111
11111101110001000010011110000011
00000000000001111010011110000011
00000000111100000000010100110011
00000000000000000000000000010011
00000000101000000000011110110011
00000100000001111000000001100011
11111101110001000010011110000011
00000000100001111010011110000011
11111110111101000010011000100011
00000010100000000000000001101111
11111110110001000010010100000011
00000000000000000000000000010011
00000000101000000000011110110011
00000000000001111000011001100011
00000000000100000000011110010011
00000001110000000000000001101111
11111110110001000010011110000011
00000001000001111010011110000011
11111110111101000010011000100011
11111110110001000010011110000011
11111100000001111001110011100011
00000000000000000000011110010011
00000000111100000000010100110011
00000010110000010010000010000011
00000010100000010010010000000011
00000011000000010000000100010011
00000000000000001000000001100111
11111101000000010000000100010011
00000010000100010010011000100011
00000010100000010010010000100011
00000011000000010000010000010011
11111100101001000010111000100011
11111101110001000010011110000011
00000000100001111010011110000011
00000001000001111010011110000011
11111110111101000010011000100011
00000100100000000000000001101111
11111110110001000010011110000011
00000000000001111010011100000011
00000000000100000000011110010011
00000010111101110000001001100011
00010000000000010000011110110111
00100000100001111000011010010011
00000111001100000000011000010011
00010000000000010000011110110111
00000100000001111000010110010011
00010000000000010000011110110111
00001100100001111000010100010011
00000000000000000000000000010011
11111110110001000010010100000011
00000000000000000000000000010011
11111110110001000010011110000011
00000001000001111010011110000011
11111110111101000010011000100011
11111110110001000010011110000011
11111010000001111001110011100011
00000000000000000000000000010011
00000000000000000000000000010011
00000010110000010010000010000011
00000010100000010010010000000011
00000011000000010000000100010011
00000000000000001000000001100111
11111101000000010000000100010011
00000010000100010010011000100011
00000010100000010010010000100011
00000011000000010000010000010011
11111100101001000010111000100011
11111101110001000010011110000011
00000000100001111010011110000011
00000001000001111010011110000011
11111110111101000010011000100011
00010001100000000000000001101111
11111110110001000010011110000011
00000000000001111010011100000011
00000000000100000000011110010011
00000010111101110000001001100011
00010000000000010000011110110111
00100001100001111000011010010011
00000111111100000000011000010011
00010000000000010000011110110111
00000100000001111000010110010011
00010000000000010000011110110111
00010101110001111000010100010011
00000000000000000000000000010011
00000000100000000000010110010011
11111110110001000010010100000011
00000000000000000000000000010011
11111110101001000010010000100011
11111110110001000010011110000011
00000000100001111010011110000011
00000001010001111010011100000011
00010000000000010000011110110111
00010110110001111000010110010011
00000000111000000000010100110011
00000000000000000000000000010011
00000000101000000000011110110011
00000010000001111001100001100011
11111110100001000010011110000011
00001010111100000101000001100011
11111110110001000010011110000011
00000001010001111010011100000011
00010000000000010000011110110111
00001110100001111000011000010011
00000000111000000000010110110011
00010000000000010000011110110111
00010111010001111000010100010011
00000000000000000000000000010011
00000111110000000000000001101111
00000000100000000000010110010011
11111110110001000010010100000011
00000000000000000000000000010011
11111110101001000010001000100011
11111110100001000010011110000011
00000000111100000101011001100011
11111110010001000010011110000011
00000010111100000100001001100011
11111110110001000010011110000011
00000001010001111010011100000011
00010000000000010000011110110111
00001110100001111000011000010011
00000000111000000000010110110011
00010000000000010000011110110111
00011001000001111000010100010011
00000000000000000000000000010011
11111110100001000010011100000011
00000000000100000000011110010011
00000000111001111100100001100011
11111110010001000010011100000011
00000000000100000000011110010011
00000010111001111101001001100011
11111110110001000010011110000011
00000001010001111010011100000011
00010000000000010000011110110111
00001110100001111000011000010011
00000000111000000000010110110011
00010000000000010000011110110111
00011011010001111000010100010011
00000000000000000000000000010011
11111110110001000010011110000011
00000001000001111010011110000011
11111110111101000010011000100011
11111110110001000010011110000011
11101110000001111001010011100011
00000000000000000000000000010011
00000000000000000000000000010011
00000010110000010010000010000011
00000010100000010010010000000011
00000011000000010000000100010011
00000000000000001000000001100111
11111100000000010000000100010011
00000010000100010010111000100011
00000010100000010010110000100011
00000100000000010000010000010011
11111100101001000010011000100011
11111110000001000010011000100011
11111110000001000010010000100011
11111110000001000010001000100011
11111100110001000010011110000011
00000000100001111010011110000011
11111110111101000010000000100011
00010000010000000000000001101111
11111110000001000010011110000011
00000000000001111010011100000011
00000000100100000000011110010011
00001110111101110001010001100011
11111100000001000010111000100011
00000110000000000000000001101111
11111101110001000010011110000011
00000000001001111001011110010011
11111110110001000010011100000011
00000000111101110000011110110011
00000000000001111010011100000011
11111110000001000010011110000011
00000001010001111010011110000011
00000000111100000000010110110011
00000000111000000000010100110011
00000000000000000000000000010011
00000000101000000000011110110011
00000010000001111001001001100011
11111110000001000010011110000011
00000001010001111010011100000011
00010000000000010000011110110111
00011101010001111000011000010011
00000000111000000000010110110011
00010000000000010000011110110111
00011110000001111000010100010011
00000000000000000000000000010011
11111101110001000010011110000011
00000000000101111000011110010011
11111100111101000010111000100011
11111101110001000010011100000011
11111110010001000010011110000011
11111000111101110100111011100011
11111110010001000010011100000011
11111110100001000010011110000011
00000100111101110001010001100011
11111110100001000010011110000011
00000000000101111001011110010011
00000000000101111000011110010011
11111100111101000010110000100011
11111101100001000010011110000011
00000000001001111001011110010011
00000000111100000000010110110011
11111110110001000010010100000011
00000000000000000000000000010011
11111100101001000010101000100011
11111101010001000010011110000011
00000000000001111001010001100011
00000000000000000000000000010011
11111101010001000010011110000011
11111110111101000010011000100011
11111101100001000010011110000011
11111110111101000010010000100011
11111110010001000010011110000011
00000000000101111000011100010011
11111110111001000010001000100011
00000000001001111001011110010011
11111110110001000010011100000011
00000000111101110000011110110011
11111110000001000010011100000011
00000001010001110010011100000011
00000000111001111010000000100011
11111110000001000010011110000011
00000001000001111010011110000011
11111110111101000010000000100011
11111110000001000010011110000011
11101110000001111001111011100011
00000000000000000000000000010011
00000000000000000000000000010011
00000011110000010010000010000011
00000011100000010010010000000011
00000100000000010000000100010011
00000000000000001000000001100111
11111101000000010000000100010011
00000010000100010010011000100011
00000010100000010010010000100011
00000011000000010000010000010011
11111100101001000010111000100011
11111101110001000010011110000011
00000000000001111010011100000011
00000000010000000000011110010011
00000000111101110001011001100011
11111101110001000010010100000011
00000000000000000000000000010011
11111101110001000010011110000011
00000000000001111010011110000011
00000000111100000000010100110011
00000000000000000000000000010011
00000000101000000000011110110011
00000010000001111000100001100011
11111101110001000010011110000011
00000000100001111010011110000011
11111110111101000010011000100011
00000001100000000000000001101111
11111110110001000010010100000011
00000000000000000000000000010011
11111110110001000010011110000011
00000001000001111010011110000011
11111110111101000010011000100011
11111110110001000010011110000011
11111110000001111001010011100011
00000000000000000000000000010011
00000010110000010010000010000011
00000010100000010010010000000011
00000011000000010000000100010011
00000000000000001000000001100111
11111110000000010000000100010011
00000000000100010010111000100011
00000000100000010010110000100011
00000010000000010000010000010011
11111110101001000010011000100011
11111110101101000010010000100011
11111110110001000010011110000011
00000000000001111000100001100011
11111110110001000010011110000011
00000001010001111010011110000011
00000010000001111000001001100011
00010000000000010000011110110111
00100010110001111000011010010011
00001011001000000000011000010011
00010000000000010000011110110111
00000100000001111000010110010011
00010000000000010000011110110111
00011110100001111000010100010011
00000000000000000000000000010011
11111110110001000010011110000011
11111110100001000010011100000011
00000000111001111010101000100011
00000000000000000000011000010011
11111110110001000010010110000011
11111110110001000010010100000011
00000000000000000000000000010011
11111110110001000010010100000011
00000000000000000000000000010011
11111110110001000010010100000011
00000000000000000000000000010011
11111110110001000010010100000011
00000000000000000000000000010011
11111110110001000010010100000011
00000000000000000000000000010011
11111110110001000010010100000011
00000000000000000000000000010011
00000000000000000000000000010011
00000001110000010010000010000011
00000001100000010010010000000011
00000010000000010000000100010011
00000000000000001000000001100111
