11111101000000010000000100010011
00000010000100010010011000100011
00000010100000010010010000100011
00000011000000010000010000010011
11111100101001000010111000100011
11111101110001000010010100000011
00000000000000000000000000010011
11111110101001000010011000100011
11111110110001000010011110000011
00000110000001111000001001100011
11111110110001000010011110000011
00000000010001111010011110000011
00000000000001111100011100000011
00000010101100000000011110010011
00000100111101110001100001100011
11111110110001000010011110000011
00000000010001111010011110000011
00000000000101111000011100010011
11111110110001000010011110000011
00000000111001111010001000100011
11111110110001000010010100000011
00000000000000000000000000010011
11111110101001000010010000100011
11111110100001000010011110000011
00000010000001111000010001100011
11111110110001000010011110000011
00000000000001111010011100000011
11111110100001000010011110000011
00000000000001111010011110000011
00000000111101110000011100110011
11111110100001000010011110000011
00000000111001111010000000100011
11111110100001000010011110000011
00000001000000000000000001101111
11111101110001000010010100000011
00000000000000000000000000010011
00000000101000000000011110110011
00000000111100000000010100110011
00000010110000010010000010000011
00000010100000010010010000000011
00000011000000010000000100010011
00000000000000001000000001100111
11111101000000010000000100010011
00000010000100010010011000100011
00000010100000010010010000100011
00000011000000010000010000010011
11111100101001000010111000100011
11111101110001000010010100000011
00000000000000000000000000010011
11111110101001000010011000100011
11111110110001000010011110000011
00000110000001111000001001100011
11111110110001000010011110000011
00000000010001111010011110000011
00000000000001111100011100000011
00000010101000000000011110010011
00000100111101110001100001100011
11111110110001000010011110000011
00000000010001111010011110000011
00000000000101111000011100010011
11111110110001000010011110000011
00000000111001111010001000100011
11111110110001000010010100000011
00000000000000000000000000010011
11111110101001000010010000100011
11111110110001000010011110000011
00000010000001111000010001100011
11111110110001000010011110000011
00000000000001111010011100000011
11111110100001000010011110000011
00000000000001111010011110000011
00000010111101110000011100110011
11111110100001000010011110000011
00000000111001111010000000100011
11111110100001000010011110000011
00000001000000000000000001101111
11111101110001000010010100000011
00000000000000000000000000010011
00000000101000000000011110110011
00000000111100000000010100110011
00000010110000010010000010000011
00000010100000010010010000000011
00000011000000010000000100010011
00000000000000001000000001100111
11111101000000010000000100010011
00000010000100010010011000100011
00000010100000010010010000100011
00000011000000010000010000010011
11111100101001000010111000100011
11111101110001000010011110000011
00000000010001111010011110000011
00000000000001111100011100000011
00000010100000000000011110010011
00000110111101110001100001100011
11111101110001000010011110000011
00000000010001111010011110000011
00000000000101111000011100010011
11111101110001000010011110000011
00000000111001111010001000100011
11111101110001000010010100000011
00000000000000000000000000010011
11111110101001000010011000100011
11111101110001000010011110000011
00000000010001111010011110000011
11111111111101111000011100010011
11111101110001000010011110000011
00000000111001111010001000100011
11111110110001000010011110000011
00000010000001111000101001100011
11111110110001000010011110000011
00000000010001111010011110000011
00000000000001111100011100000011
00000010100100000000011110010011
00000010111101110001000001100011
11111110110001000010011110000011
00000000010001111010011110000011
00000000000101111000011100010011
11111110110001000010011110000011
00000000111001111010001000100011
11111110110001000010011110000011
00000001000000000000000001101111
11111101110001000010010100000011
00000000000000000000000000010011
00000000101000000000011110110011
00000000111100000000010100110011
00000010110000010010000010000011
00000010100000010010010000000011
00000011000000010000000100010011
00000000000000001000000001100111
11111101000000010000000100010011
00000010000100010010011000100011
00000010100000010010010000100011
00000011000000010000010000010011
11111100101001000010111000100011
11111101110001000010011110000011
00000000010001111010011110000011
11111110111101000010011000100011
11111110110001000010011110000011
00000000000001111100011100000011
00000010111100000000011110010011
00000100111001111111100001100011
11111110110001000010011110000011
00000000000001111100011100000011
00000011100100000000011110010011
00000100111001111110000001100011
00000000100000000000010100010011
00000000000000000000000000010011
00000000101000000000011110110011
11111110111101000010010000100011
11111110110001000010011110000011
00000000000001111100011110000011
11111101000001111000011100010011
11111110100001000010011110000011
00000000111001111010000000100011
11111110110001000010011110000011
00000000000101111000011100010011
11111110100001000010011110000011
00000000111001111010001000100011
11111110100001000010011110000011
00000000100000000000000001101111
00000000000000000000011110010011
00000000111100000000010100110011
00000010110000010010000010000011
00000010100000010010010000000011
00000011000000010000000100010011
00000000000000001000000001100111
11111101000000010000000100010011
00000010000100010010011000100011
00000010100000010010010000100011
00000011000000010000010000010011
11111100101001000010111000100011
11111100101101000010110000100011
11111101100001000010011110000011
00000000010001111000011110010011
00000000000001111010011110000011
00000000111100000000010100110011
00000000000000000000000000010011
11111101100001000010011110000011
00000000010001111010011110000011
11111110111101000010010000100011
11111110010001000000011110010011
00000000111100000000010100110011
00000000000000000000000000010011
11111110101001000010011000100011
11111110110001000010011110000011
00000010000001111000111001100011
11111110110001000010011110000011
00000000000001111010011110000011
00000000111100000000010110110011
00010000000000010000011110110111
00000000000001111000010100010011
00000000000000000000000000010011
11111110110001000010011110000011
00000000010001111010011110000011
00000000000001111100011110000011
00000010000001111000000001100011
00010000000000010000011110110111
00000000100001111000010100010011
00000000000000000000000000010011
00000001000000000000000001101111
00010000000000010000011110110111
00000010100001111000010100010011
00000000000000000000000000010011
00000000000000000000011110010011
00000000111100000000010100110011
00000010110000010010000010000011
00000010100000010010010000000011
00000011000000010000000100010011
00000000000000001000000001100111
