11111101000000010000000100010011
00000010100000010010011000100011
00000011000000010000010000010011
11111100101001000010111000100011
11111100101101000010110000100011
11111100110001000010101000100011
00010000000000010000011110110111
00000000000001111000011100010011
11111101010001000010011110000011
00000000111101110000011110110011
00000000000001111100011110000011
11111110111101000010011000100011
11111101110001000010011110000011
00000000000001111010011110000011
00000010000001111000000001100011
11111101010001000010011110000011
00000011111101111111011100010011
11111101100001000010011110000011
00000000000001111010011110000011
00000000011001111001011110010011
00000000111101110110011110110011
00000001110000000000000001101111
11111110110001000010011110000011
00001111111100000000011100010011
01000000111101110101011110110011
00000000111100000000011100110011
11111101010001000010011110000011
00000000111101110111011110110011
11111101100001000010011100000011
00000000111101110010000000100011
11111101110001000010011110000011
00000000000001111010011100000011
11111110110001000010011110000011
00000000111101110000011110110011
00010000000001111000011110010011
00010000000000010000011100110111
00000000000001110000011100010011
00000000111101110000011110110011
00000000000001111100011110000011
00000000111100000000011100110011
11111101110001000010011110000011
00000000111001111010000000100011
11111101110001000010011110000011
00000000000001111010011110000011
00000000111100000000010100110011
00000010110000010010010000000011
00000011000000010000000100010011
00000000000000001000000001100111
