11111011000000010000000100010011
00000100000100010010011000100011
00000100100000010010010000100011
00000101000000010000010000010011
11111010101001000010111000100011
11111010101101000010110000100011
11111100110001000000011110010011
00000001010000000000011000010011
00000000000000000000010110010011
00000000111100000000010100110011
00000000000000000000000000010011
00000000000000001001011110110111
00000000000001111000011110010011
10001010001001111000010100010011
00000000000000000000000000010011
00000000101000000000011110110011
00000000111100000000011000110011
00000000001100000000010110010011
00000001000100000000010100010011
00000000000000000000000000010011
11111110101001000010011000100011
11111110110001000010011100000011
11111111111100000000011110010011
00000000111101110001110001100011
00010000000000010000011110110111
00000000000001111000010100010011
00000000000000000000000000010011
11111111111100000000011110010011
00010101000000000000000001101111
11111011110001000010010110000011
11111110110001000010010100000011
00000000000000000000000000010011
11111110101001000010010000100011
11111110100001000010011110000011
00000000000001111101101001100011
11111011110001000010010100000011
00000000000000000000000000010011
11111111111100000000011110010011
00010010100000000000000001101111
00000001000100000000011110010011
11111100111101000001011000100011
00000000000000001001011110110111
00000000000001111000011110010011
10001010001001111000010100010011
00000000000000000000000000010011
00000000101000000000011110110011
11111100111101000001011100100011
11111110100001000010011110000011
11111100111101000010100000100011
11111100110001000000011110010011
00000001010000000000011000010011
00000000111100000000010110110011
11111110110001000010010100000011
00000000000000000000000000010011
00000000101000000000011110110011
11111110111101000010000000100011
11111110000001000010011100000011
11111111111100000000011110010011
00000000111101110001110001100011
00010000000000010000011110110111
00000001000001111000010100010011
00000000000000000000000000010011
11111111111100000000011110010011
00001100010000000000000001101111
00000000010000000000011110110111
00000000000001111010011100000011
00000000010000000000011110110111
00000000000001111010011110000011
00000000111100000000010110110011
00000000111000000000010100110011
00000000000000000000000000010011
11111110101001000010001000100011
00000000100000000000011100010011
11111110010001000010011010000011
00000001101000000000011000010011
00000000000100000000010110010011
11111110110001000010010100000011
00000000000000000000000000010011
11111110010001000010010100000011
00000000000000000000000000010011
11111011110001000010010110000011
11111110110001000010010100000011
00000000000000000000000000010011
00000000101000000000011100110011
11111011100001000010011110000011
00000010111101110000011110110011
11111110111101000010000000100011
11111110000001000000011110010011
00000000010000000000011100010011
00000000111100000000011010110011
00000000011100000000011000010011
00000000000100000000010110010011
11111110110001000010010100000011
00000000000000000000000000010011
00000000101000000000011110110011
00000000000001111101100001100011
00010000000000010000011110110111
00000001110001111000010100010011
00000000000000000000000000010011
11111110000001000000011110010011
00000000010000000000011100010011
00000000111100000000011010110011
00000000100000000000011000010011
00000000000100000000010110010011
11111110110001000010010100000011
00000000000000000000000000010011
00000000101000000000011110110011
00000000000001111101100001100011
00010000000000010000011110110111
00000100000001111000010100010011
00000000000000000000000000010011
11111110110001000010011110000011
00000000111100000000010100110011
00000100110000010010000010000011
00000100100000010010010000000011
00000101000000010000000100010011
00000000000000001000000001100111
11111011000000010000000100010011
00000100000100010010011000100011
00000100100000010010010000100011
00000101000000010000010000010011
11111010101001000010111000100011
11111010101101000010110000100011
11111100110001000000011100010011
11111011100001000010011010000011
00010000000000010000011110110111
00000110010001111000011000010011
00000001000000000000010110010011
00000000111000000000010100110011
00000000000000000000000000010011
11111100110001000000011110010011
00000000111100000000011000110011
00000000000000001001011110110111
00000000000001111000011110010011
10010011001101111000010110010011
11111011110001000010010100000011
00000000000000000000000000010011
11111110101001000010011000100011
11111110110001000010011100000011
11111111111100000000011110010011
00000000111101110001011001100011
11111111111100000000011110010011
00000000100000000000000001101111
11111101110001000010011110000011
00000000111100000000010100110011
00000100110000010010000010000011
00000100100000010010010000000011
00000101000000010000000100010011
00000000000000001000000001100111
11111011000000010000000100010011
00000100000100010010011000100011
00000100100000010010010000100011
00000101000000010000010000010011
11111010101001000010111000100011
11111010101101000010110000100011
11111010110001000010101000100011
11111100110001000000011100010011
11111011100001000010011010000011
00010000000000010000011110110111
00000110010001111000011000010011
00000001000000000000010110010011
00000000111000000000010100110011
00000000000000000000000000010011
11111100110001000000011110010011
00000000111100000000011000110011
00000000000000001001011110110111
00000000000001111000011110010011
10010010011101111000010110010011
11111011110001000010010100000011
00000000000000000000000000010011
11111110101001000010011000100011
11111110110001000010011100000011
11111111111100000000011110010011
00000000111101110001110001100011
00010000000000010000011110110111
00000110100001111000010100010011
00000000000000000000000000010011
00000000000000000000011110010011
00000010000000000000000001101111
11111100110001000000011110010011
00000001001001111000011110010011
00000000011000000000011000010011
00000000111100000000010110110011
11111011010001000010010100000011
00000000000000000000000000010011
00000000000100000000011110010011
00000000111100000000010100110011
00000100110000010010000010000011
00000100100000010010010000000011
00000101000000010000000100010011
00000000000000001000000001100111
11111011000000010000000100010011
00000100000100010010011000100011
00000100100000010010010000100011
00000101000000010000010000010011
11111010101001000010111000100011
11111010101101000010110000100011
11111100110001000000011100010011
11111011100001000010011010000011
00010000000000010000011110110111
00000110010001111000011000010011
00000001000000000000010110010011
00000000111000000000010100110011
00000000000000000000000000010011
11111100110001000000011110010011
00000000111100000000011000110011
00000000000000001001011110110111
00000000000001111000011110010011
10010010000101111000010110010011
11111011110001000010010100000011
00000000000000000000000000010011
11111110101001000010011000100011
11111110110001000010011100000011
11111111111100000000011110010011
00000000111101110001110001100011
00010000000000010000011110110111
00000111110001111000010100010011
00000000000000000000000000010011
01011101110000000000011110010011
00000000100000000000000001101111
11111101110001000010011110000011
00000000111100000000010100110011
00000100110000010010000010000011
00000100100000010010010000000011
00000101000000010000000100010011
00000000000000001000000001100111
11111101000000010000000100010011
00000010000100010010011000100011
00000010100000010010010000100011
00000011000000010000010000010011
11111110101001000010011000100011
11111110101101000010010000100011
11111110110001000010000000100011
11111110110101000010001000100011
11111100111001000010111000100011
11111101110001000010011110000011
00000000100101111001011110010011
00000000111100000000011000110011
11111110000001000010011110000011
00000001011101111101011110010011
11111110010001000010011100000011
00000000100101110001100010010011
00000001000101111110100010110011
11111110000001000010011110000011
00000000100101111001100000010011
00000001000000000000011010110011
00000001000100000000011100110011
11111110100001000010010110000011
11111110110001000010010100000011
00000000000000000000000000010011
00000000101000000000011110110011
00000000111100000000010100110011
00000010110000010010000010000011
00000010100000010010010000000011
00000011000000010000000100010011
00000000000000001000000001100111
11111101000000010000000100010011
00000010000100010010011000100011
00000010100000010010010000100011
00000011000000010000010000010011
11111110101001000010011000100011
11111110101101000010010000100011
11111110110001000010000000100011
11111110110101000010001000100011
11111100111001000010111000100011
11111101110001000010011110000011
00000000100101111001011110010011
00000000111100000000011000110011
11111110000001000010011110000011
00000001011101111101011110010011
11111110010001000010011100000011
00000000100101110001100010010011
00000001000101111110100010110011
11111110000001000010011110000011
00000000100101111001100000010011
00000001000000000000011010110011
00000001000100000000011100110011
11111110100001000010010110000011
11111110110001000010010100000011
00000000000000000000000000010011
00000000101000000000011110110011
00000000111100000000010100110011
00000010110000010010000010000011
00000010100000010010010000000011
00000011000000010000000100010011
00000000000000001000000001100111
11111110000000010000000100010011
00000000000100010010111000100011
00000000100000010010110000100011
00000010000000010000010000010011
11111110101001000010011000100011
11111110101101000010010000100011
11111110110001000010001000100011
11111110010001000010011110000011
00000000111100000000011000110011
11111110100001000010010110000011
11111110110001000010010100000011
00000000000000000000000000010011
00000000101000000000011110110011
00000000111100000000010100110011
00000001110000010010000010000011
00000001100000010010010000000011
00000010000000010000000100010011
00000000000000001000000001100111
11111110000000010000000100010011
00000000000100010010111000100011
00000000100000010010110000100011
00000010000000010000010000010011
11111110101001000010011000100011
11111110101101000010010000100011
11111110110001000010001000100011
11111110010001000010011110000011
00000000111100000000011000110011
11111110100001000010010110000011
11111110110001000010010100000011
00000000000000000000000000010011
00000000101000000000011110110011
00000000111100000000010100110011
00000001110000010010000010000011
00000001100000010010010000000011
00000010000000010000000100010011
00000000000000001000000001100111
11110110000000010000000100010011
00001000000100010010111000100011
00001000100000010010110000100011
00001010000000010000010000010011
11110110101001000010011000100011
11111110000001000000011110010011
00000000111100000000011000110011
10000000000001000001011110110111
00000000000001111000011110010011
00100111001001111000010110010011
11110110110001000010010100000011
00000000000000000000000000010011
11111110101001000010011000100011
11111110110001000010011100000011
11111111111100000000011110010011
00000100111101110001010001100011
11110111100001000000011110010011
00000000111100000000010110110011
11110110110001000010010100000011
00000000000000000000000000010011
11111110101001000010011000100011
11111110110001000010011100000011
11111111111100000000011110010011
00000000111101110001110001100011
00010000000000010000011110110111
00001000110001111000010100010011
00000000000000000000000000010011
00000000000100000000010100010011
00000000000000000000000000010011
11111010100001000010011100000011
11111010110001000010011110000011
11111110111001000010000000100011
11111110111101000010001000100011
11111110000001000010011100000011
11111110010001000010011110000011
00000000111000000000010100110011
00000000111100000000010110110011
00001001110000010010000010000011
00001001100000010010010000000011
00001010000000010000000100010011
00000000000000001000000001100111
