11111110000000010000000100010011
00000000000100010010111000100011
00000000100000010010110000100011
00000010000000010000010000010011
11111110101001000010010000100011
11111110101101000010011000100011
11111110110001000010001000100011
11111110110001000010011100000011
11111110100001000010011110000011
11111110010001000010010110000011
00000000111100000000010100110011
00000000000001110000000011100111
00000000101000000000011110110011
00000000111100000000010100110011
00000001110000010010000010000011
00000001100000010010010000000011
00000010000000010000000100010011
00000000000000001000000001100111
