11111110000000010000000100010011
00000000100000010010111000100011
00000010000000010000010000010011
11111110101001000010011000100011
11111110110001000010011110000011
00000000001101111000011110010011
00000000000001111100011110000011
00000000111100000000011100110011
11111110110001000010011110000011
00000000001001111000011110010011
00000000000001111100011110000011
00000000100001111001011110010011
00000000111101110110011100110011
11111110110001000010011110000011
00000000000101111000011110010011
00000000000001111100011110000011
00000001000001111001011110010011
00000000111101110110011100110011
11111110110001000010011110000011
00000000000001111100011110000011
00000001100001111001011110010011
00000000111101110110011110110011
00000000111100000000010100110011
00000001110000010010010000000011
00000010000000010000000100010011
00000000000000001000000001100111
11111110000000010000000100010011
00000000100000010010111000100011
00000010000000010000010000010011
11111110101001000010011000100011
11111110110001000010011110000011
00000000001101111000011110010011
00000000000001111100011110000011
00000000111100000000011100110011
11111110110001000010011110000011
00000000001001111000011110010011
00000000000001111100011110000011
00000000100001111001011110010011
00000000111101110110011100110011
11111110110001000010011110000011
00000000000101111000011110010011
00000000000001111100011110000011
00000001000001111001011110010011
00000000111101110110011100110011
11111110110001000010011110000011
00000000000001111100011110000011
00000001100001111001011110010011
00000000111101110110011110110011
00000000111100000000010100110011
00000001110000010010010000000011
00000010000000010000000100010011
00000000000000001000000001100111
11111110000000010000000100010011
00000000100000010010111000100011
00000010000000010000010000010011
11111110101001000010011000100011
11111110101101000010010000100011
11111110100001000010011110000011
00000000001101111000011110010011
11111110110001000010011100000011
00001111111101110111011100010011
00000000111001111000000000100011
11111110110001000010011110000011
00000000100001111101011100010011
11111110100001000010011110000011
00000000001001111000011110010011
00001111111101110111011100010011
00000000111001111000000000100011
11111110110001000010011110000011
00000001000001111101011100010011
11111110100001000010011110000011
00000000000101111000011110010011
00001111111101110111011100010011
00000000111001111000000000100011
11111110110001000010011110000011
00000001100001111101011110010011
00001111111101111111011100010011
11111110100001000010011110000011
00000000111001111000000000100011
00000000000000000000000000010011
00000001110000010010010000000011
00000010000000010000000100010011
00000000000000001000000001100111
11110110000000010000000100010011
00001000100000010010111000100011
00001001001000010010110000100011
00001001001100010010101000100011
00001001010000010010100000100011
00001001010100010010011000100011
00001001011000010010010000100011
00001001011100010010001000100011
00001001100000010010000000100011
00000111100100010010111000100011
00000111101000010010110000100011
00000111101100010010101000100011
00001010000000010000010000010011
11111100101001000010011000100011
11111100110001000010011110000011
00000000011101111000011110010011
00000000000001111100011110000011
11111100111101000010000000100011
11111100000001000010001000100011
11111100110001000010011110000011
00000000011001111000011110010011
00000000000001111100011110000011
00000000111100000000100000110011
00000000000000000000100010010011
00000001100010000101011110010011
00000000100010001001011010010011
00000000110101111110011010110011
00000000100010000001011000010011
11111100000001000010011110000011
11111100010001000010100000000011
00000000111100000000011100110011
00000000110001110110100100110011
00000001000000000000011110110011
00000000110101111110100110110011
11111100110001000010011110000011
00000000010101111000011110010011
00000000000001111100011110000011
00000000111100000000111000110011
00000000000000000000111010010011
00000001000011100101011110010011
00000001000011101001001110010011
00000000011101111110001110110011
00000001000011100001001100010011
00000000011010010110011110110011
11111010111101000010110000100011
00000000011110011110011110110011
11111010111101000010111000100011
11111100110001000010011110000011
00000000010001111000011110010011
00000000000001111100011110000011
11111010111101000010100000100011
11111010000001000010101000100011
11111011000001000010011110000011
11111011010001000010100000000011
00000000111100000000011100110011
00000000100001110101111110010011
00000001100001111001111100010011
11111011100001000010011110000011
11111011110001000010100000000011
00000000111100000000011100110011
00000001111001110110110100110011
00000001000000000000011110110011
00000001111101111110110110110011
11111100110001000010011110000011
00000000001101111000011110010011
00000000000001111100011110000011
11111010111101000010010000100011
11111010000001000010011000100011
11111010100001000010011110000011
00000000000001111001011110010011
11111010111101000010001000100011
11111010000001000010000000100011
11111010000001000010011110000011
11111010010001000010100000000011
00000000111100000000011100110011
00000000111011010110110000110011
00000001000000000000011110110011
00000000111111011110110010110011
11111100110001000010011110000011
00000000001001111000011110010011
00000000000001111100011110000011
11111000111101000010110000100011
11111000000001000010111000100011
11111001100001000010011110000011
00000000100001111001011110010011
11111000111101000010101000100011
11111000000001000010100000100011
11111001000001000010011110000011
11111001010001000010100000000011
00000000111100000000011100110011
00000000111011000110101100110011
00000001000000000000011110110011
00000000111111001110101110110011
11111100110001000010011110000011
00000000000101111000011110010011
00000000000001111100011110000011
11111000111101000010010000100011
11111000000001000010011000100011
11111000100001000010011110000011
00000001000001111001011110010011
11111000111101000010001000100011
11111000000001000010000000100011
11111000000001000010011110000011
11111000010001000010100000000011
00000000111100000000011100110011
00000000111010110110101000110011
00000001000000000000011110110011
00000000111110111110101010110011
11111100110001000010011110000011
00000000000001111100011110000011
11110110111101000010110000100011
11110110000001000010111000100011
11110111100001000010011110000011
00000001100001111001011110010011
11110110111101000010101000100011
11110110000001000010100000100011
11110111000001000010011110000011
11110111010001000010100000000011
00000000111100000000011100110011
00000000111010100110011100110011
11110110111001000010010000100011
00000001000000000000011110110011
00000000111110101110011110110011
11110110111101000010011000100011
11110110100001000010011100000011
11110110110001000010011110000011
00000000111000000000010100110011
00000000111100000000010110110011
00001001110000010010010000000011
00001001100000010010100100000011
00001001010000010010100110000011
00001001000000010010101000000011
00001000110000010010101010000011
00001000100000010010101100000011
00001000010000010010101110000011
00001000000000010010110000000011
00000111110000010010110010000011
00000111100000010010110100000011
00000111010000010010110110000011
00001010000000010000000100010011
00000000000000001000000001100111
11110110000000010000000100010011
00001000100000010010111000100011
00001001001000010010110000100011
00001001001100010010101000100011
00001001010000010010100000100011
00001001010100010010011000100011
00001001011000010010010000100011
00001001011100010010001000100011
00001001100000010010000000100011
00000111100100010010111000100011
00000111101000010010110000100011
00000111101100010010101000100011
00001010000000010000010000010011
11111100101001000010011000100011
11111100110001000010011110000011
00000000011101111000011110010011
00000000000001111100011110000011
11111100111101000010000000100011
11111100000001000010001000100011
11111100110001000010011110000011
00000000011001111000011110010011
00000000000001111100011110000011
00000000111100000000100000110011
00000000000000000000100010010011
00000001100010000101011110010011
00000000100010001001011010010011
00000000110101111110011010110011
00000000100010000001011000010011
11111100000001000010011110000011
11111100010001000010100000000011
00000000111100000000011100110011
00000000110001110110100100110011
00000001000000000000011110110011
00000000110101111110100110110011
11111100110001000010011110000011
00000000010101111000011110010011
00000000000001111100011110000011
00000000111100000000111000110011
00000000000000000000111010010011
00000001000011100101011110010011
00000001000011101001001110010011
00000000011101111110001110110011
00000001000011100001001100010011
00000000011010010110011110110011
11111010111101000010110000100011
00000000011110011110011110110011
11111010111101000010111000100011
11111100110001000010011110000011
00000000010001111000011110010011
00000000000001111100011110000011
11111010111101000010100000100011
11111010000001000010101000100011
11111011000001000010011110000011
11111011010001000010100000000011
00000000111100000000011100110011
00000000100001110101111110010011
00000001100001111001111100010011
11111011100001000010011110000011
11111011110001000010100000000011
00000000111100000000011100110011
00000001111001110110110100110011
00000001000000000000011110110011
00000001111101111110110110110011
11111100110001000010011110000011
00000000001101111000011110010011
00000000000001111100011110000011
11111010111101000010010000100011
11111010000001000010011000100011
11111010100001000010011110000011
00000000000001111001011110010011
11111010111101000010001000100011
11111010000001000010000000100011
11111010000001000010011110000011
11111010010001000010100000000011
00000000111100000000011100110011
00000000111011010110110000110011
00000001000000000000011110110011
00000000111111011110110010110011
11111100110001000010011110000011
00000000001001111000011110010011
00000000000001111100011110000011
11111000111101000010110000100011
11111000000001000010111000100011
11111001100001000010011110000011
00000000100001111001011110010011
11111000111101000010101000100011
11111000000001000010100000100011
11111001000001000010011110000011
11111001010001000010100000000011
00000000111100000000011100110011
00000000111011000110101100110011
00000001000000000000011110110011
00000000111111001110101110110011
11111100110001000010011110000011
00000000000101111000011110010011
00000000000001111100011110000011
11111000111101000010010000100011
11111000000001000010011000100011
11111000100001000010011110000011
00000001000001111001011110010011
11111000111101000010001000100011
11111000000001000010000000100011
11111000000001000010011110000011
11111000010001000010100000000011
00000000111100000000011100110011
00000000111010110110101000110011
00000001000000000000011110110011
00000000111110111110101010110011
11111100110001000010011110000011
00000000000001111100011110000011
11110110111101000010110000100011
11110110000001000010111000100011
11110111100001000010011110000011
00000001100001111001011110010011
11110110111101000010101000100011
11110110000001000010100000100011
11110111000001000010011110000011
11110111010001000010100000000011
00000000111100000000011100110011
00000000111010100110011100110011
11110110111001000010010000100011
00000001000000000000011110110011
00000000111110101110011110110011
11110110111101000010011000100011
11110110100001000010011100000011
11110110110001000010011110000011
00000000111000000000010100110011
00000000111100000000010110110011
00001001110000010010010000000011
00001001100000010010100100000011
00001001010000010010100110000011
00001001000000010010101000000011
00001000110000010010101010000011
00001000100000010010101100000011
00001000010000010010101110000011
00001000000000010010110000000011
00000111110000010010110010000011
00000111100000010010110100000011
00000111010000010010110110000011
00001010000000010000000100010011
00000000000000001000000001100111
11111101000000010000000100010011
00000010100000010010011000100011
00000011001000010010010000100011
00000011001100010010001000100011
00000011010000010010000000100011
00000001010100010010111000100011
00000011000000010000010000010011
11111100101001000010110000100011
11111100101101000010111000100011
11111100110001000010101000100011
11111101010001000010011010000011
00000000011101101000011010010011
11111101100001000100011000000011
00000000110001101000000000100011
11111101100001000010011000000011
11111101110001000010011010000011
00000001100001101001010110010011
00000000100001100101001100010011
00000000011001011110001100110011
00000000100001101101001110010011
11111101010001000010011010000011
00000000011001101000011010010011
00001111111100110111011000010011
00000000110001101000000000100011
11111101100001000010011000000011
11111101110001000010011010000011
00000001000001101001010110010011
00000001000001100101100000010011
00000001000001011110100000110011
00000001000001101101100010010011
11111101010001000010011010000011
00000000010101101000011010010011
00001111111110000111011000010011
00000000110001101000000000100011
11111101100001000010011000000011
11111101110001000010011010000011
00000000100001101001010110010011
00000001100001100101011100010011
00000000111001011110011100110011
00000001100001101101011110010011
11111101010001000010011010000011
00000000010001101000011010010011
00001111111101110111011110010011
00000000111101101000000000100011
11111101100001000010011100000011
11111101110001000010011110000011
00000000000001111101101000010011
00000000000000000000101010010011
11111101010001000010011110000011
00000000001101111000011110010011
00001111111110100111011100010011
00000000111001111000000000100011
11111101100001000010011100000011
11111101110001000010011110000011
00000000100001111101100100010011
00000000000000000000100110010011
11111101010001000010011110000011
00000000001001111000011110010011
00001111111110010111011100010011
00000000111001111000000000100011
11111101100001000010011100000011
11111101110001000010011110000011
00000001000001111101111100010011
00000000000000000000111110010011
11111101010001000010011110000011
00000000000101111000011110010011
00001111111111110111011100010011
00000000111001111000000000100011
11111101100001000010011100000011
11111101110001000010011110000011
00000001100001111101111000010011
00000000000000000000111010010011
00001111111111100111011100010011
11111101010001000010011110000011
00000000111001111000000000100011
00000000000000000000000000010011
00000010110000010010010000000011
00000010100000010010100100000011
00000010010000010010100110000011
00000010000000010010101000000011
00000001110000010010101010000011
00000011000000010000000100010011
00000000000000001000000001100111
11111110000000010000000100010011
00000000100000010010111000100011
00000010000000010000010000010011
11111110101001000010011000100011
11111110101101000010010000100011
11111110110001000010011100000011
11111110100001000010011110000011
00000010111101110101011110110011
11111110110001000010011010000011
11111110100001000010011100000011
00000010111001101111011100110011
00000000111000000011011100110011
00001111111101110111011100010011
00000000111001111000011110110011
00000000111100000000010100110011
00000001110000010010010000000011
00000010000000010000000100010011
00000000000000001000000001100111
11111110000000010000000100010011
00000000100000010010111000100011
00000010000000010000010000010011
11111110101001000010011000100011
11111110101101000010010000100011
11111110110001000010011100000011
11111110100001000010011110000011
00000010111101110101011110110011
11111110110001000010011010000011
11111110100001000010011100000011
00000010111001101111011100110011
00000000111000000011011100110011
00001111111101110111011100010011
00000000111001111000011110110011
00000000111100000000010100110011
00000001110000010010010000000011
00000010000000010000000100010011
00000000000000001000000001100111
11111110000000010000000100010011
00000000100000010010111000100011
00000010000000010000010000010011
11111110101001000010011000100011
11111110101101000010010000100011
11111110110001000010011100000011
11111110100001000010011110000011
00000010111101110101011110110011
11111110110001000010011010000011
11111110100001000010011100000011
00000010111001101111011100110011
00000000111000000011011100110011
00001111111101110111011100010011
00000000111001111000011110110011
00000000111100000000010100110011
00000001110000010010010000000011
00000010000000010000000100010011
00000000000000001000000001100111
11111110000000010000000100010011
00000000100000010010111000100011
00000010000000010000010000010011
11111110101001000010011000100011
11111110101101000010010000100011
11111110110001000010011100000011
11111110100001000010011110000011
00000010111101110101011110110011
11111110110001000010011010000011
11111110100001000010011100000011
00000010111001101111011100110011
00000000111000000011011100110011
00001111111101110111011100010011
00000000111001111000011110110011
00000000111100000000010100110011
00000001110000010010010000000011
00000010000000010000000100010011
00000000000000001000000001100111
11111110000000010000000100010011
00000000100000010010111000100011
00000010000000010000010000010011
00000000101000000000011110110011
00000000101100000000011100110011
11111110111101000000011110100011
00000000111000000000011110110011
11111110111101000000011100100011
11111110111101000100011110000011
00000010000001111000010001100011
11111110111001000100011110000011
00000010000001111000000001100011
11111110111101000100011110000011
00001111111100000000011100010011
01000000111101110000011100110011
11111110111001000100011110000011
00000000111101110101011001100011
00000000000100000000011110010011
00000000100000000000000001101111
00000000000000000000011110010011
00000000111100000000010100110011
00000001110000010010010000000011
00000010000000010000000100010011
00000000000000001000000001100111
11111110000000010000000100010011
00000000100000010010111000100011
00000010000000010000010000010011
00000000101000000000011110110011
00000000101100000000011100110011
11111110111101000000011110100011
00000000111000000000011110110011
11111110111101000000011100100011
11111110111101000100011110000011
00000010000001111000010001100011
11111110111001000100011110000011
00000010000001111000000001100011
11111110111101000100011110000011
00001111111100000000011100010011
01000000111101110000011100110011
11111110111001000100011110000011
00000000111101110101011001100011
00000000000100000000011110010011
00000000100000000000000001101111
00000000000000000000011110010011
00000000111100000000010100110011
00000001110000010010010000000011
00000010000000010000000100010011
00000000000000001000000001100111
11111110000000010000000100010011
00000000100000010010111000100011
00000010000000010000010000010011
00000000101000000000011110110011
00000000101100000000011100110011
11111110111101000000011110100011
00000000111000000000011110110011
11111110111101000000011100100011
11111110111101000100011100000011
11111110111001000100011110000011
00000000111101110000011110110011
00001111111101111111011110010011
11111110111101000100011100000011
00000000111001111011011110110011
00001111111101111111011110010011
00000000111100000000010100110011
00000001110000010010010000000011
00000010000000010000000100010011
00000000000000001000000001100111
11111110000000010000000100010011
00000000100000010010111000100011
00000010000000010000010000010011
00000000101000000000011110110011
00000000101100000000011100110011
11111110111101000000011110100011
00000000111000000000011110110011
11111110111101000000011100100011
11111110111101000100011100000011
11111110111001000100011110000011
00000000111101110000011110110011
00001111111101111111011110010011
11111110111101000100011100000011
00000000111001111011011110110011
00001111111101111111011110010011
00000000111100000000010100110011
00000001110000010010010000000011
00000010000000010000000100010011
00000000000000001000000001100111
11111110000000010000000100010011
00000000100000010010111000100011
00000010000000010000010000010011
00000000101000000000011110110011
00000000101100000000011100110011
11111110111101000000011110100011
00000000111000000000011110110011
11111110111101000000011100100011
11111110111101000000011110000011
00000010111100000101000001100011
11111110111001000000011110000011
00000000111100000101110001100011
11111110111101000000011110000011
00000111111100000000011100010011
01000000111101110000011100110011
11111110111001000000011110000011
00000010111101110100010001100011
11111110111101000000011110000011
00000010000001111101010001100011
11111110111001000000011110000011
00000010000001111101000001100011
11111110111101000000011110000011
11111000000000000000011100010011
01000000111101110000011100110011
11111110111001000000011110000011
00000000111001111101011001100011
00000000000100000000011110010011
00000000100000000000000001101111
00000000000000000000011110010011
00000000111100000000010100110011
00000001110000010010010000000011
00000010000000010000000100010011
00000000000000001000000001100111
11111110000000010000000100010011
00000000100000010010111000100011
00000010000000010000010000010011
00000000101000000000011110110011
00000000101100000000011100110011
11111110111101000000011110100011
00000000111000000000011110110011
11111110111101000000011100100011
11111110111101000000011110000011
00000010111100000101000001100011
11111110111001000000011110000011
00000000111100000101110001100011
11111110111101000000011110000011
00000111111100000000011100010011
01000000111101110000011100110011
11111110111001000000011110000011
00000010111101110100010001100011
11111110111101000000011110000011
00000010000001111101010001100011
11111110111001000000011110000011
00000010000001111101000001100011
11111110111101000000011110000011
11111000000000000000011100010011
01000000111101110000011100110011
11111110111001000000011110000011
00000000111001111101011001100011
00000000000100000000011110010011
00000000100000000000000001101111
00000000000000000000011110010011
00000000111100000000010100110011
00000001110000010010010000000011
00000010000000010000000100010011
00000000000000001000000001100111
11111110000000010000000100010011
00000000100000010010111000100011
00000010000000010000010000010011
00000000101000000000011110110011
00000000101100000000011100110011
11111110111101000001011100100011
00000000111000000000011110110011
11111110111101000001011000100011
11111110111001000001011110000011
00000010111100000101010001100011
11111110110001000001011110000011
00000010111100000101000001100011
11111110111001000001011110000011
00000000000000001000011100110111
00000000000001110000011100010011
11111111111101110000011100010011
01000000111101110000011100110011
11111110110001000001011110000011
00000010111101110100011001100011
11111110111001000001011110000011
00000010000001111101011001100011
11111110110001000001011110000011
00000010000001111101001001100011
11111110111001000001011110000011
11111111111111111000011100110111
00000000000001110000011100010011
01000000111101110000011100110011
11111110110001000001011110000011
00000000111001111101011001100011
00000000000100000000011110010011
00000000100000000000000001101111
00000000000000000000011110010011
00000000111100000000010100110011
00000001110000010010010000000011
00000010000000010000000100010011
00000000000000001000000001100111
11111110000000010000000100010011
00000000100000010010111000100011
00000010000000010000010000010011
00000000101000000000011110110011
00000000101100000000011100110011
11111110111101000001011100100011
00000000111000000000011110110011
11111110111101000001011000100011
11111110111001000101011100000011
11111110110001000101011110000011
00000000111101110000011110110011
00000001000001111001011110010011
00000001000001111101011110010011
11111110111001000101011100000011
00000000111001111011011110110011
00001111111101111111011110010011
00000000111100000000010100110011
00000001110000010010010000000011
00000010000000010000000100010011
00000000000000001000000001100111
11111110000000010000000100010011
00000000100000010010111000100011
00000010000000010000010000010011
11111110101001000010011000100011
11111110101101000010010000100011
11111110110001000010011110000011
00000010111100000101010001100011
11111110100001000010011110000011
00000010111100000101000001100011
10000000000000000000011110110111
00000000000001111000011110010011
11111111111101111100011100010011
11111110110001000010011110000011
01000000111101110000011110110011
11111110100001000010011100000011
00000010111001111100011001100011
11111110110001000010011110000011
00000010000001111101011001100011
11111110100001000010011110000011
00000010000001111101001001100011
10000000000000000000011100110111
00000000000001110000011100010011
11111110110001000010011110000011
01000000111101110000011110110011
11111110100001000010011100000011
00000000111101110101011001100011
00000000000100000000011110010011
00000000100000000000000001101111
00000000000000000000011110010011
00000000111100000000010100110011
00000001110000010010010000000011
00000010000000010000000100010011
00000000000000001000000001100111
11111110000000010000000100010011
00000000100000010010111000100011
00000010000000010000010000010011
11111110101001000010011000100011
11111110101101000010010000100011
11111110110001000010011110000011
00000010111100000101010001100011
11111110100001000010011110000011
00000010111100000101000001100011
10000000000000000000011110110111
00000000000001111000011110010011
11111111111101111100011100010011
11111110110001000010011110000011
01000000111101110000011110110011
11111110100001000010011100000011
00000010111001111100011001100011
11111110110001000010011110000011
00000010000001111101011001100011
11111110100001000010011110000011
00000010000001111101001001100011
10000000000000000000011100110111
00000000000001110000011100010011
11111110110001000010011110000011
01000000111101110000011110110011
11111110100001000010011100000011
00000000111101110101011001100011
00000000000100000000011110010011
00000000100000000000000001101111
00000000000000000000011110010011
00000000111100000000010100110011
00000001110000010010010000000011
00000010000000010000000100010011
00000000000000001000000001100111
11111110000000010000000100010011
00000000100000010010111000100011
00000010000000010000010000010011
11111110101001000010011000100011
11111110101101000010010000100011
11111110110001000010011100000011
11111110100001000010011110000011
00000000111101110000011110110011
11111110110001000010011100000011
00000000111001111011011110110011
00001111111101111111011110010011
00000000111100000000010100110011
00000001110000010010010000000011
00000010000000010000000100010011
00000000000000001000000001100111
11111110000000010000000100010011
00000000100000010010111000100011
00000010000000010000010000010011
11111110101001000010011000100011
11111110101101000010010000100011
11111110110001000010011100000011
11111110100001000010011110000011
00000000111101110000011110110011
11111110110001000010011100000011
00000000111001111011011110110011
00001111111101111111011110010011
00000000111100000000010100110011
00000001110000010010010000000011
00000010000000010000000100010011
00000000000000001000000001100111
11111110000000010000000100010011
00000000100000010010111000100011
00000010000000010000010000010011
11111110101001000010011000100011
11111110101101000010010000100011
11111110110001000010011110000011
00000010111100000101010001100011
11111110100001000010011110000011
00000010111100000101000001100011
10000000000000000000011110110111
00000000000001111000011110010011
11111111111101111100011100010011
11111110110001000010011110000011
01000000111101110000011110110011
11111110100001000010011100000011
00000010111001111100011001100011
11111110110001000010011110000011
00000010000001111101011001100011
11111110100001000010011110000011
00000010000001111101001001100011
10000000000000000000011100110111
00000000000001110000011100010011
11111110110001000010011110000011
01000000111101110000011110110011
11111110100001000010011100000011
00000000111101110101011001100011
00000000000100000000011110010011
00000000100000000000000001101111
00000000000000000000011110010011
00000000111100000000010100110011
00000001110000010010010000000011
00000010000000010000000100010011
00000000000000001000000001100111
11111110000000010000000100010011
00000000100000010010111000100011
00000010000000010000010000010011
11111110101001000010011000100011
11111110101101000010010000100011
11111110110001000010011110000011
00000010111100000101010001100011
11111110100001000010011110000011
00000010111100000101000001100011
10000000000000000000011110110111
00000000000001111000011110010011
11111111111101111100011100010011
11111110110001000010011110000011
01000000111101110000011110110011
11111110100001000010011100000011
00000010111001111100011001100011
11111110110001000010011110000011
00000010000001111101011001100011
11111110100001000010011110000011
00000010000001111101001001100011
10000000000000000000011100110111
00000000000001110000011100010011
11111110110001000010011110000011
01000000111101110000011110110011
11111110100001000010011100000011
00000000111101110101011001100011
00000000000100000000011110010011
00000000100000000000000001101111
00000000000000000000011110010011
00000000111100000000010100110011
00000001110000010010010000000011
00000010000000010000000100010011
00000000000000001000000001100111
11111110000000010000000100010011
00000000100000010010111000100011
00000010000000010000010000010011
11111110101001000010011000100011
11111110101101000010010000100011
11111110110001000010011100000011
11111110100001000010011110000011
00000000111101110000011110110011
11111110110001000010011100000011
00000000111001111011011110110011
00001111111101111111011110010011
00000000111100000000010100110011
00000001110000010010010000000011
00000010000000010000000100010011
00000000000000001000000001100111
11111110000000010000000100010011
00000000100000010010111000100011
00000010000000010000010000010011
11111110101001000010011000100011
11111110101101000010010000100011
11111110110001000010011100000011
11111110100001000010011110000011
00000000111101110000011110110011
11111110110001000010011100000011
00000000111001111011011110110011
00001111111101111111011110010011
00000000111100000000010100110011
00000001110000010010010000000011
00000010000000010000000100010011
00000000000000001000000001100111
11111110000000010000000100010011
00000000100000010010111000100011
00000010000000010000010000010011
11111110101001000010010000100011
11111110101101000010011000100011
11111110110001000010000000100011
11111110110101000010001000100011
11111110110001000010011110000011
00000000111100000100101001100011
11111110110001000010011110000011
00001000000001111001000001100011
11111110100001000010011110000011
00000110000001111000110001100011
11111110010001000010011110000011
00000000111100000100101001100011
11111110010001000010011110000011
00000110000001111001010001100011
11111110000001000010011110000011
00000110000001111000000001100011
11111111111100000000011100010011
10000000000000000000011110110111
00000000000001111000011110010011
11111111111101111100011110010011
11111110100001000010010100000011
11111110110001000010010110000011
01000000101001110000011000110011
00000000110000000000100000110011
00000001000001110011100000110011
01000000101101111000011010110011
01000001000001101000011110110011
00000000111100000000011010110011
00000000110000000000011100110011
00000000110100000000011110110011
11111110010001000010011010000011
00000000111100000000011000110011
00001000110101100100001001100011
11111110010001000010011010000011
00000000111100000000011000110011
00000000110001101001100001100011
11111110000001000010011010000011
00000000111000000000011110110011
00000110110101111110011001100011
11111110110001000010011110000011
00000110000001111101011001100011
11111110010001000010011110000011
00000110000001111101001001100011
00000000000000000000011100010011
10000000000000000000011110110111
00000000000001111000011110010011
11111110100001000010010100000011
11111110110001000010010110000011
01000000101001110000011000110011
00000000110000000000100000110011
00000001000001110011100000110011
01000000101101111000011010110011
01000001000001101000011110110011
00000000111100000000011010110011
00000000110000000000011100110011
00000000110100000000011110110011
11111110010001000010011010000011
00000000111100000000011000110011
00000000110001101100111001100011
11111110010001000010011010000011
00000000111100000000011000110011
00000000110001101001110001100011
11111110000001000010011010000011
00000000111000000000011110110011
00000000111101101111011001100011
00000000000100000000011110010011
00000000100000000000000001101111
00000000000000000000011110010011
00000000111100000000010100110011
00000001110000010010010000000011
00000010000000010000000100010011
00000000000000001000000001100111
11111110000000010000000100010011
00000000100000010010111000100011
00000010000000010000010000010011
11111110101001000010010000100011
11111110101101000010011000100011
11111110110001000010000000100011
11111110110101000010001000100011
11111110100001000010011100000011
11111110110001000010011110000011
11111110000001000010010100000011
11111110010001000010010110000011
00000000101001110000011000110011
00000000110000000000100000110011
00000000111010000011100000110011
00000000101101111000011010110011
00000000110110000000011110110011
00000000111100000000011010110011
00000000110000000000011100110011
00000000110100000000011110110011
00000000000100000000011000010011
11111110110001000010011010000011
00000000111100000000010110110011
00000010110101011110000001100011
11111110110001000010011010000011
00000000111100000000010110110011
00000000101101101001100001100011
11111110100001000010011010000011
00000000111000000000011110110011
00000000110101111110010001100011
00000000000000000000011000010011
00001111111101100111011110010011
00000000111100000000010100110011
00000001110000010010010000000011
00000010000000010000000100010011
00000000000000001000000001100111
