11110111000000010000000100010011
00001000000100010010011000100011
00001000100000010010010000100011
00001000100100010010001000100011
00001001000000010000010000010011
11110110101001000010111000100011
11110110101101000010110000100011
11110110110001000010101000100011
11111100000001000010010000100011
11111100000001000010011000100011
11111100000001000010100000100011
11111100000001000010101000100011
11111100000001000010110000100011
11111100000001000010111000100011
11111110000001000010000000100011
11111110000001000001001000100011
11111010000001000010010000100011
11111010000001000010011000100011
11111010000001000010100000100011
11111010000001000010101000100011
11111010000001000010110000100011
11111010000001000010111000100011
11111100000001000010000000100011
11111100000001000001001000100011
11111010000001000010001000100011
11111110000001000010011000100011
00010000000000010000011110110111
00000000000001111000010100010011
00000000000000000000000000010011
11111100100001000000011110010011
00000000111100000000010110110011
00010000000000010000011110110111
00000010110001111000010100010011
00000000000000000000000000010011
11111100100001000000011110010011
00000000111100000000010110110011
00010000000000010000011110110111
00000011000001111000010100010011
00000000000000000000000000010011
11111100100001000000011100010011
00010000000000010000011110110111
00000100000001111000010110010011
00000000111000000000010100110011
00000000000000000000000000010011
11111110101001000010011000100011
11111110110001000010011110000011
00101100000001111000010001100011
11111000000001000010110000100011
11111000000001000010111000100011
11111010000001000000000000100011
11111000000001000010100000100011
11111000000001000000101000100011
11111000000001000010001000100011
11111000000001000010010000100011
11111000000001000001011000100011
11111110000001000010010000100011
00010000000000010000011110110111
00000100010001111000010100010011
00000000000000000000000000010011
11111000010001000000011110010011
00000000111100000000010110110011
00010000000000010000011110110111
00000010110001111000010100010011
00000000000000000000000000010011
11111000010001000000011110010011
00000000111100000000010110110011
00010000000000010000011110110111
00000110100001111000010100010011
00000000000000000000000000010011
11111010010001000000011110010011
00000000111100000000010110110011
00010000000000010000011110110111
00001001010001111000010100010011
00000000000000000000000000010011
11111010010001000010011100000011
11111000010001000000011110010011
00000000111000000000011000110011
00000000111100000000010110110011
00010000000000010000011110110111
00001001100001111000010100010011
00000000000000000000000000010011
11111010010001000010011100000011
11111000010001000000011110010011
00000000111000000000011000110011
00000000111100000000010110110011
11110111010001000010010100000011
00000000000000000000000000010011
00011111110000000000000001101111
11111010100001000000011110010011
00000000111100000000010100110011
00000000000000000000000000010011
00000000101000000000011110110011
11111111111101111000011110010011
11111111000001000000011100010011
00000000111101110000011110110011
11111011100001111100011100000011
00000000101000000000011110010011
00000010111101110001001001100011
11111010100001000000011110010011
00000000111100000000010100110011
00000000000000000000000000010011
00000000101000000000011110110011
11111111111101111000011110010011
11111111000001000000011100010011
00000000111101110000011110110011
11111010000001111000110000100011
11111010100001000000011100010011
11111001100001000000011110010011
00000000011100000000011010010011
00000000000000000000011000010011
00000000111000000000010110110011
00000000111100000000010100110011
00000000000000000000000000010011
11111010100001000000011110010011
00000000111100000000010100110011
00000000000000000000000000010011
00000000101000000000011110110011
11111111111101111000011110010011
00000000111100000000011010110011
11111010100001000000011100010011
11111001000001000000011110010011
00000000100100000000011000010011
00000000111000000000010110110011
00000000111100000000010100110011
00000000000000000000000000010011
11111010100001000000011110010011
00000000111100000000010110110011
00010000000000010000011110110111
00001100010001111000010100010011
00000000000000000000000000010011
11111000010001000000011110010011
00000000111100000000010110110011
00010000000000010000011110110111
00001101100001111000010100010011
00000000000000000000000000010011
11111001100001000000011110010011
00000000111100000000010110110011
00010000000000010000011110110111
00001101100001111000010100010011
00000000000000000000000000010011
11111001000001000000011110010011
00000000111100000000010110110011
00010000000000010000011110110111
00001101100001111000010100010011
00000000000000000000000000010011
11111001100001000000011110010011
11110111100001000010011000000011
00000000111100000000010110110011
11110111110001000010010100000011
00000000000000000000000000010011
11111110101001000010010000100011
11111110100001000010011100000011
00000000111000000000011110110011
00000000000101111001011110010011
00000000111001111000011110110011
00000000010001111001011110010011
00000000111100000000011100110011
11110111110001000010011110000011
00000000111001111000011110110011
00000010110001111000010010010011
11111001000001000000011110010011
00000000111100000000010100110011
00000000000000000000000000010011
00000000101000000000011100110011
11111000010001000000011110010011
00000000111000000000011000110011
00000000111100000000010110110011
00000000100100000000010100110011
00000000000000000000000000010011
00000000101000000000011110110011
00000000000001111000101001100011
00010000000000010000011110110111
00001110100001111000010100010011
00000000000000000000000000010011
00000110000000000000000001101111
11111110100001000010011100000011
00000000111000000000011110110011
00000000000101111001011110010011
00000000111001111000011110110011
00000000010001111001011110010011
00000000111100000000011100110011
11110111110001000010011110000011
00000000111001111000011110110011
00000010010001111010011000000011
11111010010001000010011010000011
11111110100001000010011100000011
00000000111000000000011110110011
00000000000101111001011110010011
00000000111001111000011110110011
00000000010001111001011110010011
00000000111100000000011100110011
11110111110001000010011110000011
00000000111001111000011110110011
00000000110101100000011100110011
00000010111001111010001000100011
00010000000000010000011110110111
00001111110001111000010100010011
00000000000000000000000000010011
00010000000000010000011110110111
00010001000001111000010100010011
00000000000000000000000000010011
11111110100001000010011100000011
00000000111000000000011110110011
00000000000101111001011110010011
00000000111001111000011110110011
00000000010001111001011110010011
00000000111100000000011100110011
11110111110001000010011110000011
00000000111001111000011110110011
00000010110001111010011110000011
00000000111100000000010100110011
00000000000000000000000000010011
00000000101000000000010100010011
00000000000000000000000000010011
11111010100001000000011110010011
11111110110001000010011000000011
00000001111000000000010110010011
00000000111100000000010100110011
00000000000000000000000000010011
00000000101000000000011110110011
11011110000001111001100011100011
11111110110001000010010100000011
00000000000000000000000000010011
00000001110000000000000001101111
00010000000000010000011110110111
00010001100001111000010100010011
00000000000000000000000000010011
00010000000000010000011110110111
00010011010001111000010100010011
00000000000000000000000000010011
00000000000000000000000000010011
00001000110000010010000010000011
00001000100000010010010000000011
00001000010000010010010010000011
00001001000000010000000100010011
00000000000000001000000001100111
11111101000000010000000100010011
00000010000100010010011000100011
00000010100000010010010000100011
00000011000000010000010000010011
11111100101001000010111000100011
11111100101101000010110000100011
11111100110001000010101000100011
11111101110001000010011110000011
00000000000001111010011110000011
11111110111101000010011000100011
11111101110001000010011110000011
00000000000001111010011110000011
11111110111101000010010000100011
00000000000100000000010110010011
00000001010000000000010100010011
00000000000000000000000000010011
00000000101000000000011110110011
11111110111101000010001000100011
11111110010001000010011110000011
00000000000001111010000000100011
11111110010001000010011110000011
00000000010001111000011110010011
11111101100001000010010110000011
00000000111100000000010100110011
00000000000000000000000000010011
11111110010001000010011110000011
11111101010001000010011100000011
00000000111001111010100000100011
11111110110001000010011110000011
00000010000001111001011001100011
11111101110001000010011110000011
11111110010001000010011100000011
00000000111001111010000000100011
00000000000000000000011110010011
00001000000000000000000001101111
11111110110001000010011110000011
11111110111101000010010000100011
11111110110001000010011110000011
00000000000001111010011110000011
11111110111101000010011000100011
11111110110001000010011110000011
00000000000001111010011110000011
00000010000001111000000001100011
11111110110001000010011110000011
00000000010001111000011110010011
11111101100001000010010110000011
00000000111100000000010100110011
00000000000000000000000000010011
00000000101000000000011110110011
11111100000001111001010011100011
11111110100001000010011110000011
00000000010001111000011110010011
11111101100001000010010110000011
00000000111100000000010100110011
00000000000000000000000000010011
00000000101000000000011110110011
00000000000001111001110001100011
11111110100001000010011110000011
11111101010001000010011100000011
00000000111001111010100000100011
00000000000100000000011110010011
00000001010000000000000001101111
11111110100001000010011110000011
11111110010001000010011100000011
00000000111001111010000000100011
00000000000000000000011110010011
00000000111100000000010100110011
00000010110000010010000010000011
00000010100000010010010000000011
00000011000000010000000100010011
00000000000000001000000001100111
11111101000000010000000100010011
00000010000100010010011000100011
00000010100000010010010000100011
00000011000000010000010000010011
11111100101001000010111000100011
11111100101101000010110000100011
11111100110001000010101000100011
11111101110001000010011110000011
00000000000001111010011110000011
11111110111101000010011000100011
00000000000100000000010110010011
00000001010000000000010100010011
00000000000000000000000000010011
00000000101000000000011110110011
11111110111101000010010000100011
11111110100001000010011110000011
11111101100001000010010110000011
00000000111100000000010100110011
00000000000000000000000000010011
11111110100001000010011110000011
11111101010001000010011100000011
00000000111001111010011000100011
11111110100001000010011110000011
00000000000001111010100000100011
11111110100001000010011100000011
11111110100001000010011110000011
00000000110001111010011110000011
00000000111100000000011000110011
00000000111000000000010110110011
00010000000000010000011110110111
00010100100001111000010100010011
00000000000000000000000000010011
11111110110001000010011110000011
00000000000001111001101001100011
11111101110001000010011110000011
11111110100001000010011100000011
00000000111001111010000000100011
00000110000000000000000001101111
11111101100001000010010110000011
11111110110001000010010100000011
00000000000000000000000000010011
11111110101001000010011000100011
11111110110001000010011110000011
00000010000001111001111001100011
11111101110001000010011110000011
00000000000001111010011110000011
11111110111101000010011000100011
00000001000000000000000001101111
11111110110001000010011110000011
00000001000001111010011110000011
11111110111101000010011000100011
11111110110001000010011110000011
00000001000001111010011110000011
11111110000001111001011011100011
11111110110001000010011110000011
11111110100001000010011100000011
00000000111001111010100000100011
00000001000000000000000001101111
11111110110001000010011110000011
11111101010001000010011100000011
00000000111001111010011000100011
00010000000000010000011110110111
00010110110001111000010100010011
00000000000000000000000000010011
11111101110001000010011110000011
00000000000001111010011110000011
11111110111101000010011000100011
00000011000000000000000001101111
11111110110001000010011100000011
11111110110001000010011110000011
00000000110001111010011110000011
00000000111100000000011000110011
00000000111000000000010110110011
00010000000000010000011110110111
00010111100001111000010100010011
00000000000000000000000000010011
11111110110001000010011110000011
00000001000001111010011110000011
11111110111101000010011000100011
11111110110001000010011110000011
11111100000001111001100011100011
00010000000000010000011110110111
00011000010001111000010100010011
00000000000000000000000000010011
00000000000000000000000000010011
00000010110000010010000010000011
00000010100000010010010000000011
00000011000000010000000100010011
00000000000000001000000001100111
