11111101000000010000000100010011
00000010000100010010011000100011
00000010100000010010010000100011
00000011000000010000010000010011
11111100101001000010111000100011
11111100101101000010110000100011
11111110000001000010011000100011
11111110000001000010011000100011
00011000100000000000000001101111
11111110110001000010011100000011
00000000111000000000011110110011
00000000000101111001011110010011
00000000111001111000011110110011
00000000010001111001011110010011
00000000111100000000011100110011
11111101110001000010011110000011
00000000111001111000011110110011
00000111100100000000011100010011
00000000111001111000000000100011
00000000000001111000000010100011
11111110110001000010011100000011
00000000111000000000011110110011
00000000000101111001011110010011
00000000111001111000011110110011
00000000010001111001011110010011
00000000111100000000011100110011
11111101110001000010011110000011
00000000111001111000011110110011
00000000001001111000011110010011
00010000000000010000011100110111
00000000000001110000011100010011
00000000000001110100111000000011
00000000000101110100001100000011
00000000001001110100100010000011
00000000001101110100100000000011
00000000010001110100010100000011
00000000010101110100010110000011
00000000011001110100011000000011
00000000011101110100011010000011
00000000100001110100011100000011
00000001110001111000000000100011
00000000011001111000000010100011
00000001000101111000000100100011
00000001000001111000000110100011
00000000101001111000001000100011
00000000101101111000001010100011
00000000110001111000001100100011
00000000110101111000001110100011
00000000111001111000010000100011
11111110110001000010011100000011
00000000111000000000011110110011
00000000000101111001011110010011
00000000111001111000011110110011
00000000010001111001011110010011
00000000111100000000011100110011
11111101110001000010011110000011
00000000111001111000011110110011
00000000101101111000011100010011
00010000000000010000011110110111
00000000110001111000011110010011
00000000111100000000011010110011
00000001010100000000011110010011
00000000111100000000011000110011
00000000110100000000010110110011
00000000111000000000010100110011
00000000000000000000000000010011
11111110110001000010011100000011
00000000111000000000011110110011
00000000000101111001011110010011
00000000111001111000011110110011
00000000010001111001011110010011
00000000111100000000011100110011
11111101110001000010011110000011
00000000111001111000011110110011
00000010000001111010000000100011
11111110110001000010011100000011
00000000111000000000011110110011
00000000000101111001011110010011
00000000111001111000011110110011
00000000010001111001011110010011
00000000111100000000011100110011
11111101110001000010011110000011
00000000111001111000011110110011
00000010000001111010001000100011
11111110110001000010011100000011
00000000111000000000011110110011
00000000000101111001011110010011
00000000111001111000011110110011
00000000010001111001011110010011
00000000111100000000011100110011
11111101110001000010011110000011
00000000111001111000011110110011
00000000000000000000011100110011
00000010111001111010010000100011
11111110110001000010011100000011
00000000111000000000011110110011
00000000000101111001011110010011
00000000111001111000011110110011
00000000010001111001011110010011
00000000111100000000011100110011
11111101110001000010011110000011
00000000111001111000011110110011
00000010000001111010011000100011
11111110110001000010011110000011
00000000000101111000011110010011
11111110111101000010011000100011
11111110110001000010011100000011
11111101100001000010011110000011
11100110111101110100101011100011
00000000000000000000000000010011
00000000000000000000000000010011
00000010110000010010000010000011
00000010100000010010010000000011
00000011000000010000000100010011
00000000000000001000000001100111
