11111001000000010000000100010011
00000110000100010010011000100011
00000110100000010010010000100011
00000110100100010010001000100011
00000111000000010000010000010011
11111000101001000010111000100011
11111000101101000010110000100011
11111100000001000010010000100011
11111100000001000010011000100011
11111100000001000010100000100011
11111100000001000010101000100011
11111100000001000010110000100011
11111100000001000010111000100011
11111110000001000010000000100011
11111110000001000001001000100011
11111010000001000010010000100011
11111010000001000010011000100011
11111010000001000010100000100011
11111010000001000010101000100011
11111010000001000010110000100011
11111010000001000010111000100011
11111100000001000010000000100011
11111100000001000001001000100011
11111110000001000010010000100011
00010000000000010000011110110111
00000000000001111000010100010011
00000000000000000000000000010011
11111100100001000000011110010011
00000000111100000000010110110011
00010000000000010000011110110111
00000010110001111000010100010011
00000000000000000000000000010011
11111100100001000000011110010011
00000000111100000000010110110011
00010000000000010000011110110111
00000011000001111000010100010011
00000000000000000000000000010011
11111100100001000000011100010011
00010000000000010000011110110111
00000100000001111000010110010011
00000000111000000000010100110011
00000000000000000000000000010011
11111110101001000010010000100011
11111110100001000010011110000011
00100000000001111000101001100011
11111110000001000010011000100011
00000001000000000000000001101111
11111110110001000010011110000011
00000000000101111000011110010011
11111110111101000010011000100011
11111110110001000010011100000011
00000000111000000000011110110011
00000000000101111001011110010011
00000000111001111000011110110011
00000000010001111001011110010011
00000000111100000000011100110011
11111001110001000010011110000011
00000000111001111000011110110011
00000000001001111000011100010011
00010000000000010000011110110111
00000100010001111000010110010011
00000000111000000000010100110011
00000000000000000000000000010011
00000000101000000000011110110011
00010110000001111000110001100011
11111110110001000010011100000011
11111001100001000010011110000011
11111010111101110100100011100011
00010110100000000000000001101111
11111010100001000000011110010011
00000000111100000000010100110011
00000000000000000000000000010011
00000000101000000000011110110011
11111111111101111000011110010011
11111111000001000000011100010011
00000000111101110000011110110011
11111011100001111100011100000011
00000000101000000000011110010011
00000010111101110001001001100011
11111010100001000000011110010011
00000000111100000000010100110011
00000000000000000000000000010011
00000000101000000000011110110011
11111111111101111000011110010011
11111111000001000000011100010011
00000000111101110000011110110011
11111010000001111000110000100011
11111010100001000000011110010011
00000000111100000000011000110011
11111110110001000010010110000011
00010000000000010000011110110111
00000101000001111000010100010011
00000000000000000000000000010011
11111110110001000010011100000011
00000000111000000000011110110011
00000000000101111001011110010011
00000000111001111000011110110011
00000000010001111001011110010011
00000000111100000000011100110011
11111001110001000010011110000011
00000000111001111000011110110011
00000000001001111000011110010011
11111010100001000000011100010011
00000000011100000000011010010011
00000000000000000000011000010011
00000000111000000000010110110011
00000000111100000000010100110011
00000000000000000000000000010011
11111110110001000010011100000011
00000000111000000000011110110011
00000000000101111001011110010011
00000000111001111000011110110011
00000000010001111001011110010011
00000000111100000000011100110011
11111001110001000010011110000011
00000000111001111000011110110011
00000000001001111000011110010011
00000000111100000000010110110011
00010000000000010000011110110111
00000110010001111000010100010011
00000000000000000000000000010011
11111110110001000010011100000011
00000000111000000000011110110011
00000000000101111001011110010011
00000000111001111000011110110011
00000000010001111001011110010011
00000000111100000000011100110011
11111001110001000010011110000011
00000000111001111000011110110011
00000000101101111000010010010011
11111010100001000000011110010011
00000000111100000000010100110011
00000000000000000000000000010011
00000000101000000000011110110011
11111111111101111000011110010011
00000000111100000000011100110011
11111010100001000000011110010011
00000000111000000000011010110011
00000000100100000000011000010011
00000000111100000000010110110011
00000000100100000000010100110011
00000000000000000000000000010011
11111110110001000010011100000011
00000000111000000000011110110011
00000000000101111001011110010011
00000000111001111000011110110011
00000000010001111001011110010011
00000000111100000000011100110011
11111001110001000010011110000011
00000000111001111000011110110011
00000000101101111000011110010011
00000000111100000000010110110011
00010000000000010000011110110111
00000110010001111000010100010011
00000000000000000000000000010011
11111110110001000010011110000011
00000000000101111000011110010011
11111110111101000010011000100011
11111010100001000000011110010011
11111110100001000010011000000011
00000001111000000000010110010011
00000000111100000000010100110011
00000000000000000000000000010011
00000000101000000000011110110011
00000000000001111000100001100011
11111110110001000010011100000011
00000011001000000000011110010011
11100110111001111101110011100011
11111110110001000010011100000011
00000011000100000000011110010011
00000000111001111101100001100011
00010000000000010000011110110111
00000111010001111000010100010011
00000000000000000000000000010011
11111110100001000010010100000011
00000000000000000000000000010011
00000001110000000000000001101111
00010000000000010000011110110111
00001011000001111000010100010011
00000000000000000000000000010011
00010000000000010000011110110111
00001100110001111000010100010011
00000000000000000000000000010011
00000000000000000000000000010011
00000110110000010010000010000011
00000110100000010010010000000011
00000110010000010010010010000011
00000111000000010000000100010011
00000000000000001000000001100111
11111101000000010000000100010011
00000010100000010010011000100011
00000011000000010000010000010011
11111100101001000010111000100011
11111100101101000010110000100011
11111100110001000010101000100011
11111100110101000010100000100011
11111110000001000010011000100011
11111110000001000010010000100011
11111101010001000010011110000011
11111110111101000010011000100011
11111110000001000010010000100011
00000011110000000000000001101111
11111110110001000010011110000011
11111101100001000010011100000011
00000000111101110000011100110011
11111110100001000010011110000011
11111101110001000010011010000011
00000000111101101000011110110011
00000000000001110100011100000011
00000000111001111000000000100011
11111110110001000010011110000011
00000000000101111000011110010011
11111110111101000010011000100011
11111110100001000010011110000011
00000000000101111000011110010011
11111110111101000010010000100011
11111110110001000010011100000011
11111101000001000010011110000011
11111100111001111101000011100011
11111110100001000010011110000011
11111101110001000010011100000011
00000000111101110000011110110011
00000000000001111000000000100011
00000000000000000000000000010011
00000010110000010010010000000011
00000011000000010000000100010011
00000000000000001000000001100111
