10000001000000010000000100010011
01111110000100010010011000100011
01111110100000010010010000100011
01111111000000010000010000010011
11100111000000010000000100010011
11111110000001000010011000100011
11111110000001000010010000100011
11111111111111111111011110110111
00000000000001111000011110010011
11111111000001000000011100010011
00000000111101110000011110110011
01101000000001111010101000100011
00010000000000010000011110110111
00000000000001111000010100010011
00000000000000000000000000010011
00101101000000000000000001101111
00010000000000010000011110110111
00000001110001111000010100010011
00000000000000000000000000010011
00010000000000010000011110110111
00000010000001111000010100010011
00000000000000000000000000010011
00010000000000010000011110110111
00000100100001111000010100010011
00000000000000000000000000010011
00010000000000010000011110110111
00000110100001111000010100010011
00000000000000000000000000010011
00010000000000010000011110110111
00001001010001111000010100010011
00000000000000000000000000010011
00010000000000010000011110110111
00001010000001111000010100010011
00000000000000000000000000010011
00010000000000010000011110110111
00001101000001111000010100010011
00000000000000000000000000010011
00010000000000010000011110110111
00001110010001111000010100010011
00000000000000000000000000010011
00010000000000010000011110110111
00010001010001111000010100010011
00000000000000000000000000010011
00010000000000010000011110110111
00010010010001111000010100010011
00000000000000000000000000010011
00010000000000010000011110110111
00010111000001111000010100010011
00000000000000000000000000010011
00010000000000010000011110110111
00011000100001111000010100010011
00000000000000000000000000010011
00010000000000010000011110110111
00011100000001111000010100010011
00000000000000000000000000010011
00010000000000010000011110110111
00011110110001111000010100010011
00000000000000000000000000010011
00010000000000010000011110110111
00100000110001111000010100010011
00000000000000000000000000010011
00010000000000010000011110110111
00100011100001111000010100010011
00000000000000000000000000010011
00010000000000010000011110110111
00101000000001111000010100010011
00000000000000000000000000010011
00010000000000010000011110110111
00101000110001111000010100010011
00000000000000000000000000010011
00010000000000010000011110110111
00101010100001111000010100010011
00000000000000000000000000010011
11111110100001000000011110010011
00000000111100000000010110110011
00010000000000010000011110110111
00101010110001111000010100010011
00000000000000000000000000010011
00010000000000010000011110110111
00000001110001111000010100010011
00000000000000000000000000010011
11111110100001000010011110000011
00000000100000000000011100010011
00011010111101110110101001100011
00000000001001111001011100010011
00010000000000010000011110110111
00111001010001111000011110010011
00000000111101110000011110110011
00000000000001111010011110000011
00000000000001111000000001100111
00010000000000010000011110110111
00101011010001111000010100010011
00000000000000000000000000010011
11111111111111111111011110110111
00000000000001111000011110010011
01101001100001111000011110010011
11111111000001000000011100010011
00000000111101110000011110110011
00000011001000000000010110010011
00000000111100000000010100110011
00000000000000000000000000010011
00010111100000000000000001101111
00010000000000010000011110110111
00101101010001111000010100010011
00000000000000000000000000010011
11111111111111111111011110110111
00000000000001111000011110010011
01101001100001111000011110010011
11111111000001000000011100010011
00000000111101110000011110110011
00000011001000000000010110010011
00000000111100000000010100110011
00000000000000000000000000010011
00010100100000000000000001101111
00010000000000010000011110110111
00101110000001111000010100010011
00000000000000000000000000010011
11111111111111111111011110110111
00000000000001111000011110010011
01101001010001111000011110010011
11111111000001000000011100010011
00000000111101110000011100110011
11111111111111111111011110110111
00000000000001111000011110010011
01101001100001111000011110010011
11111111000001000000011010010011
00000000111101101000011110110011
00000000111000000000011000110011
00000011001000000000010110010011
00000000111100000000010100110011
00000000000000000000000000010011
00010000000000000000000001101111
00010000000000010000011110110111
00101111010001111000010100010011
00000000000000000000000000010011
11111111111111111111011110110111
00000000000001111000011110010011
01101001100001111000011110010011
11111111000001000000011100010011
00000000111101110000011110110011
00000011001000000000010110010011
00000000111100000000010100110011
00000000000000000000000000010011
00001101000000000000000001101111
00010000000000010000011110110111
00110000000001111000010100010011
00000000000000000000000000010011
11111111111111111111011110110111
00000000000001111000011110010011
11111111000001000000011100010011
00000000111101110000011110110011
01101001010001111010011100000011
11111111111111111111011110110111
00000000000001111000011110010011
01101001100001111000011110010011
11111111000001000000011010010011
00000000111101101000011110110011
00000000111000000000011000110011
00000011001000000000010110010011
00000000111100000000010100110011
00000000000000000000000000010011
00001000100000000000000001101111
00010000000000010000011110110111
00110001100001111000010100010011
00000000000000000000000000010011
11111111111111111111011110110111
00000000000001111000011110010011
01101001100001111000011110010011
11111111000001000000011100010011
00000000111101110000011110110011
00000011001000000000010110010011
00000000111100000000010100110011
00000000000000000000000000010011
00000101100000000000000001101111
00010000000000010000011110110111
00110100010001111000010100010011
00000000000000000000000000010011
11111111111111111111011110110111
00000000000001111000011110010011
01101001100001111000011110010011
11111111000001000000011100010011
00000000111101110000011110110011
00000011001000000000010110010011
00000000111100000000010100110011
00000000000000000000000000010011
00000010100000000000000001101111
00010000000000010000011110110111
00110110110001111000010100010011
00000000000000000000000000010011
00000000000100000000011110010011
11111110111101000010011000100011
00000001000000000000000001101111
00010000000000010000011110110111
00110111100001111000010100010011
00000000000000000000000000010011
11111110110001000010011110000011
11010010000001111000100011100011
00000000000000000000011110010011
00000000111100000000010100110011
00011001000000010000000100010011
01111110110000010010000010000011
01111110100000010010010000000011
01111111000000010000000100010011
00000000000000001000000001100111
