11111101000000010000000100010011
00000010000100010010011000100011
00000010100000010010010000100011
00000011000000010000010000010011
11111100101001000010111000100011
11111100101101000010110000100011
11111100110001000010101000100011
11111110000001000010011000100011
11111110000001000010011000100011
00000101000000000000000001101111
11111110110001000010011100000011
00000000111000000000011110110011
00000000000101111001011110010011
00000000111001111000011110110011
00000000010001111001011110010011
00000000111100000000011100110011
11111101110001000010011110000011
00000000111001111000011110110011
00000000001001111000011110010011
11111101100001000010010110000011
00000000111100000000010100110011
00000000000000000000000000010011
00000000101000000000011110110011
00000000000001111001011001100011
11111110110001000010011110000011
00000010000000000000000001101111
11111110110001000010011110000011
00000000000101111000011110010011
11111110111101000010011000100011
11111110110001000010011100000011
11111101010001000010011110000011
11111010111101110100011011100011
11111111111100000000011110010011
00000000111100000000010100110011
00000010110000010010000010000011
00000010100000010010010000000011
00000011000000010000000100010011
00000000000000001000000001100111
11111110000000010000000100010011
00000000000100010010111000100011
00000000100000010010110000100011
00000010000000010000010000010011
11111110101001000010011000100011
11111110101101000010010000100011
00000101010000000000000001101111
11111110110001000010011110000011
11111110100001000010010110000011
00000000111100000000010100110011
00000000000000000000000000010011
00000000101000000000011110110011
00000010000001111001100001100011
11111110110001000010011100000011
11111110110001000010011110000011
00000000110001111010011110000011
00000000111100000000011010110011
00000000111000000000011000110011
11111110100001000010010110000011
00010000000000010000011110110111
00000000000001111000010100010011
00000000000000000000000000010011
11111110110001000010011110000011
00000001110000000000000001101111
11111110110001000010011110000011
00000001000001111010011110000011
11111110111101000010011000100011
11111110110001000010011110000011
11111010000001111001011011100011
00000000000000000000011110010011
00000000111100000000010100110011
00000001110000010010000010000011
00000001100000010010010000000011
00000010000000010000000100010011
00000000000000001000000001100111
