11111110000000010000000100010011
00000000000100010010111000100011
00000000100000010010110000100011
00000010000000010000010000010011
11111110101001000010011000100011
00000000010000000000011000010011
00010000000000010000011110110111
00000000000001111000010110010011
00000000000100000000010100010011
00000000000000000000000000010011
00000000001100000000011000010011
00010000000000010000011110110111
00000000100001111000010110010011
00000000000100000000010100010011
00000000000000000000000000010011
11111110110001000010010100000011
00000000000000000000000000010011
00000000000100000000010100010011
00000000000000000000000000010011
11111111000000010000000100010011
00000000000100010010011000100011
00000000100000010010010000100011
00000001000000010000010000010011
00000000010000000000011110110111
00000000000001111000011000010011
00000000001000000000010110010011
00000000000000000000010100010011
00000000000000000000000000010011
00000000101000000000011100110011
11111111111100000000011110010011
00000000111101110001100001100011
00010000000000010000011110110111
00000001000001111000010100010011
00000000000000000000000000010011
00000000000000000000000000010011
00000000110000010010000010000011
00000000100000010010010000000011
00000001000000010000000100010011
00000000000000001000000001100111
11111011000000010000000100010011
00000100000100010010011000100011
00000100100000010010010000100011
00000101000000010000010000010011
00000000010000000000011110110111
00000000000001111000010110010011
00000000000000000000010100010011
00000000000000000000000000010011
00000000101000000000011100110011
11111111111100000000011110010011
00000000111101110001100001100011
00010000000000010000011110110111
00000001110001111000010100010011
00000000000000000000000000010011
00000000010000000000011110110111
00000100110001111000010100010011
00000000000000000000000000010011
00000000010000000000011110110111
00000000000001111000011100010011
11111011010001000000011110010011
00000000111000000000011010110011
00000011110000000000011100010011
00000000111000000000011000110011
00000000110100000000010110110011
00000000111100000000010100110011
00000000000000000000000000010011
11111011010001000010011110000011
10101100110101111111011110010011
11111010111101000010101000100011
11111011100001000010011110000011
11111111111001111111011110010011
11111010111101000010110000100011
11111011110001000010011110000011
00000011000001111110011110010011
11111010111101000010111000100011
11111100000001000010011110000011
11111111010001111111011110010011
11111100111101000010000000100011
11111100000001000000010110100011
00000000000100000000011110010011
11111100111101000000010100100011
11111011010001000000011110010011
00000000111100000000011000110011
00000000001000000000010110010011
00000000000000000000010100010011
00000000000000000000000000010011
00000000101000000000011100110011
11111111111100000000011110010011
00000000111101110001100001100011
00010000000000010000011110110111
00000001000001111000010100010011
00000000000000000000000000010011
00000000000000000000000000010011
00000100110000010010000010000011
00000100100000010010010000000011
00000101000000010000000100010011
00000000000000001000000001100111
11111110000000010000000100010011
00000000000100010010111000100011
00000000100000010010110000100011
00000010000000010000010000010011
00000011000000000000000001101111
11111110110001000010011100000011
11111111111100000000011110010011
00000010111101110001001001100011
00000000000000000000000000010011
00000000101000000000011110110011
00000000000001111010011100000011
00000000101100000000011110010011
00000000111101110000100001100011
00010000000000010000011110110111
00000010100001111000010100010011
00000000000000000000000000010011
11111110101101000000011110010011
00000000000100000000011000010011
00000000111100000000010110110011
00000000000000000000010100010011
00000000000000000000000000010011
11111110101001000010011000100011
11111110110001000010011100000011
00000000000100000000011110010011
11111010111101110001101011100011
11111110101101000100011110000011
00000000111100000000010100110011
00000001110000010010000010000011
00000001100000010010010000000011
00000010000000010000000100010011
00000000000000001000000001100111
11111110000000010000000100010011
00000000000100010010111000100011
00000000100000010010110000100011
00000010000000010000010000010011
00000000000000000000000000010011
00000000101000000000011110110011
11111110111101000000011110100011
11111110111101000100011100000011
00000001000100000000011110010011
00000010111101110001101001100011
00000000010000000000011000010011
00010000000000010000011110110111
00000000000001111000010110010011
00000000000100000000010100010011
00000000000000000000000000010011
00000000001100000000011000010011
00010000000000010000011110110111
00000011000001111000010110010011
00000000000100000000010100010011
00000000000000000000000000010011
00000000000000000000010100010011
00000000000000000000000000010011
00000000000000000000000000010011
00000001110000010010000010000011
00000001100000010010010000000011
00000010000000010000000100010011
00000000000000001000000001100111
11111111000000010000000100010011
00000000000100010010011000100011
00000000100000010010010000100011
00000001000000010000010000010011
00000000010000000000011000010011
00010000000000010000011110110111
00000000000001111000010110010011
00000000000100000000010100010011
00000000000000000000000000010011
00000000001100000000011000010011
00010000000000010000011110110111
00000000100001111000010110010011
00000000000100000000010100010011
00000000000000000000000000010011
00000000000000000000000000010011
00000000110000010010000010000011
00000000100000010010010000000011
00000001000000010000000100010011
00000000000000001000000001100111
11111111000000010000000100010011
00000000000100010010011000100011
00000000100000010010010000100011
00000001000000010000010000010011
00000000000000000000000000010011
00000000000000000000000000010011
00000000000000000000000000010011
11111111100111111111000001101111
