11111110000000010000000100010011
00000000100000010010111000100011
00000010000000010000010000010011
11111110101001000010011000100011
11111110101101000010010000100011
11111110110001000010001000100011
11111110110101000010000000100011
11111110110001000010011100000011
00000000010000000000011110010011
00001110111101110001111001100011
11111110100001000010011100000011
00000000001000000000011110010011
00000110111101110001100001100011
11111110010001000010011100000011
00001000000000000000011110010011
00000100111101110000011001100011
11111110010001000010011100000011
00001000000000000000011110010011
00000100111001111110100001100011
11111110010001000010011100000011
00000010000000000000011110010011
00000000111101110000101001100011
11111110010001000010011100000011
00000100000000000000011110010011
00000000111101110000110001100011
00000011010000000000000001101111
11111110000001000010011110000011
00000000010100000000011100010011
00000000111001111010000000100011
00011011100000000000000001101111
11111110000001000010011110000011
00000000011000000000011100010011
00000000111001111010000000100011
00011010100000000000000001101111
11111110000001000010011110000011
00000000011100000000011100010011
00000000111001111010000000100011
00011001100000000000000001101111
11111111111100000000011110010011
00011001010000000000000001101111
11111110100001000010011100000011
00000000010000000000011110010011
00000110111101110001100001100011
11111110010001000010011100000011
00001000000000000000011110010011
00000100111101110000011001100011
11111110010001000010011100000011
00001000000000000000011110010011
00000100111001111110100001100011
11111110010001000010011100000011
00000010000000000000011110010011
00000000111101110000101001100011
11111110010001000010011100000011
00000100000000000000011110010011
00000000111101110000110001100011
00000011010000000000000001101111
11111110000001000010011110000011
00000000010100000000011100010011
00000000111001111010000000100011
00010100000000000000000001101111
11111110000001000010011110000011
00000000011000000000011100010011
00000000111001111010000000100011
00010011000000000000000001101111
11111110000001000010011110000011
00000000011100000000011100010011
00000000111001111010000000100011
00010010000000000000000001101111
11111111111100000000011110010011
00010001110000000000000001101111
11111111111100000000011110010011
00010001010000000000000001101111
11111110110001000010011100000011
00000000100000000000011110010011
00001110111101110001111001100011
11111110100001000010011100000011
00000000010000000000011110010011
00000110111101110001100001100011
11111110010001000010011100000011
00001000000000000000011110010011
00000100111101110000011001100011
11111110010001000010011100000011
00001000000000000000011110010011
00000100111001111110100001100011
11111110010001000010011100000011
00000010000000000000011110010011
00000000111101110000101001100011
11111110010001000010011100000011
00000100000000000000011110010011
00000000111101110000110001100011
00000011010000000000000001101111
11111110000001000010011110000011
00000000010100000000011100010011
00000000111001111010000000100011
00001011010000000000000001101111
11111110000001000010011110000011
00000000011000000000011100010011
00000000111001111010000000100011
00001010010000000000000001101111
11111110000001000010011110000011
00000000011100000000011100010011
00000000111001111010000000100011
00001001010000000000000001101111
11111111111100000000011110010011
00001001000000000000000001101111
11111110100001000010011100000011
00000000100000000000011110010011
00000110111101110001100001100011
11111110010001000010011100000011
00001000000000000000011110010011
00000100111101110000011001100011
11111110010001000010011100000011
00001000000000000000011110010011
00000100111001111110100001100011
11111110010001000010011100000011
00000010000000000000011110010011
00000000111101110000101001100011
11111110010001000010011100000011
00000100000000000000011110010011
00000000111101110000110001100011
00000011010000000000000001101111
11111110000001000010011110000011
00000000010100000000011100010011
00000000111001111010000000100011
00000011110000000000000001101111
11111110000001000010011110000011
00000000011000000000011100010011
00000000111001111010000000100011
00000010110000000000000001101111
11111110000001000010011110000011
00000000011100000000011100010011
00000000111001111010000000100011
00000001110000000000000001101111
11111111111100000000011110010011
00000001100000000000000001101111
11111111111100000000011110010011
00000001000000000000000001101111
11111111111100000000011110010011
00000000100000000000000001101111
00000000000000000000011110010011
00000000111100000000010100110011
00000001110000010010010000000011
00000010000000010000000100010011
00000000000000001000000001100111
