11111101000000010000000100010011
00000010000100010010011000100011
00000010100000010010010000100011
00000011000000010000010000010011
11111100101001000010111000100011
11111110000001000010011000100011
11111110000001000010010000100011
11111110000001000010001000100011
11111110000001000010000000100011
00000000000000000000000000010011
00000000101000000000011100110011
11111101110001000010011110000011
00000010111101110110011110110011
11111110111101000010010000100011
11111110100001000010011110000011
11111110111101000010011000100011
11111110110001000010011110000011
00000000111100000000010100110011
00000010110000010010000010000011
00000010100000010010010000000011
00000011000000010000000100010011
00000000000000001000000001100111
11100100000000010000000100010011
00011010000100010010111000100011
00011010100000010010110000100011
00011100000000010000010000010011
11100100101001000010011000100011
11100100101101000010010000100011
11100100110001000010001000100011
11100100110101000010000000100011
11111110000001000010011000100011
11111110000001000010010000100011
11111110000001000010001000100011
11111110000001000010011000100011
00000010100000000000000001101111
11111110110001000010011110000011
00000000001001111001011110010011
11111111000001000000011100010011
00000000111101110000011110110011
00000000000100000000011100010011
11100110111001111010001000100011
11111110110001000010011110000011
00000000000101111000011110010011
11111110111101000010011000100011
11111110110001000010011100000011
11100100100001000010011110000011
11111100111101110110101011100011
11100100100001000010011110000011
11111110111101000010011000100011
00000010100000000000000001101111
11111110110001000010011110000011
00000000001001111001011110010011
11111111000001000000011100010011
00000000111101110000011110110011
00000000001000000000011100010011
11100110111001111010001000100011
11111110110001000010011110000011
00000000000101111000011110010011
11111110111101000010011000100011
11111110110001000010011100000011
00000110001100000000011110010011
11111100111001111111101011100011
11111110000001000010010000100011
00000100110000000000000001101111
00000000000000000000000000010011
00000000101000000000011100110011
00000110001100000000011110010011
00000010111101110110011110110011
11111110111101000010001000100011
11111110100001000010011110000011
00000000001001111001011110010011
11100100110001000010011100000011
00000000111101110000011100110011
11111110010001000010011110000011
00000000001001111001011110010011
11111111000001000000011010010011
00000000111101101000011110110011
11100110010001111010011110000011
00000000111101110010000000100011
11111110100001000010011110000011
00000000000101111000011110010011
11111110111101000010010000100011
11111110100001000010011100000011
11100100000001000010011110000011
11111010111101110100100011100011
00000000000000000000011110010011
00000000111100000000010100110011
00011011110000010010000010000011
00011011100000010010010000000011
00011100000000010000000100010011
00000000000000001000000001100111
11111011000000010000000100010011
00000100000100010010011000100011
00000100100000010010010000100011
00000101001000010010001000100011
00000101001100010010000000100011
00000011010000010010111000100011
00000011010100010010110000100011
00000101000000010000010000010011
11111100101001000010011000100011
11111100101101000010010000100011
11111100110001000010001000100011
11111100110101000010000000100011
11111010111001000010111000100011
11111010111101000010110000100011
11111011000001000010101000100011
11111011000101000010100000100011
11111100000001000010111000100011
11111100000001000010110000100011
11111100110001000010011110000011
00000000000001111001011001100011
11111111111100000000011110010011
00001101110000000000000001101111
11111100100001000010011110000011
00000000000001111001011001100011
11111111111100000000011110010011
00001100110000000000000001101111
11111011100001000010011100000011
11111011110001000010011110000011
00000010111101110000011110110011
00000001101101111001011110010011
11111100111101000010110000100011
11111100000001000010010100000011
00000000000000000000000000010011
11111100000001000010111000100011
00001000010000000000000001101111
11111101100001000010010100000011
00000000000000000000000000010011
00000000101000000000011110110011
00000000001101111001011110010011
00000000111100000000101000110011
01000001111101111101011110010011
00000000111100000000101010110011
11111101110001000010011110000011
00000000001101111001011110010011
11111100110001000010011100000011
00000000111101110000011100110011
00000000000001000010011110000011
11111110000001111000011110010011
00000000000001111100100001100011
00000000111110100001100110110011
00000000000000000000100100010011
00000010110000000000000001101111
00000000000110100101011010010011
00000001111100000000011000010011
00000000000001000010011110000011
01000000111101100000011110110011
00000000111101101101011110110011
00000000000001000010011010000011
00000000110110101001100110110011
00000001001101111110100110110011
00000000000001000010011110000011
00000000111110100001100100110011
00000001001001110010000000100011
00000001001101110010001000100011
11111101110001000010011110000011
00000000000101111000011110010011
11111100111101000010111000100011
11111101110001000010011100000011
11111100010001000010011110000011
11110110111101110100110011100011
11111100010001000010011010000011
11111011000001000010011000000011
11111011010001000010010110000011
11111100100001000010010100000011
00000000000000000000000000010011
00000000000000000000011110010011
00000000111100000000010100110011
00000100110000010010000010000011
00000100100000010010010000000011
00000100010000010010100100000011
00000100000000010010100110000011
00000011110000010010101000000011
00000011100000010010101010000011
00000101000000010000000100010011
00000000000000001000000001100111
