11111110000000010000000100010011
00000000000100010010111000100011
00000000100000010010110000100011
00000010000000010000010000010011
11111110101001000010011000100011
11111110101101000010010000100011
11111110110001000010001000100011
11111110110101000010000000100011
11111110110001000010011110000011
00000000000001111001011001100011
11111111111100000000011110010011
00011000110000000000000001101111
11111110110001000010011110000011
00000000000001111010000000100011
11111110110001000010011110000011
00000000000001111010001000100011
11111110110001000010011110000011
00000000000001111010010000100011
11111110110001000010011110000011
00000000000001111010011000100011
11111110100001000010011110000011
00000000001101111001011110010011
00000000111100000000010100110011
00000000000000000000000000010011
00000000101000000000011110110011
00000000111100000000011100110011
11111110110001000010011110000011
00000000111001111010000000100011
11111110110001000010011110000011
00000000000001111010011110000011
00000000000001111001110001100011
00010000000000010000011110110111
00000000000001111000010100010011
00000000000000000000000000010011
11111111111100000000011110010011
00010010110000000000000001101111
11111110100001000010011110000011
00000000001101111001011110010011
00000000111100000000010100110011
00000000000000000000000000010011
00000000101000000000011110110011
00000000111100000000011100110011
11111110110001000010011110000011
00000000111001111010001000100011
11111110110001000010011110000011
00000000010001111010011110000011
00000010000001111001010001100011
00010000000000010000011110110111
00000010100001111000010100010011
00000000000000000000000000010011
11111110110001000010011110000011
00000000000001111010011110000011
00000000111100000000010100110011
00000000000000000000000000010011
11111111111100000000011110010011
00001101110000000000000001101111
11111110000001000010011110000011
00000000000101111000011110010011
00000000001101111001011110010011
00000000111100000000010100110011
00000000000000000000000000010011
00000000101000000000011110110011
00000000111100000000011100110011
11111110110001000010011110000011
00000000111001111010010000100011
11111110110001000010011110000011
00000000100001111010011110000011
00000010000001111001110001100011
00010000000000010000011110110111
00000101000001111000010100010011
00000000000000000000000000010011
11111110110001000010011110000011
00000000000001111010011110000011
00000000111100000000010100110011
00000000000000000000000000010011
11111110110001000010011110000011
00000000010001111010011110000011
00000000111100000000010100110011
00000000000000000000000000010011
11111111111100000000011110010011
00000111100000000000000001101111
11111110010001000010011110000011
00000000001101111001011110010011
00000000111100000000010100110011
00000000000000000000000000010011
00000000101000000000011110110011
00000000111100000000011100110011
11111110110001000010011110000011
00000000111001111010011000100011
11111110110001000010011110000011
00000000110001111010011110000011
00000100000001111001010001100011
00010000000000010000011110110111
00000111100001111000010100010011
00000000000000000000000000010011
11111110110001000010011110000011
00000000000001111010011110000011
00000000111100000000010100110011
00000000000000000000000000010011
11111110110001000010011110000011
00000000100001111010011110000011
00000000111100000000010100110011
00000000000000000000000000010011
11111110110001000010011110000011
00000000010001111010011110000011
00000000111100000000010100110011
00000000000000000000000000010011
11111111111100000000011110010011
00000000100000000000000001101111
00000000000000000000011110010011
00000000111100000000010100110011
00000001110000010010000010000011
00000001100000010010010000000011
00000010000000010000000100010011
00000000000000001000000001100111
11111010000000010000000100010011
00000100000100010010111000100011
00000100100000010010110000100011
00000100100100010010101000100011
00000101001000010010100000100011
00000101001100010010011000100011
00000101010000010010010000100011
00000101010100010010001000100011
00000101011000010010000000100011
00000011011100010010111000100011
00000011100000010010110000100011
00000011100100010010101000100011
00000110000000010000010000010011
11111010101001000010011000100011
11111010101101000010010000100011
11111010110001000010001000100011
11111010110101000010000000100011
11111100000001000010011000100011
11111100000001000010010000100011
11111100000001000010001000100011
11111100000001000010000000100011
11111010000001000010110000100011
11111010000001000010111000100011
11111010000001000010101000100011
11111010100001000010011110000011
00000000001001111001011110010011
00000000111100000000010100110011
00000000000000000000000000010011
00000000101000000000011110110011
11111010111101000010101000100011
11111011010001000010011110000011
00000000000001111001110001100011
00010000000000010000011110110111
00001010000001111000010100010011
00000000000000000000000000010011
11111111111100000000011110010011
01000000010000000000000001101111
11111100000001000010011000100011
00001000100000000000000001101111
11111010010001000010011110000011
00000000001101111001011010010011
11111100110001000010011110000011
00000000001001111001011110010011
11111011010001000010011100000011
00000000111101110000010010110011
00000000110100000000010100110011
00000000000000000000000000010011
00000000101000000000011110110011
00000000111101001010000000100011
11111100000001000010010000100011
00000100000000000000000001101111
11111100110001000010011110000011
00000000001001111001011110010011
11111011010001000010011100000011
00000000111101110000011110110011
00000000000001111010011100000011
11111100100001000010011110000011
00000000001101111001011110010011
00000000111101110000011110110011
00000000000000000000011010010011
00000000000000000000011100010011
00000000110101111010000000100011
00000000111001111010001000100011
11111100100001000010011110000011
00000000000101111000011110010011
11111100111101000010010000100011
11111100100001000010011100000011
11111010010001000010011110000011
11111010111101110100111011100011
11111100110001000010011110000011
00000000000101111000011110010011
11111100111101000010011000100011
11111100110001000010011100000011
11111010100001000010011110000011
11110110111101110100101011100011
11111100000001000010011000100011
00001000100000000000000001101111
00000000000000000000000000010011
00000000101000000000011100110011
11111010100001000010011110000011
11111111111101111000011110010011
00000010111101110110011110110011
11111100111101000010001000100011
00000000000000000000000000010011
00000000101000000000011100110011
11111010010001000010011110000011
11111111111101111000011110010011
00000010111101110110011110110011
11111100111101000010000000100011
00000000000000000000000000010011
00000000101000000000011110110011
00000000000101111000011110010011
11111010111101000010110000100011
11111100010001000010011110000011
00000000001001111001011110010011
11111011010001000010011100000011
00000000111101110000011110110011
00000000000001111010011100000011
11111100000001000010011110000011
00000000001101111001011110010011
00000000111101110000011100110011
11111011100001000010011110000011
00000000111100000000110000110011
01000001111101111101011110010011
00000000111100000000110010110011
00000001100001110010000000100011
00000001100101110010001000100011
11111100110001000010011110000011
00000000000101111000011110010011
11111100111101000010011000100011
11111100110001000010011100000011
11111010110001000010011110000011
11110110111101110100101011100011
11111010100001000010011010000011
11111010010001000010011000000011
11111010110001000010010110000011
11111010000001000010010100000011
00000000000000000000000000010011
00000000101000000000011110110011
00000100000001111000111001100011
00010000000000010000011110110111
00001100100001111000010100010011
00000000000000000000000000010011
11111100000001000010011000100011
00000010110000000000000001101111
11111100110001000010011110000011
00000000001001111001011110010011
11111011010001000010011100000011
00000000111101110000011110110011
00000000000001111010011110000011
00000000111100000000010100110011
00000000000000000000000000010011
11111100110001000010011110000011
00000000000101111000011110010011
11111100111101000010011000100011
11111100110001000010011100000011
11111010100001000010011110000011
11111100111101110100100011100011
11111011010001000010010100000011
00000000000000000000000000010011
11111111111100000000011110010011
00100110000000000000000001101111
11111100000001000010011000100011
00010010110000000000000001101111
11111100000001000010010000100011
00010000100000000000000001101111
11111100110001000010011110000011
00000000001001111001011110010011
11111011010001000010011100000011
00000000111101110000011110110011
00000000000001111010011100000011
11111100100001000010011110000011
00000000001101111001011110010011
00000000111101110000011110110011
00000000000001111010011000000011
00000000010001111010011010000011
00000000110000000000011110110011
00000000110101111110011110110011
00001100000001111000010001100011
11111100110001000010011110000011
00000000001001111001011110010011
11111011010001000010011100000011
00000000111101110000011110110011
00000000000001111010011100000011
11111100100001000010011110000011
00000000001101111001011110010011
00000000111101110000011110110011
11111010000001000010011100000011
00000000000001110010011010000011
11111100010001000010011100000011
00000000001101110001011100010011
00000000111001101000011010110011
00000000000001111010011100000011
00000000010001111010011110000011
00000000111001101010000000100011
00000000111101101010001000100011
11111010000001000010011110000011
00000000010001111010011100000011
11111100010001000010011110000011
00000000001101111001011110010011
00000000111101110000011100110011
11111100100001000010011110000011
00000000111100000000101000110011
01000001111101111101011110010011
00000000111100000000101010110011
00000001010001110010000000100011
00000001010101110010001000100011
11111011110001000010011110000011
00000100000001111001001001100011
11111010000001000010011110000011
00000000100001111010011100000011
11111100000001000010011110000011
00000000001101111001011110010011
00000000111101110000011100110011
11111100010001000010011110000011
00000000111100000000101100110011
01000001111101111101011110010011
00000000111100000000101110110011
00000001011001110010000000100011
00000001011101110010001000100011
11111100000001000010011110000011
00000000000101111000011110010011
11111100111101000010000000100011
00000000000100000000011110010011
11111010111101000010111000100011
11111100010001000010011110000011
00000000000101111000011110010011
11111100111101000010001000100011
11111100100001000010011110000011
00000000000101111000011110010011
11111100111101000010010000100011
11111100100001000010011100000011
11111010010001000010011110000011
11101110111101110100101011100011
11111010000001000010111000100011
11111100110001000010011110000011
00000000000101111000011110010011
11111100111101000010011000100011
11111100110001000010011100000011
11111010100001000010011110000011
11101100111101110100100011100011
11111010000001000010011110000011
00000000000001111010011100000011
11111010110001000010011010000011
00100000000000000000011110110111
00000000000001111000011110010011
11111111111101111000011110010011
00000000111101101000011110110011
00000000001101111001011110010011
00000000111101110000011110110011
11111010000001000010011100000011
00000000100001110010011010000011
11111010100001000010011100000011
00000000001101110001011100010011
00000000111001101000011010110011
00000000000001111010011100000011
00000000010001111010011110000011
00000000111001101010000000100011
00000000111101101010001000100011
11111100000001000010011000100011
00000010110000000000000001101111
11111100110001000010011110000011
00000000001001111001011110010011
11111011010001000010011100000011
00000000111101110000011110110011
00000000000001111010011110000011
00000000111100000000010100110011
00000000000000000000000000010011
11111100110001000010011110000011
00000000000101111000011110010011
11111100111101000010011000100011
11111100110001000010011100000011
11111010100001000010011110000011
11111100111101110100100011100011
11111011010001000010010100000011
00000000000000000000000000010011
11111010010001000010011110000011
00000000001101111001011110010011
00000000111100000000010100110011
00000000000000000000000000010011
00000000101000000000011110110011
00000000111100000000011100110011
11111010000001000010011110000011
00000000111001111010011000100011
11111010000001000010011110000011
00000000110001111010011110000011
00000000000001111001110001100011
00010000000000010000011110110111
00001110110001111000010100010011
00000000000000000000000000010011
11111111111100000000011110010011
00000101100000000000000001101111
11111100000001000010011000100011
00000100000000000000000001101111
00000000000000000000000000010011
00000000101000000000011010110011
11111010000001000010011110000011
00000000110001111010011100000011
11111100110001000010011110000011
00000000001101111001011110010011
00000000111101110000011110110011
00000000110100000000100100110011
01000001111101101101011100010011
00000000111000000000100110110011
00000001001001111010000000100011
00000001001101111010001000100011
11111100110001000010011110000011
00000000000101111000011110010011
11111100111101000010011000100011
11111100110001000010011100000011
11111010010001000010011110000011
11111010111101110100111011100011
00000000000000000000011110010011
00000000111100000000010100110011
00000101110000010010000010000011
00000101100000010010010000000011
00000101010000010010010010000011
00000101000000010010100100000011
00000100110000010010100110000011
00000100100000010010101000000011
00000100010000010010101010000011
00000100000000010010101100000011
00000011110000010010101110000011
00000011100000010010110000000011
00000011010000010010110010000011
00000110000000010000000100010011
00000000000000001000000001100111
11111101000000010000000100010011
00000010000100010010011000100011
00000010100000010010010000100011
00000011000000010000010000010011
11111100101001000010111000100011
11111100101101000010110000100011
11111110000001000010011000100011
11111101110001000010011110000011
00000000000001111001011001100011
11111111111100000000011110010011
00000101010000000000000001101111
11111101100001000010011110000011
00000000000001111001011001100011
11111111111100000000011110010011
00000100010000000000000001101111
00010000000000010000011110110111
00010001000001111000010110010011
11111101110001000010010100000011
00000000000000000000000000010011
11111110101001000010011000100011
11111110110001000010011110000011
00000000000001111001111001100011
11111101110001000010010110000011
00010000000000010000011110110111
00010001010001111000010100010011
00000000000000000000000000010011
11111111111100000000011110010011
00000001000000000000000001101111
11111110110001000010010100000011
00000000000000000000000000010011
00000000000000000000011110010011
00000000111100000000010100110011
00000010110000010010000010000011
00000010100000010010010000000011
00000011000000010000000100010011
00000000000000001000000001100111
