11111110000000010000000100010011
00000000100000010010111000100011
00000010000000010000010000010011
11111110101001000010011000100011
11111110101101000010010000100011
11111110100001000010011100000011
11111110110001000010011110000011
00000000111101110111010001100011
00000000111000000000011110110011
00000000111100000000010100110011
00000001110000010010010000000011
00000010000000010000000100010011
00000000000000001000000001100111
11111101000000010000000100010011
00000010100000010010011000100011
00000011000000010000010000010011
11111100101001000010111000100011
11111100101101000010110000100011
11111100110001000010101000100011
11111110000001000010011000100011
00000011010000000000000001101111
11111101110001000010011100000011
11111110110001000010011110000011
00000000111101110000011110110011
11111101100001000010011100000011
00000000000001110100011100000011
00000000111001111000000000100011
11111101100001000010011110000011
00000000000101111000011110010011
11111100111101000010110000100011
11111110110001000010011110000011
00000000000101111000011110010011
11111110111101000010011000100011
11111110110001000010011100000011
11111101010001000010011110000011
00000000111101110111100001100011
11111101100001000010011110000011
00000000000001111100011110000011
11111010000001111001111011100011
11111110110001000010011110000011
00000000111100000000010100110011
00000010110000010010010000000011
00000011000000010000000100010011
00000000000000001000000001100111
11111110000000010000000100010011
00000000000100010010111000100011
00000000100000010010110000100011
00000010000000010000010000010011
11111110101001000010011000100011
11111110101101000010010000100011
11111110110001000010001000100011
11111110110001000010011110000011
00000000010001111010011110000011
11111110010001000010010110000011
00000000111100000000010100110011
00000000000000000000000000010011
11111110101001000010001000100011
11111110110001000010011110000011
00000000100001111010011100000011
11111110110001000010011110000011
00000000000001111010011110000011
00000000111101110000011110110011
11111110010001000010011000000011
11111110100001000010010110000011
00000000111100000000010100110011
00000000000000000000000000010011
11111110110001000010011110000011
00000000000001111010011100000011
11111110010001000010011110000011
00000000111101110000011100110011
11111110110001000010011110000011
00000000111001111010000000100011
11111110110001000010011110000011
00000000111100000000010100110011
00000001110000010010000010000011
00000001100000010010010000000011
00000010000000010000000100010011
00000000000000001000000001100111
11111110000000010000000100010011
00000000000100010010111000100011
00000000100000010010110000100011
00000010000000010000010000010011
11111110101001000010011000100011
11111110101101000010010000100011
11111110110001000010011110000011
00000000100001111010011100000011
11111110110001000010011110000011
00000000000001111010011110000011
00000000111101110000011010110011
11111110110001000010011110000011
00000000010001111010011100000011
11111110110001000010011110000011
00000000000001111010011110000011
01000000111101110000011110110011
00000000111100000000011000110011
11111110100001000010010110000011
00000000110100000000010100110011
00000000000000000000000000010011
00000000101000000000011100110011
11111110110001000010011110000011
00000000000001111010011110000011
00000000111101110000011100110011
11111110110001000010011110000011
00000000111001111010000000100011
11111110110001000010011110000011
00000000111100000000010100110011
00000001110000010010000010000011
00000001100000010010010000000011
00000010000000010000000100010011
00000000000000001000000001100111
11111011000000010000000100010011
00000100000100010010011000100011
00000100100000010010010000100011
00000100100100010010001000100011
00000101001000010010000000100011
00000011001100010010111000100011
00000011010000010010110000100011
00000011010100010010101000100011
00000011011000010010100000100011
00000011011100010010011000100011
00000011100000010010010000100011
00000011100100010010001000100011
00000101000000010000010000010011
11111010101001000010111000100011
11111010101101000010110000100011
00000000001000000000011110110011
00000000111100000000010010110011
11111011100001000010010100000011
00000000000000000000000000010011
00000000101000000000011110110011
11111100111101000010011000100011
11111100110001000010011110000011
11111111111101111000011100010011
11111100111001000010010000100011
00000000111100000000011100110011
00000000111000000000110000110011
00000000000000000000110010010011
00000001110111000101011100010011
00000000001111001001101010010011
00000001010101110110101010110011
00000000001111000001101000010011
00000000111100000000011100110011
00000000111000000000101100110011
00000000000000000000101110010011
00000001110110110101011100010011
00000000001110111001100110010011
00000001001101110110100110110011
00000000001110110001100100010011
00000000111101111000011110010011
00000000010001111101011110010011
00000000010001111001011110010011
01000000111100010000000100110011
00000000001000000000011110110011
00000000000001111000011110010011
11111100111101000010001000100011
11111100110001000010011110000011
00000000111100000100011001100011
11111011110001000010011110000011
00000011000000000000000001101111
11111100110001000010011110000011
00000000111100000000011000110011
11111011100001000010010110000011
11111100010001000010010100000011
00000000000000000000000000010011
11111100110001000010011110000011
00000000111100000000011000110011
11111100010001000010010110000011
11111011110001000010010100000011
00000000000000000000000000010011
00000000101000000000011110110011
00000000100100000000000100110011
00000000111100000000010100110011
11111011000001000000000100010011
00000100110000010010000010000011
00000100100000010010010000000011
00000100010000010010010010000011
00000100000000010010100100000011
00000011110000010010100110000011
00000011100000010010101000000011
00000011010000010010101010000011
00000011000000010010101100000011
00000010110000010010101110000011
00000010100000010010110000000011
00000010010000010010110010000011
00000101000000010000000100010011
00000000000000001000000001100111
11111110000000010000000100010011
00000000000100010010111000100011
00000000100000010010110000100011
00000010000000010000010000010011
11111110101001000010011000100011
11111110101101000010001000100011
11111110110001000010010000100011
11111110100001000010011110000011
11111110010001000010011100000011
00000000111000000000011000110011
00000000111100000000010110110011
11111110110001000010010100000011
00000000000000000000000000010011
00000000101000000000011110110011
00000000111100000000010100110011
00000001110000010010000010000011
00000001100000010010010000000011
00000010000000010000000100010011
00000000000000001000000001100111
