11111101000000010000000100010011
00000010000100010010011000100011
00000010100000010010010000100011
00000011000000010000010000010011
11111100101001000010111000100011
11111100101101000010110000100011
11111101110001000010011110000011
00000000010001111010011110000011
11111101100001000010011100000011
00000000111001111110011001100011
00000000000000000000011110010011
00000111000000000000000001101111
11111101110001000010011110000011
00000000100001111010011110000011
00000010000001111001000001100011
11111101100001000010011110000011
00000000000001111001110001100011
00000000110000000000011000010011
00000000000000000000010110010011
11111101110001000010010100000011
00000000000000000000000000010011
00000100010000000000000001101111
11111101110001000010011110000011
00000000100001111010011110000011
11111101100001000010010110000011
00000000111100000000010100110011
00000000000000000000000000010011
11111110101001000010011000100011
11111110110001000010011110000011
00000000000001111001011001100011
11111111111100000000011110010011
00000010000000000000000001101111
11111101110001000010011110000011
11111110110001000010011100000011
00000000111001111010010000100011
11111101110001000010011110000011
11111101100001000010011100000011
00000000111001111010001000100011
00000000000000000000011110010011
00000000111100000000010100110011
00000010110000010010000010000011
00000010100000010010010000000011
00000011000000010000000100010011
00000000000000001000000001100111
