11111100000000010000000100010011
00000010100000010010111000100011
00000100000000010000010000010011
11111100101001000010011000100011
11111100101101000010010000100011
11111100110001000010001000100011
11111100110001000010011110000011
00000000000001111010011100000011
11111100111001000010110000100011
00000000010001111010011110000011
11111100111101000010111000100011
11111110000001000010011000100011
00001110000000000000000001101111
11111110110001000010011110000011
11111110111101000010010000100011
00000100000000000000000001101111
11111100110001000010011110000011
00000000010001111010011100000011
11111110100001000010011110000011
00000000111101110000011110110011
00000000000001111100011100000011
11111110100001000010011010000011
11111110110001000010011110000011
01000000111101101000011110110011
11111100100001000010011010000011
00000000111101101000011110110011
00000000000001111100011110000011
00000010111101110001010001100011
11111110100001000010011110000011
00000000000101111000011110010011
11111110111101000010010000100011
11111110110001000010011100000011
11111100010001000010011110000011
00000000111101110000011110110011
11111110100001000010011100000011
11111010111101110110101011100011
00000000100000000000000001101111
00000000000000000000000000010011
11111110100001000010011100000011
11111110110001000010011110000011
01000000111101110000011110110011
11111100010001000010011100000011
00000100111101110001111001100011
11111100110001000010011110000011
00000000010001111010011110000011
11111100111101000010111000100011
11111110110001000010011110000011
11111100111101000010110000100011
11111100110001000010011110000011
00000000010001111010011100000011
11111110110001000010011010000011
11111100010001000010011110000011
00000000111101101000011110110011
00000000111101110000011100110011
11111100110001000010011110000011
00000000111001111010001000100011
11111100110001000010011110000011
00000000000001111010011100000011
11111110110001000010011010000011
11111100010001000010011110000011
00000000111101101000011110110011
01000000111101110000011100110011
11111100110001000010011110000011
00000000111001111010000000100011
00000010000000000000000001101111
11111110110001000010011110000011
00000000000101111000011110010011
11111110111101000010011000100011
11111100110001000010011110000011
00000000000001111010011110000011
11111110110001000010011100000011
11110000111101110110110011100011
11111101100001000010011110000011
11111110111101000010000000100011
11111101110001000010011110000011
11111110111101000010001000100011
11111110000001000010011100000011
11111110010001000010011110000011
00000000111000000000100000110011
00000000111100000000100010110011
00000001000000000000011100110011
00000001000100000000011110110011
00000000111000000000010100110011
00000000111100000000010110110011
00000011110000010010010000000011
00000100000000010000000100010011
00000000000000001000000001100111
