11111101000000010000000100010011
00000010100000010010011000100011
00000011000000010000010000010011
11111100101001000010110000100011
11111100101101000010111000100011
11111110000001000010011000100011
11111110000001000010010000100011
00001001000000000000000001101111
11111101110001000010011100000011
11111110100001000010011110000011
00000000111101110000011110110011
00000000000001111100011110000011
00001100000001111111011110010011
00000000000001111000101001100011
11111110100001000010011110000011
00000000001001111000011110010011
11111110111101000010010000100011
00000101110000000000000001101111
11111101110001000010011100000011
11111110100001000010011110000011
00000000111101110000011110110011
00000000000001111100011110000011
00001110000001111111011110010011
00000000000001111000101001100011
11111110100001000010011110000011
00000000001101111000011110010011
11111110111101000010010000100011
00000011010000000000000001101111
11111101110001000010011100000011
11111110100001000010011110000011
00000000111101110000011110110011
00000000000001111100011110000011
00001111000001111111011110010011
00000000000001111000101001100011
11111110100001000010011110000011
00000000010001111000011110010011
11111110111101000010010000100011
00000000110000000000000001101111
00000000000000000000011110010011
00000010000000000000000001101111
11111110110001000010011110000011
00000000000101111000011110010011
11111110111101000010011000100011
11111101100001000010011110000011
11111110100001000010011100000011
11110110111101110110011011100011
11111110110001000010011110000011
00000000111100000000010100110011
00000010110000010010010000000011
00000011000000010000000100010011
00000000000000001000000001100111
11111101000000010000000100010011
00000010100000010010011000100011
00000011000000010000010000010011
11111100101001000010111000100011
11111101110001000010011100000011
00000111111100000000011110010011
00000000111001111110100001100011
00000000000100000000011110010011
11111110111101000010011000100011
00000101100000000000000001101111
11111101110001000010011100000011
01111111111100000000011110010011
00000000111001111110100001100011
00000000001000000000011110010011
11111110111101000010011000100011
00000100000000000000000001101111
11111101110001000010011100000011
00000000000000010000011110110111
00000000000001111000011110010011
00000000111101110111100001100011
00000000001100000000011110010011
11111110111101000010011000100011
00000010010000000000000001101111
11111101110001000010011100000011
00000000000000010001011110110111
00000000000001111000011110010011
00000000111101110111100001100011
00000000010000000000011110010011
11111110111101000010011000100011
00000000100000000000000001101111
11111110000001000010011000100011
11111110110001000010011110000011
00000000111100000000010100110011
00000010110000010010010000000011
00000011000000010000000100010011
00000000000000001000000001100111
11111101000000010000000100010011
00000010100000010010011000100011
00000011000000010000010000010011
11111100101001000010111000100011
11111100101101000010110000100011
11111100110001000010101000100011
11111101010001000010011100000011
00000000010000000000011110010011
00000110111101110000001001100011
11111101010001000010011100000011
00000000010000000000011110010011
00000110111001111110001001100011
11111101010001000010011100000011
00000000001100000000011110010011
00000100111101110000000001100011
11111101010001000010011100000011
00000000001100000000011110010011
00000100111001111110011001100011
11111101010001000010011100000011
00000000000100000000011110010011
00000000111101110000101001100011
11111101010001000010011100000011
00000000001000000000011110010011
00000000111101110000100001100011
00000011000000000000000001101111
11111110000001000000011110100011
00000011000000000000000001101111
11111100000000000000011110010011
11111110111101000000011110100011
00000010010000000000000001101111
11111110000000000000011110010011
11111110111101000000011110100011
00000001100000000000000001101111
11111111000000000000011110010011
11111110111101000000011110100011
00000000110000000000000001101111
11111101010001000010011110000011
00000111110000000000000001101111
11111101010001000010011110000011
11111111111101111000011110010011
11111110111101000010010000100011
00000100010000000000000001101111
11111101100001000010011110000011
00001111111101111111011110010011
00000011111101111111011110010011
00001111111101111111011100010011
11111110100001000010011110000011
11111101110001000010011010000011
00000000111101101000011110110011
11111000000001110110011100010011
00001111111101110111011100010011
00000000111001111000000000100011
11111101100001000010011110000011
00000000011001111101011110010011
11111100111101000010110000100011
11111110100001000010011110000011
11111111111101111000011110010011
11111110111101000010010000100011
11111110100001000010011110000011
11111010111100000100111011100011
11111101100001000010011110000011
00001111111101111111011100010011
11111110111101000100011110000011
00000000111101110110011110110011
00001111111101111111011100010011
11111101110001000010011110000011
00000000111001111000000000100011
11111101010001000010011110000011
00000000111100000000010100110011
00000010110000010010010000000011
00000011000000010000000100010011
00000000000000001000000001100111
