11111100000000010000000100010011
00000010000100010010111000100011
00000010100000010010110000100011
00000010100100010010101000100011
00000100000000010000010000010011
11111100101001000010011000100011
11111100101101000010010000100011
11111100110001000010011110000011
11111110111101000010001000100011
11111100100001000010011110000011
11111110111101000010011000100011
11111100110001000010010100000011
00000000000000000000000000010011
11111110101001000010000000100011
11111100100001000010010100000011
00000000000000000000000000010011
11111100101001000010111000100011
00001110000000000000000001101111
11111110010001000010011110000011
00000000000101111000011110010011
11111110111101000010001000100011
11111110000001000010011110000011
11111111111101111000011110010011
11111110111101000010000000100011
11111110000001000010011100000011
11111101110001000010011110000011
00000000111101110111011001100011
00000000000000000000011110010011
00001100010000000000000001101111
11111110010001000010011110000011
00000000000001111100011110000011
00000000111100000000010100110011
00000000000000000000000000010011
00000000101000000000010010110011
11111100100001000010011110000011
00000000000001111100011110000011
00000000111100000000010100110011
00000000000000000000000000010011
00000000101000000000011110110011
11111010111101001001011011100011
11111110010001000010011110000011
11111110111101000010010000100011
11111100100001000010011110000011
11111110111101000010011000100011
00000011000000000000000001101111
11111110100001000010011110000011
00000000000101111000011110010011
11111110111101000010010000100011
11111110110001000010011110000011
00000000000101111000011110010011
11111110111101000010011000100011
11111110110001000010011110000011
00000000000001111100011110000011
00000000000001111001011001100011
11111110010001000010011110000011
00000101100000000000000001101111
11111110100001000010011110000011
00000000000001111100011110000011
00000000111100000000010100110011
00000000000000000000000000010011
00000000101000000000010010110011
11111110110001000010011110000011
00000000000001111100011110000011
00000000111100000000010100110011
00000000000000000000000000010011
00000000101000000000011110110011
11111010111101001000011011100011
11111110010001000010011110000011
00000000000101111000011110010011
11111110111101000010001000100011
11111110000001000010011110000011
11111111111101111000011110010011
11111110111101000010000000100011
11111110000001000010011100000011
11111101110001000010011110000011
11110100111101110111010011100011
00000000000000000000011110010011
00000000111100000000010100110011
00000011110000010010000010000011
00000011100000010010010000000011
00000011010000010010010010000011
00000100000000010000000100010011
00000000000000001000000001100111
