11111010000000010000000100010011
00000100000100010010111000100011
00000100100000010010110000100011
00000100100100010010101000100011
00000110000000010000010000010011
11111010101001000010111000100011
11111010101101000010110000100011
11111010110001000010101000100011
11111010110101000010100000100011
11111010111001000010011000100011
11111010111101000010010000100011
11111011000001000010001000100011
11111011110001000010011110000011
00000000000001111101011001100011
11111011010001000010011110000011
01100110000001111100011001100011
11111011100001000010011110000011
00000000000001111101011001100011
11111011000001000010011110000011
01100110000001111100001001100011
11111010100001000010011110000011
00000000010001111010011110000011
11111011110001000010011100000011
00000000111101110100101001100011
11111010100001000010011110000011
00000000010001111010011110000011
11111011010001000010011100000011
01100100111101110101011001100011
11111010100001000010011110000011
00000000100001111010011110000011
11111011100001000010011100000011
00000000111101110100101001100011
11111010100001000010011110000011
00000000100001111010011110000011
11111011000001000010011100000011
01100010111101110101101001100011
11111011010001000010011100000011
11111011110001000010011110000011
01000000111101110000011110110011
11111110111101000010000000100011
11111011000001000010011100000011
11111011100001000010011110000011
01000000111101110000011110110011
11111100111101000010111000100011
11111011110001000010011110000011
00000010000001111101010001100011
11111011110001000010011100000011
11111101110001000010011110000011
00000010111101110000011100110011
11111110000001000010011110000011
00000010111101110100011110110011
11111011100001000010011100000011
01000000111101110000011110110011
11111010111101000010110000100011
11111010000001000010111000100011
11111011100001000010011110000011
00000010000001111101010001100011
11111011100001000010011100000011
11111110000001000010011110000011
00000010111101110000011100110011
11111101110001000010011110000011
00000010111101110100011110110011
11111011110001000010011100000011
01000000111101110000011110110011
11111010111101000010111000100011
11111010000001000010110000100011
11111010100001000010011110000011
00000000010001111010011110000011
11111011110001000010011100000011
00000100111101110100000001100011
11111010100001000010011110000011
00000000010001111010011110000011
11111011110001000010011100000011
01000000111101110000011100110011
11111101110001000010011110000011
00000010111101110000011100110011
11111110000001000010011110000011
00000010111101110100011110110011
11111011100001000010011100000011
01000000111101110000011110110011
11111010111101000010110000100011
11111010100001000010011110000011
00000000010001111010011110000011
11111111111101111000011110010011
11111010111101000010111000100011
11111010100001000010011110000011
00000000100001111010011110000011
11111011100001000010011100000011
00000100111101110100000001100011
11111010100001000010011110000011
00000000100001111010011110000011
11111011100001000010011100000011
01000000111101110000011100110011
11111110000001000010011110000011
00000010111101110000011100110011
11111101110001000010011110000011
00000010111101110100011110110011
11111011110001000010011100000011
01000000111101110000011110110011
11111010111101000010111000100011
11111010100001000010011110000011
00000000100001111010011110000011
11111111111101111000011110010011
11111010111101000010110000100011
11111011010001000010011110000011
00000010000001111101010001100011
11111011010001000010011100000011
11111101110001000010011110000011
00000010111101110000011100110011
11111110000001000010011110000011
00000010111101110100011110110011
11111011000001000010011100000011
01000000111101110000011110110011
11111010111101000010100000100011
11111010000001000010101000100011
11111011000001000010011110000011
00000010000001111101010001100011
11111011000001000010011100000011
11111110000001000010011110000011
00000010111101110000011100110011
11111101110001000010011110000011
00000010111101110100011110110011
11111011010001000010011100000011
01000000111101110000011110110011
11111010111101000010101000100011
11111010000001000010100000100011
11111010100001000010011110000011
00000000010001111010011110000011
11111011010001000010011100000011
00000100111101110100000001100011
11111010100001000010011110000011
00000000010001111010011110000011
11111011010001000010011100000011
01000000111101110000011100110011
11111101110001000010011110000011
00000010111101110000011100110011
11111110000001000010011110000011
00000010111101110100011110110011
11111011000001000010011100000011
01000000111101110000011110110011
11111010111101000010100000100011
11111010100001000010011110000011
00000000010001111010011110000011
11111111111101111000011110010011
11111010111101000010101000100011
11111010100001000010011110000011
00000000100001111010011110000011
11111011000001000010011100000011
00000100111101110100000001100011
11111010100001000010011110000011
00000000100001111010011110000011
11111011000001000010011100000011
01000000111101110000011100110011
11111110000001000010011110000011
00000010111101110000011100110011
11111101110001000010011110000011
00000010111101110100011110110011
11111011010001000010011100000011
01000000111101110000011110110011
11111010111101000010101000100011
11111010100001000010011110000011
00000000100001111010011110000011
11111111111101111000011110010011
11111010111101000010100000100011
11111011110001000010011110000011
01000010000001111100101001100011
11111011010001000010011110000011
01000010000001111100011001100011
11111011100001000010011110000011
01000010000001111100011001100011
11111011000001000010011110000011
01000010000001111100001001100011
11111010100001000010011110000011
00000000010001111010011110000011
11111011110001000010011100000011
01000000111101110101111001100011
11111010100001000010011110000011
00000000010001111010011110000011
11111011010001000010011100000011
01000000111101110101011001100011
11111010100001000010011110000011
00000000100001111010011110000011
11111011100001000010011100000011
01000000111101110101001001100011
11111010100001000010011110000011
00000000100001111010011110000011
11111011000001000010011100000011
00111110111101110101101001100011
11111011010001000010011100000011
11111011110001000010011110000011
01000000111101110000011110110011
11111110111101000010000000100011
11111011000001000010011100000011
11111011100001000010011110000011
01000000111101110000011110110011
11111100111101000010111000100011
11111110000001000010011110000011
01000001111101111101011110010011
11111110000001000010011100000011
00000000111001111100011100110011
01000000111101110000011110110011
11111100111101000010110000100011
11111101110001000010011110000011
01000001111101111101011110010011
11111101110001000010011100000011
00000000111001111100011100110011
01000000111101110000011110110011
11111100111101000010101000100011
11111010100001000010011110000011
00000000010001111010011110000011
11111011100001000010011100000011
00000010111101110000011110110011
11111010111101000010110000100011
11111010100001000010011110000011
00000000010001111010011110000011
11111011000001000010011100000011
00000010111101110000011110110011
11111010111101000010100000100011
11111010100001000010011110000011
00000001010001111000011110010011
11111100111101000010100000100011
11111010110001000010011100000011
00000001000000000000011110110111
00000000000001111000011110010011
11111111111101111000011110010011
00000000111101110111011110110011
11111010111101000010011000100011
11111010010001000010010100000011
00000000000000000000000000010011
11111100101001000010011000100011
11111101100001000010011100000011
11111101010001000010011110000011
00011000111001111101010001100011
11111101100001000010011110000011
01000000000101111101011110010011
11111110111101000010001000100011
00000000000100000000011110010011
11111110111101000010011000100011
11111110000001000010011110000011
00000000000001111101100001100011
11111110110001000010011110000011
01000000111100000000011110110011
11111110111101000010011000100011
11111010100001000010011110000011
00000000010001111010011110000011
11111110111101000010010000100011
11111101110001000010011110000011
00001100000001111101011001100011
11111110100001000010011110000011
01000000111100000000011110110011
11111110111101000010010000100011
00001011110000000000000001101111
11111011110001000010011100000011
11111011100001000010011110000011
00000000111101110000011110110011
11111100111101000010010000100011
11111100110001000010011110000011
00000100000001111000001001100011
11111100100001000010011110000011
00000000001001111001011110010011
11111101000001000010011100000011
00000000111101110000011110110011
00000000000001111010011010000011
11111100100001000010011110000011
00000000001001111001011110010011
11111101000001000010011100000011
00000000111101110000010010110011
11111100110001000010011110000011
00000000110100000000010110110011
11111010110001000010010100000011
00000000000001111000000011100111
00000000101000000000011110110011
00000000111101001010000000100011
00000001110000000000000001101111
11111100100001000010011110000011
00000000001001111001011110010011
11111101000001000010011100000011
00000000111101110000011110110011
11111010110001000010011100000011
00000000111001111010000000100011
11111011110001000010011100000011
11111110110001000010011110000011
00000000111101110000011110110011
11111010111101000010111000100011
11111110010001000010011100000011
11111101010001000010011110000011
01000000111101110000011110110011
11111110111101000010001000100011
11111110010001000010011110000011
00000010111100000100001001100011
11111011100001000010011100000011
11111110100001000010011110000011
00000000111101110000011110110011
11111010111101000010110000100011
11111110010001000010011100000011
11111101100001000010011110000011
00000000111101110000011110110011
11111110111101000010001000100011
11111011110001000010011100000011
11111011010001000010011110000011
11110100111101110001000011100011
11111011010001000010011100000011
11111011000001000010011110000011
00000000111101110000011110110011
11111100111101000010010000100011
11111100110001000010011110000011
00000100000001111000001001100011
11111100100001000010011110000011
00000000001001111001011110010011
11111101000001000010011100000011
00000000111101110000011110110011
00000000000001111010011010000011
11111100100001000010011110000011
00000000001001111001011110010011
11111101000001000010011100000011
00000000111101110000010010110011
11111100110001000010011110000011
00000000110100000000010110110011
11111010110001000010010100000011
00000000000001111000000011100111
00000000101000000000011110110011
00000000111101001010000000100011
00011101110000000000000001101111
11111100100001000010011110000011
00000000001001111001011110010011
11111101000001000010011100000011
00000000111101110000011110110011
11111010110001000010011100000011
00000000111001111010000000100011
00011100000000000000000001101111
11111101010001000010011110000011
01000000000101111101011110010011
11111110111101000010001000100011
00000000000100000000011110010011
11111110111101000010011000100011
11111110000001000010011110000011
00000000000001111101011001100011
11111111111100000000011110010011
11111110111101000010011000100011
11111010100001000010011110000011
00000000010001111010011110000011
11111110111101000010010000100011
11111101110001000010011110000011
00001100000001111101011001100011
11111110100001000010011110000011
01000000111100000000011110110011
11111110111101000010010000100011
00001011110000000000000001101111
11111011110001000010011100000011
11111011100001000010011110000011
00000000111101110000011110110011
11111100111101000010010000100011
11111100110001000010011110000011
00000100000001111000001001100011
11111100100001000010011110000011
00000000001001111001011110010011
11111101000001000010011100000011
00000000111101110000011110110011
00000000000001111010011010000011
11111100100001000010011110000011
00000000001001111001011110010011
11111101000001000010011100000011
00000000111101110000010010110011
11111100110001000010011110000011
00000000110100000000010110110011
11111010110001000010010100000011
00000000000001111000000011100111
00000000101000000000011110110011
00000000111101001010000000100011
00000001110000000000000001101111
11111100100001000010011110000011
00000000001001111001011110010011
11111101000001000010011100000011
00000000111101110000011110110011
11111010110001000010011100000011
00000000111001111010000000100011
11111011100001000010011100000011
11111110100001000010011110000011
00000000111101110000011110110011
11111010111101000010110000100011
11111110010001000010011100000011
11111101100001000010011110000011
01000000111101110000011110110011
11111110111101000010001000100011
11111110010001000010011110000011
00000010111100000100001001100011
11111011110001000010011100000011
11111110110001000010011110000011
00000000111101110000011110110011
11111010111101000010111000100011
11111110010001000010011100000011
11111101010001000010011110000011
00000000111101110000011110110011
11111110111101000010001000100011
11111011100001000010011100000011
11111011000001000010011110000011
11110100111101110001000011100011
11111011010001000010011100000011
11111011000001000010011110000011
00000000111101110000011110110011
11111100111101000010010000100011
11111100110001000010011110000011
00000100000001111000001001100011
11111100100001000010011110000011
00000000001001111001011110010011
11111101000001000010011100000011
00000000111101110000011110110011
00000000000001111010011010000011
11111100100001000010011110000011
00000000001001111001011110010011
11111101000001000010011100000011
00000000111101110000010010110011
11111100110001000010011110000011
00000000110100000000010110110011
11111010110001000010010100000011
00000000000001111000000011100111
00000000101000000000011110110011
00000000111101001010000000100011
00000101110000000000000001101111
11111100100001000010011110000011
00000000001001111001011110010011
11111101000001000010011100000011
00000000111101110000011110110011
11111010110001000010011100000011
00000000111001111010000000100011
00000100000000000000000001101111
00000000000000000000000000010011
00000011100000000000000001101111
00000000000000000000000000010011
00000011000000000000000001101111
00000000000000000000000000010011
00000010100000000000000001101111
00000000000000000000000000010011
00000010000000000000000001101111
00000000000000000000000000010011
00000001100000000000000001101111
00000000000000000000000000010011
00000001000000000000000001101111
00000000000000000000000000010011
00000000100000000000000001101111
00000000000000000000000000010011
00000101110000010010000010000011
00000101100000010010010000000011
00000101010000010010010010000011
00000110000000010000000100010011
00000000000000001000000001100111
11111100000000010000000100010011
00000010000100010010111000100011
00000010100000010010110000100011
00000100000000010000010000010011
11111100101001000010111000100011
11111100101101000010110000100011
11111100110001000010101000100011
11111100110101000010100000100011
11111100111001000010011000100011
11111100111101000010010000100011
11111101000001000010001000100011
11111101010001000010011110000011
00011100111100000101100001100011
11111101000001000010011110000011
00011100111100000101100001100011
11111100100001000010011110000011
00011100000001111000100001100011
11111101110001000010011110000011
00000010000001111101001001100011
11111101010001000010011100000011
11111101110001000010011110000011
00000000111101110000011110110011
11111100111101000010101000100011
11111101010001000010011110000011
00011010111100000101110001100011
11111100000001000010111000100011
00000001010000000000000001101111
11111100100001000010011110000011
00000000010001111010011110000011
11111101110001000010011100000011
00011010111101110101010001100011
11111101100001000010011110000011
00000010000001111101001001100011
11111101000001000010011100000011
11111101100001000010011110000011
00000000111101110000011110110011
11111100111101000010100000100011
11111101000001000010011110000011
00011000111100000101100001100011
11111100000001000010110000100011
00000001010000000000000001101111
11111100100001000010011110000011
00000000100001111010011110000011
11111101100001000010011100000011
00011000111101110101000001100011
11111101110001000010011100000011
11111101010001000010011110000011
00000000111101110000011100110011
11111100100001000010011110000011
00000000010001111010011110000011
00000000111001111101110001100011
11111100100001000010011110000011
00000000010001111010011100000011
11111101110001000010011110000011
01000000111101110000011110110011
11111100111101000010101000100011
11111101100001000010011100000011
11111101000001000010011110000011
00000000111101110000011100110011
11111100100001000010011110000011
00000000100001111010011110000011
00000000111001111101110001100011
11111100100001000010011110000011
00000000100001111010011100000011
11111101100001000010011110000011
01000000111101110000011110110011
11111100111101000010100000100011
11111100100001000010011110000011
00000001010001111000011100010011
11111100100001000010011110000011
00000000010001111010011010000011
11111101100001000010011110000011
00000010111101101000011010110011
11111101110001000010011110000011
00000000111101101000011110110011
00000000001001111001011110010011
00000000111101110000011110110011
11111110111101000010011000100011
11111100110001000010011100000011
00000001000000000000011110110111
00000000000001111000011110010011
11111111111101111000011110010011
00000000111101110111011110110011
11111100111101000010011000100011
11111100010001000010010100000011
00000000000000000000000000010011
11111110101001000010010000100011
00001000110000000000000001101111
11111100000001000010111000100011
00000101100000000000000001101111
11111110100001000010011110000011
00000010000001111000011001100011
11111110110001000010011110000011
00000000000001111010011110000011
11111110100001000010011100000011
00000000111100000000010110110011
11111100110001000010010100000011
00000000000001110000000011100111
00000000101000000000011100110011
11111110110001000010011110000011
00000000111001111010000000100011
00000001000000000000000001101111
11111110110001000010011110000011
11111100110001000010011100000011
00000000111001111010000000100011
11111110110001000010011110000011
00000000010001111000011110010011
11111110111101000010011000100011
11111101110001000010011110000011
00000000000101111000011110010011
11111100111101000010111000100011
11111101110001000010011100000011
11111101010001000010011110000011
11111010111101110100001011100011
11111100100001000010011110000011
00000000010001111010011100000011
11111101010001000010011110000011
01000000111101110000011110110011
00000000001001111001011110010011
11111110110001000010011100000011
00000000111101110000011110110011
11111110111101000010011000100011
11111101000001000010011110000011
11111111111101111000011110010011
11111100111101000010100000100011
11111101000001000010011110000011
11110110000001111101010011100011
00000011100000000000000001101111
00000000000000000000000000010011
00000011000000000000000001101111
00000000000000000000000000010011
00000010100000000000000001101111
00000000000000000000000000010011
00000010000000000000000001101111
00000000000000000000000000010011
00000001100000000000000001101111
00000000000000000000000000010011
00000001000000000000000001101111
00000000000000000000000000010011
00000000100000000000000001101111
00000000000000000000000000010011
00000011110000010010000010000011
00000011100000010010010000000011
00000100000000010000000100010011
00000000000000001000000001100111
11111100000000010000000100010011
00000010000100010010111000100011
00000010100000010010110000100011
00000100000000010000010000010011
11111100101001000010111000100011
11111100101101000010110000100011
11111100110001000010101000100011
11111100110101000010100000100011
11111100111001000010011000100011
11111101000001000010011110000011
00000000010001111010011110000011
00000000111100000000011100110011
11111101110001000010011110000011
00001010111101110110101001100011
11111101000001000010011110000011
00000000100001111010011110000011
00000000111100000000011100110011
11111101100001000010011110000011
00001010111101110110000001100011
11111101000001000010011110000011
00000000010001111010011110000011
00000000111100000000011100110011
11111101100001000010011110000011
00000010111101110000011100110011
11111101110001000010011110000011
00000000111101110000011110110011
11111110111101000010011000100011
11111101000001000010011110000011
00000001010001111000011100010011
11111110110001000010011110000011
00000000001001111001011110010011
00000000111101110000011110110011
11111110111101000010010000100011
11111101010001000010011100000011
00000001000000000000011110110111
00000000000001111000011110010011
11111111111101111000011110010011
00000000111101110111011110110011
11111100111101000010101000100011
11111100110001000010010100000011
00000000000000000000000000010011
11111110101001000010001000100011
11111110010001000010011110000011
00000010000001111000011001100011
11111110100001000010011110000011
00000000000001111010011110000011
11111110010001000010011100000011
00000000111100000000010110110011
11111101010001000010010100000011
00000000000001110000000011100111
00000000101000000000011100110011
11111110100001000010011110000011
00000000111001111010000000100011
00000001100000000000000001101111
11111110100001000010011110000011
11111101010001000010011100000011
00000000111001111010000000100011
00000000100000000000000001101111
00000000000000000000000000010011
00000011110000010010000010000011
00000011100000010010010000000011
00000100000000010000000100010011
00000000000000001000000001100111
