10111101000000010000000100010011
01000010000100010010011000100011
01000010100000010010010000100011
01000011000000010000010000010011
10111100101001000010111000100011
00000000101100000000011110110011
10111100111101000001110100100011
11111110010001000000011110010011
00000000111100000000010100110011
00000000000000000000000000010011
00000000101000000000011110110011
00000000000001111101110001100011
00010000000000010000011110110111
00000000000001111000010100010011
00000000000000000000000000010011
00000000000000000000011110010011
00001111000000000000000001101111
11111110010001000010011110000011
11111110111101000010011000100011
00001100110000000000000001101111
11111110110001000010011110000011
00000000110001111010011110000011
00001010000001111000100001100011
11111110110001000010011110000011
00000000110001111010010100000011
10111110000001000000011000010011
00000000000100000000100000010011
00000000000000000000011110010011
00000000000000000000011100010011
01000000000100000000011010010011
00000001110000000000010110010011
00000000000000000000000000010011
11111110101001000010010000100011
11111110110001000010011110000011
00000000010001111010011110000011
10111101110001000010010110000011
00000000111100000000010100110011
00000000000000000000000000010011
00000000101000000000011110110011
00000110000001111001100001100011
11111110110001000010011110000011
00000000110001111010011110000011
00000000000001111101011110000011
10111101101001000101011100000011
00000100111101110001111001100011
11111110010001000010011110000011
00000000111100000000010100110011
00000000000000000000000000010011
11111110100001000010011110000011
00000010000001111000010001100011
11111110100001000010010100000011
00000000000000000000000000010011
00000000101000000000011110110011
00000000111100000000010110110011
00010000000000010000011110110111
00000000110001111000010100010011
00000000000000000000000000010011
00000000000000000000011110010011
00000100100000000000000001101111
10111110000001000000011110010011
00000000111100000000010110110011
00010000000000010000011110110111
00000001110001111000010100010011
00000000000000000000000000010011
00000000101000000000011110110011
00000010110000000000000001101111
00000000000000000000000000010011
11111110110001000010011110000011
00000000000001111010011110000011
11111110111101000010011000100011
11111110110001000010011110000011
11110010000001111001101011100011
11111110010001000010011110000011
00000000111100000000010100110011
00000000000000000000000000010011
00000000000000000000011110010011
00000000111100000000010100110011
01000010110000010010000010000011
01000010100000010010010000000011
01000011000000010000000100010011
00000000000000001000000001100111
11111110000000010000000100010011
00000000000100010010111000100011
00000000100000010010110000100011
00000010000000010000010000010011
11111110101001000010011000100011
00000000001000000000010110010011
11111110110001000010010100000011
00000000000000000000000000010011
00000000101000000000011110110011
00000000111100000000010100110011
00000001110000010010000010000011
00000001100000010010010000000011
00000010000000010000000100010011
00000000000000001000000001100111
11111110000000010000000100010011
00000000000100010010111000100011
00000000100000010010110000100011
00000010000000010000010000010011
11111110101001000010011000100011
00000000101000000000010110010011
11111110110001000010010100000011
00000000000000000000000000010011
00000000101000000000011110110011
00000000111100000000010100110011
00000001110000010010000010000011
00000001100000010010010000000011
00000010000000010000000100010011
00000000000000001000000001100111
