11111110000000010000000100010011
00000000100000010010111000100011
00000010000000010000010000010011
11111110101001000010011000100011
11111110110001000010011100000011
00000000000111101000011110110111
00000000000001111000011110010011
01001000000001111000011110010011
00110010111101110000111001100011
11111110110001000010011100000011
00000000000111101000011110110111
00000000000001111000011110010011
01001000000001111000011110010011
00110010111001111110100001100011
11111110110001000010011100000011
00000000000101101110011110110111
00000000000001111000011110010011
00110110000001111000011110010011
00110000111101110000011001100011
11111110110001000010011100000011
00000000000101101110011110110111
00000000000001111000011110010011
00110110000001111000011110010011
00110000111001111110010001100011
11111110110001000010011100000011
00000000000011110100011110110111
00000000000001111000011110010011
00100100000001111000011110010011
00101100111101110000111001100011
11111110110001000010011100000011
00000000000011110100011110110111
00000000000001111000011110010011
00100100000001111000011110010011
00101110111001111110000001100011
11111110110001000010011100000011
00000000000011100001011110110111
00000000000001111000011110010011
00101010111101110000100001100011
11111110110001000010011100000011
00000000000011100001011110110111
00000000000001111000011110010011
00101100111001111110000001100011
11111110110001000010011100000011
00000000000010001101011110110111
00000000000001111000011110010011
10100000000001111000011110010011
00101000111101110000001001100011
11111110110001000010011100000011
00000000000010001101011110110111
00000000000001111000011110010011
10100000000001111000011110010011
00101000111001111110110001100011
11111110110001000010011100000011
00000000000001111010011110110111
00000000000001111000011110010011
00010010000001111000011110010011
00100100111101110000101001100011
11111110110001000010011100000011
00000000000001111010011110110111
00000000000001111000011110010011
00010010000001111000011110010011
00100110111001111110100001100011
11111110110001000010011100000011
00000000000001110001011110110111
00000000000001111000011110010011
10000000000001111000011110010011
00100010111101110000001001100011
11111110110001000010011100000011
00000000000001110001011110110111
00000000000001111000011110010011
10000000000001111000011110010011
00100100111001111110010001100011
11111110110001000010011100000011
00000000000000111111011110110111
00000000000001111000011110010011
10000000000001111000011110010011
00011110111101110000101001100011
11111110110001000010011100000011
00000000000000111111011110110111
00000000000001111000011110010011
10000000000001111000011110010011
00100010111001111110000001100011
11111110110001000010011100000011
00000000000000111000011110110111
00000000000001111000011110010011
01000000000001111000011110010011
00011100111101110000001001100011
11111110110001000010011100000011
00000000000000111000011110110111
00000000000001111000011110010011
01000000000001111000011110010011
00011110111001111110110001100011
11111110110001000010011100000011
00000000000000011111011110110111
00000000000001111000011110010011
01000000000001111000011110010011
00011000111101110000101001100011
11111110110001000010011100000011
00000000000000011111011110110111
00000000000001111000011110010011
01000000000001111000011110010011
00011100111001111110100001100011
11111110110001000010011100000011
00000000000000011100011110110111
00000000000001111000011110010011
00100000000001111000011110010011
00010110111101110000001001100011
11111110110001000010011100000011
00000000000000011100011110110111
00000000000001111000011110010011
00100000000001111000011110010011
00011010111001111110010001100011
11111110110001000010011100000011
00000000000000001110011110110111
00000000000001111000011110010011
00010000000001111000011110010011
00010010111101110000101001100011
11111110110001000010011100000011
00000000000000001110011110110111
00000000000001111000011110010011
00010000000001111000011110010011
00011000111001111110000001100011
11111110110001000010011100000011
00000000000000001001011110110111
00000000000001111000011110010011
01100000000001111000011110010011
00010000111101110000001001100011
11111110110001000010011100000011
00000000000000001001011110110111
00000000000001111000011110010011
01100000000001111000011110010011
00010100111001111110110001100011
11111110110001000010011100000011
00000000000000000101011110110111
00000000000001111000011110010011
10110000000001111000011110010011
00001100111101110000101001100011
11111110110001000010011100000011
00000000000000000101011110110111
00000000000001111000011110010011
10110000000001111000011110010011
00010010111001111110100001100011
11111110110001000010011100000011
00000000000000000010011110110111
00000000000001111000011110010011
01011000000001111000011110010011
00001010111101110000001001100011
11111110110001000010011100000011
00000000000000000010011110110111
00000000000001111000011110010011
01011000000001111000011110010011
00010000111001111110010001100011
11111110110001000010011100000011
00000000000000000001011110110111
00000000000001111000011110010011
00101100000001111000011110010011
00000110111101110000101001100011
11111110110001000010011100000011
00000000000000000001011110110111
00000000000001111000011110010011
00101100000001111000011110010011
00001110111001111110000001100011
11111110110001000010011100000011
00000000000000000001011110110111
00000000000001111000011110010011
10010110000001111000011110010011
00000100111101110000001001100011
11111110110001000010011100000011
00000000000000000001011110110111
00000000000001111000011110010011
10010110000001111000011110010011
00001010111001111110110001100011
11111110110001000010011100000011
01001011000000000000011110010011
00000000111101110000101001100011
11111110110001000010011100000011
01110000100000000000011110010011
00000000111101110000100001100011
00001001110000000000000001101111
00000000000000000000011110010011
00001001100000000000000001101111
00000000000100000000011110010011
00001001000000000000000001101111
00000000001000000000011110010011
00001000100000000000000001101111
00000000001100000000011110010011
00001000000000000000000001101111
00000000010000000000011110010011
00000111100000000000000001101111
00000000010100000000011110010011
00000111000000000000000001101111
00000000011000000000011110010011
00000110100000000000000001101111
00000000011100000000011110010011
00000110000000000000000001101111
00000000100000000000011110010011
00000101100000000000000001101111
00000000100100000000011110010011
00000101000000000000000001101111
00000000101000000000011110010011
00000100100000000000000001101111
00000000101100000000011110010011
00000100000000000000000001101111
00000000110000000000011110010011
00000011100000000000000001101111
00000000110100000000011110010011
00000011000000000000000001101111
00000000111000000000011110010011
00000010100000000000000001101111
00000000111100000000011110010011
00000010000000000000000001101111
00000001000000000000011110010011
00000001100000000000000001101111
00000001000100000000011110010011
00000001000000000000000001101111
00000001001000000000011110010011
00000000100000000000000001101111
00000001001100000000011110010011
00000000111100000000010100110011
00000001110000010010010000000011
00000010000000010000000100010011
00000000000000001000000001100111
11111110000000010000000100010011
00000000100000010010111000100011
00000010000000010000010000010011
11111110101001000010011000100011
11111110110001000010011100000011
00000001001000000000011110010011
00010010111001111110111001100011
11111110110001000010011110000011
00000000001001111001011100010011
00010000000000010000011110110111
00000000000001111000011110010011
00000000111101110000011110110011
00000000000001111010011110000011
00000000000001111000000001100111
01001011000000000000011110010011
00010001110000000000000001101111
01110000100000000000011110010011
00010001010000000000000001101111
00000000000000000001011110110111
00000000000001111000011110010011
10010110000001111000011110010011
00010000010000000000000001101111
00000000000000000001011110110111
00000000000001111000011110010011
00101100000001111000011110010011
00001111010000000000000001101111
00000000000000000010011110110111
00000000000001111000011110010011
01011000000001111000011110010011
00001110010000000000000001101111
00000000000000000101011110110111
00000000000001111000011110010011
10110000000001111000011110010011
00001101010000000000000001101111
00000000000000001001011110110111
00000000000001111000011110010011
01100000000001111000011110010011
00001100010000000000000001101111
00000000000000001110011110110111
00000000000001111000011110010011
00010000000001111000011110010011
00001011010000000000000001101111
00000000000000011100011110110111
00000000000001111000011110010011
00100000000001111000011110010011
00001010010000000000000001101111
00000000000000011111011110110111
00000000000001111000011110010011
01000000000001111000011110010011
00001001010000000000000001101111
00000000000000111000011110110111
00000000000001111000011110010011
01000000000001111000011110010011
00001000010000000000000001101111
00000000000000111111011110110111
00000000000001111000011110010011
10000000000001111000011110010011
00000111010000000000000001101111
00000000000001110001011110110111
00000000000001111000011110010011
10000000000001111000011110010011
00000110010000000000000001101111
00000000000001111010011110110111
00000000000001111000011110010011
00010010000001111000011110010011
00000101010000000000000001101111
00000000000010001101011110110111
00000000000001111000011110010011
10100000000001111000011110010011
00000100010000000000000001101111
00000000000011100001011110110111
00000000000001111000011110010011
00000011100000000000000001101111
00000000000011110100011110110111
00000000000001111000011110010011
00100100000001111000011110010011
00000010100000000000000001101111
00000000000101101110011110110111
00000000000001111000011110010011
00110110000001111000011110010011
00000001100000000000000001101111
00000000000111101000011110110111
00000000000001111000011110010011
01001000000001111000011110010011
00000000100000000000000001101111
00000000000000000000011110010011
00000000111100000000010100110011
00000001110000010010010000000011
00000010000000010000000100010011
00000000000000001000000001100111
11111110000000010000000100010011
00000000100000010010111000100011
00000010000000010000010000010011
11111110101001000010011000100011
11111110110001000010011110000011
00000000000001111001011001100011
00000000010000000000011110010011
00000110010000000000000001101111
11111110110001000010011110000011
00000000000001111100011110000011
00000011100000000000011100010011
00000100111001111000010001100011
00000011100000000000011100010011
00000100111101110100010001100011
00000011011100000000011100010011
00000010111001111000100001100011
00000011011100000000011100010011
00000010111101110100110001100011
00000011010100000000011100010011
00000000111001111000100001100011
00000011011000000000011100010011
00000000111001111000100001100011
00000010010000000000000001101111
00000000000000000000011110010011
00000010000000000000000001101111
00000000000100000000011110010011
00000001100000000000000001101111
00000000001000000000011110010011
00000001000000000000000001101111
00000000001100000000011110010011
00000000100000000000000001101111
00000000010000000000011110010011
00000000111100000000010100110011
00000001110000010010010000000011
00000010000000010000000100010011
00000000000000001000000001100111
11111110000000010000000100010011
00000000100000010010111000100011
00000010000000010000010000010011
11111110101001000010011000100011
11111110110001000010011100000011
00000000001100000000011110010011
00000100111101110000110001100011
11111110110001000010011100000011
00000000001100000000011110010011
00000100111001111110101001100011
11111110110001000010011100000011
00000000001000000000011110010011
00000010111101110000110001100011
11111110110001000010011100000011
00000000001000000000011110010011
00000010111001111110111001100011
11111110110001000010011110000011
00000000000001111000101001100011
11111110110001000010011100000011
00000000000100000000011110010011
00000000111101110000100001100011
00000010010000000000000001101111
00000000010100000000011110010011
00000010000000000000000001101111
00000000011000000000011110010011
00000001100000000000000001101111
00000000011100000000011110010011
00000001000000000000000001101111
00000000100000000000011110010011
00000000100000000000000001101111
00000000000000000000011110010011
00000000111100000000010100110011
00000001110000010010010000000011
00000010000000010000000100010011
00000000000000001000000001100111
11111110000000010000000100010011
00000000100000010010111000100011
00000010000000010000010000010011
11111110101001000010011000100011
11111110110001000010011110000011
00000000000001111000100001100011
11111110110001000010011110000011
00000000000001111100011110000011
00000000000001111001011001100011
00000000001100000000011110010011
00000101000000000000000001101111
11111110110001000010011110000011
00000000000101111000011110010011
00000000000001111100011110000011
11111011101101111000011110010011
00000010101000000000011100010011
00000010111101110110101001100011
00000000001001111001011100010011
00010000000000010000011110110111
00000100110001111000011110010011
00000000111101110000011110110011
00000000000001111010011110000011
00000000000001111000000001100111
00000000000000000000011110010011
00000001100000000000000001101111
00000000000100000000011110010011
00000001000000000000000001101111
00000000001000000000011110010011
00000000100000000000000001101111
00000000001100000000011110010011
00000000111100000000010100110011
00000001110000010010010000000011
00000010000000010000000100010011
00000000000000001000000001100111
11111110000000010000000100010011
00000000100000010010111000100011
00000010000000010000010000010011
11111110101001000010011000100011
11111110110001000010011100000011
00000000001000000000011110010011
00000010111101110000110001100011
11111110110001000010011100000011
00000000001000000000011110010011
00000010111001111110101001100011
11111110110001000010011110000011
00000000000001111000101001100011
11111110110001000010011100000011
00000000000100000000011110010011
00000000111101110000100001100011
00000001110000000000000001101111
00000100111000000000011110010011
00000001100000000000000001101111
00000100010100000000011110010011
00000001000000000000000001101111
00000100111100000000011110010011
00000000100000000000000001101111
00000010000000000000011110010011
00000000111100000000010100110011
00000001110000010010010000000011
00000010000000010000000100010011
00000000000000001000000001100111
11111110000000010000000100010011
00000000100000010010111000100011
00000010000000010000010000010011
11111110101001000010011000100011
11111110110001000010011110000011
00000010000001111000000001100011
11111110110001000010011110000011
00000000000001111100011110000011
00000000000001111000101001100011
11111110110001000010011110000011
00000000000101111000011110010011
00000000000001111100011110000011
00000000000001111001011001100011
00000000001000000000011110010011
00000011100000000000000001101111
11111110110001000010011110000011
00000000001001111000011110010011
00000000000001111100011110000011
00000011000100000000011100010011
00000000111001111000100001100011
00000011001000000000011100010011
00000000111001111000100001100011
00000001010000000000000001101111
00000000000000000000011110010011
00000001000000000000000001101111
00000000000100000000011110010011
00000000100000000000000001101111
00000000001000000000011110010011
00000000111100000000010100110011
00000001110000010010010000000011
00000010000000010000000100010011
00000000000000001000000001100111
11111110000000010000000100010011
00000000100000010010111000100011
00000010000000010000010000010011
11111110101001000010011000100011
11111110110001000010011110000011
00000000000001111000101001100011
11111110110001000010011100000011
00000000000100000000011110010011
00000000111101110000100001100011
00000001010000000000000001101111
00000000000100000000011110010011
00000001000000000000000001101111
00000000001000000000011110010011
00000000100000000000000001101111
00000000000000000000011110010011
00000000111100000000010100110011
00000001110000010010010000000011
00000010000000010000000100010011
00000000000000001000000001100111
