11111110000000010000000100010011
00000000100000010010111000100011
00000010000000010000010000010011
00010010001101000101011110110111
00000000000001111000011110010011
01100111100001111000011110010011
11111110111101000010011000100011
11111110110001000000011110010011
00000000000001111100011110000011
11111000100001111000011110010011
00000000000101111011011110010011
00001111111101111111011110010011
00000000111100000000010100110011
00000001110000010010010000000011
00000010000000010000000100010011
00000000000000001000000001100111
11111110000000010000000100010011
00000000000100010010111000100011
00000000100000010010110000100011
00000010000000010000010000010011
11111110101001000010011000100011
00000000000000000000000000010011
00000000101000000000011110110011
00000100000001111000100001100011
11111110110001000010011110000011
00000001100001111101011100010011
11111110110001000010011110000011
00000000100001111101011010010011
00000000000000010000011110110111
00000000000001111000011110010011
11110000000001111000011110010011
00000000111101101111011110110011
00000000111101110110011100110011
11111110110001000010011110000011
00000000100001111001011010010011
00000000111111110000011110110111
00000000000001111000011110010011
00000000111101101111011110110011
00000000111101110110011100110011
11111110110001000010011110000011
00000001100001111001011110010011
00000000111101110110011110110011
00000000100000000000000001101111
11111110110001000010011110000011
00000000111100000000010100110011
00000001110000010010000010000011
00000001100000010010010000000011
00000010000000010000000100010011
00000000000000001000000001100111
11111110000000010000000100010011
00000000000100010010111000100011
00000000100000010010110000100011
00000010000000010000010000010011
11111110101001000010011000100011
00000000000000000000000000010011
00000000101000000000011110110011
00000100000001111001100001100011
11111110110001000010011110000011
00000001100001111101011100010011
11111110110001000010011110000011
00000000100001111101011010010011
00000000000000010000011110110111
00000000000001111000011110010011
11110000000001111000011110010011
00000000111101101111011110110011
00000000111101110110011100110011
11111110110001000010011110000011
00000000100001111001011010010011
00000000111111110000011110110111
00000000000001111000011110010011
00000000111101101111011110110011
00000000111101110110011100110011
11111110110001000010011110000011
00000001100001111001011110010011
00000000111101110110011110110011
00000000100000000000000001101111
11111110110001000010011110000011
00000000111100000000010100110011
00000001110000010010000010000011
00000001100000010010010000000011
00000010000000010000000100010011
00000000000000001000000001100111
11111110000000010000000100010011
00000000000100010010111000100011
00000000100000010010110000100011
00000010000000010000010000010011
11111110101001000010011000100011
11111110101101000010010000100011
11111110100001000010011110000011
00000010000001111000000001100011
11111110110001000010011010000011
00000000011100000000011000010011
00000000000100000000010110010011
00010000000000010000011110110111
00000000000001111000010100010011
00000000000000000000000000010011
00000001110000000000000001101111
11111110110001000010011010000011
00000000001100000000011000010011
00000000000100000000010110010011
00010000000000010000011110110111
00000000100001111000010100010011
00000000000000000000000000010011
00000000000000000000000000010011
00000001110000010010000010000011
00000001100000010010010000000011
00000010000000010000000100010011
00000000000000001000000001100111
