11111111000000010000000100010011
00000000000100010010011000100011
00000000100000010010010000100011
00000001000000010000010000010011
00000000000100000000010110010011
00000111000000000000010100010011
00000000000000000000000000010011
00000000101000000000011110110011
00000000111100000000010100110011
00000000110000010010000010000011
00000000100000010010010000000011
00000001000000010000000100010011
00000000000000001000000001100111
11111101000000010000000100010011
00000010000100010010011000100011
00000010100000010010010000100011
00000011000000010000010000010011
11111100101001000010111000100011
11111100101101000010110000100011
00000000110000000000011110110011
11111100111101000000101110100011
11111101110001000010011110000011
11111110111101000010011000100011
11111101011101000100011110000011
00000100000001111000111001100011
11111101100001000010011110000011
00000000000001111100011100000011
00000010110100000000011110010011
00000010111101110001001001100011
11111101100001000010011110000011
00000000000101111000011110010011
00000000000001111100011110000011
00000000000001111001101001100011
11111110110001000010011110000011
00000000000100000000011100010011
00000000111001111010000000100011
00000010000000000000000001101111
00011010010000000000011000010011
00100100000100000000010110010011
11111101100001000010010100000011
00000000000000000000000000010011
00000000101000000000011100110011
11111110110001000010011110000011
00000000111001111010000000100011
11111110110001000010011110000011
00000010000001111010110000100011
00000110110000000000000001101111
11111101100001000010011110000011
00000000000001111100011100000011
00000010110100000000011110010011
00000010111101110001000001100011
11111101100001000010011110000011
00000000000101111000011110010011
00000000000001111100011110000011
00000000000001111001100001100011
11111110110001000010011110000011
00000000000001111010000000100011
00000100000000000000000001101111
11111110110001000010011110000011
00000000100001111000011110010011
00000000111100000000010110110011
11111101100001000010010100000011
00000000000000000000000000010011
00000000101000000000011110110011
00000000000001111000011001100011
00000000001000000000011110010011
00000011110000000000000001101111
00000000000000000000010110010011
11111101100001000010010100000011
00000000000000000000000000010011
00000000101000000000011100110011
11111110110001000010011110000011
00000000111001111010000000100011
11111110110001000010011110000011
11111101011101000100011100000011
00000000111001111000001000100011
11111110110001000010011110000011
00000000000001111010011110000011
00000000000101111000011110010011
00000000000101111011011110010011
00001111111101111111011110010011
00000000111100000000010100110011
00000010110000010010000010000011
00000010100000010010010000000011
00000011000000010000000100010011
00000000000000001000000001100111
11111101000000010000000100010011
00000010000100010010011000100011
00000010100000010010010000100011
00000011000000010000010000010011
11111100101001000010111000100011
11111101110001000010011110000011
11111110111101000010011000100011
11111110110001000010011110000011
00000000000001111010011110000011
00000000000001111000101001100011
11111110110001000010011110000011
00000000000001111010011110000011
00000000111100000000010100110011
00000000000000000000000000010011
11111110110001000010010100000011
00000000000000000000000000010011
00000000000000000000011110010011
00000000111100000000010100110011
00000010110000010010000010000011
00000010100000010010010000000011
00000011000000010000000100010011
00000000000000001000000001100111
11111101000000010000000100010011
00000010100000010010011000100011
00000011000000010000010000010011
11111100101001000010111000100011
11111101110001000010011110000011
11111110111101000010011000100011
11111110110001000010011110000011
00000011100001111010011110000011
00000000111100000000010100110011
00000010110000010010010000000011
00000011000000010000000100010011
00000000000000001000000001100111
11111101000000010000000100010011
00000010000100010010011000100011
00000010100000010010010000100011
00000011000000010000010000010011
11111100101001000010111000100011
11111100101101000010110000100011
11111100110001000010101000100011
11111101110001000010011110000011
11111110111101000010001000100011
11111101010001000010011110000011
00000000000001111010011110000011
11111110111101000010011000100011
11111101100001000010011110000011
11111110111101000010010000100011
11111110010001000010011110000011
00000000010001111100011110000011
00001000000001111000000001100011
00000000001100000000011110010011
00001001110000000000000001101111
11111110010001000010011110000011
00000000000001111010011110000011
11111110110001000010011000000011
11111110100001000010010110000011
00000000111100000000010100110011
00000000000000000000000000010011
11111110101001000010000000100011
11111110000001000010011110000011
00000010000001111001001001100011
11111101010001000010011110000011
00000000000001111010011110000011
11111110110001000010011100000011
00000000111101110001101001100011
11111101010001000010011110000011
00000000000001111010000000100011
00000000000000000000011110010011
00000101100000000000000001101111
11111110000001000010011110000011
00000000111100000100011001100011
00000000000100000000011110010011
00000100100000000000000001101111
11111110000001000010011110000011
11111110110001000010011100000011
01000000111101110000011110110011
11111110111101000010011000100011
11111110000001000010011110000011
11111110100001000010011100000011
00000000111101110000011110110011
11111110111101000010010000100011
11111110110001000010011110000011
11111000000001111001010011100011
11111101010001000010011110000011
00000000000001111010011100000011
11111110110001000010011110000011
01000000111101110000011100110011
11111101010001000010011110000011
00000000111001111010000000100011
00000000000000000000011110010011
00000000111100000000010100110011
00000010110000010010000010000011
00000010100000010010010000000011
00000011000000010000000100010011
00000000000000001000000001100111
11111101000000010000000100010011
00000010000100010010011000100011
00000010100000010010010000100011
00000011000000010000010000010011
11111100101001000010111000100011
11111100101101000010110000100011
11111100110001000010101000100011
11111101110001000010011110000011
11111110111101000010010000100011
11111101100001000010011110000011
11111110111101000010011000100011
11111110100001000010011110000011
00000000010001111100011110000011
00000110000001111001100001100011
00000000010000000000011110010011
00000111010000000000000001101111
11111110100001000010011110000011
00000000000001111010011110000011
11111101010001000010011000000011
11111110110001000010010110000011
00000000111100000000010100110011
00000000000000000000000000010011
11111110101001000010001000100011
11111110010001000010011110000011
00000000111100000100011001100011
00000000000100000000011110010011
00000100100000000000000001101111
11111110100001000010011110000011
00000011100001111010011100000011
11111110010001000010011110000011
00000000111101110000011100110011
11111110100001000010011110000011
00000010111001111010110000100011
11111110010001000010011110000011
11111101010001000010011100000011
01000000111101110000011110110011
11111100111101000010101000100011
11111110010001000010011110000011
11111110110001000010011100000011
00000000111101110000011110110011
11111110111101000010011000100011
11111101010001000010011110000011
11111000000001111001110011100011
00000000000000000000011110010011
00000000111100000000010100110011
00000010110000010010000010000011
00000010100000010010010000000011
00000011000000010000000100010011
00000000000000001000000001100111
