11111111000000010000000100010011
00000000000100010010011000100011
00000000100000010010010000100011
00000001000000010000010000010011
00000000000100000000010110010011
00000001000000000000010100010011
00000000000000000000000000010011
00000000101000000000011110110011
00000000111100000000010100110011
00000000110000010010000010000011
00000000100000010010010000000011
00000001000000010000000100010011
00000000000000001000000001100111
11111010000000010000000100010011
00000100000100010010111000100011
00000100100000010010110000100011
00000110000000010000010000010011
11111010101001000010011000100011
11111010101101000010010000100011
00000000110000000000011110110011
11111010111101000000001110100011
11111010110001000010011110000011
11111100111101000010110000100011
11111010011101000100011110000011
00000000000001111000011001100011
00000000010000000000011110010011
01001100000000000000000001101111
11111110000001000010001000100011
11111110000001000010000000100011
00000000000000000000010110010011
11111010100001000010010100000011
00000000000000000000000000010011
11111100101001000010101000100011
11111101010001000010011110000011
01000110000001111101110001100011
00000000000100000000011110010011
01001001100000000000000001101111
11111100111101000100011100000011
00000000101000000000011110010011
01000110111101110000001001100011
11111100111101000100011100000011
00000000110100000000011110010011
00000000111101110001010001100011
01000101010000000000000001101111
11111100111101000100011100000011
00000011101000000000011110010011
00000000111101110000011001100011
00000000001000000000011110010011
01000110100000000000000001101111
11111100000001000010111000100011
11111100000001000000001000100011
11111011110001000000011110010011
00000000100000000000011000010011
00000000111100000000010110110011
11111101010001000010010100000011
00000000000000000000000000010011
00000000101000000000011100110011
00000000100000000000011110010011
00000000111101110000011001100011
00000000001000000000011110010011
01000011100000000000000001101111
11111011000001000000011100010011
11111011010001000000011010010011
11111011100001000000011110010011
11111011110001000000010100010011
00000000111100000000011000110011
00010000000000010000011110110111
00000000000001111000010110010011
00000000000000000000000000010011
00000000101000000000011100110011
00000000001100000000011110010011
00000000111101110000101001100011
11111101010001000010010100000011
00000000000000000000000000010011
00000000001000000000011110010011
00111111110000000000000001101111
11111011010001000010011110000011
00000000100001111101011110010011
00001111111101111111011100010011
11111011100001000010011110000011
00001111111101111111011110010011
00000000111101110000011110110011
00001111111101111111011100010011
11111011010001000010011110000011
00001111111101111111011110010011
00000000111101110000011110110011
00001111111101111111011100010011
11111011000001000010011110000011
00001111111101111111011110010011
00000000111101110000011110110011
11111110111101000000011110100011
11111011000001000010011110000011
00000000010000000000011100010011
00001110111001111000110001100011
00000000010000000000011100010011
00001110111101110110110001100011
00000000000001111000100001100011
00000000001000000000011100010011
00001100111001111000111001100011
00001110100000000000000001101111
11111011010001000010011100000011
11111110000001000010011110000011
01000000111101110000011110110011
11111100111101000010010000100011
11111101100001000010011110000011
00000000100001111010011010000011
11111101100001000010011110000011
00000000000001111010011100000011
11111100100001000010011110000011
00000000111101110000011100110011
11111011100001000010011110000011
00000000111101110000011110110011
00000000111100000000010110110011
00000000110100000000010100110011
00000000000000000000000000010011
00000000101000000000011100110011
11111101100001000010011110000011
00000000111001111010010000100011
11111100100001000010011110000011
00000100000001111000001001100011
11111101100001000010011110000011
00000000100001111010011100000011
11111101100001000010011110000011
00000000000001111010011110000011
00000000111101110000011110110011
11111100100001000010011100000011
00000000111000000000011000110011
00001111111100000000010110010011
00000000111100000000010100110011
00000000000000000000000000010011
11111101100001000010011110000011
00000000000001111010011100000011
11111100100001000010011110000011
00000000111101110000011100110011
11111101100001000010011110000011
00000000111001111010000000100011
11111011010001000010011100000011
11111011100001000010011110000011
00000000111101110000011110110011
11111110111101000010000000100011
11111101100001000010011110000011
00000000100001111010011100000011
11111101100001000010011110000011
00000000000001111010011110000011
00000000111101110000011110110011
11111100111101000010111000100011
11111101100001000010011110000011
00000000000001111010011100000011
11111011100001000010011110000011
00000000111101110000011100110011
11111101100001000010011110000011
00000000111001111010000000100011
00000001010000000000000001101111
11111110000001000010001000100011
00000000110000000000000001101111
11111110000001000010001000100011
00000000000000000000000000010011
11111010000001000000111100100011
11111110000001000010010000100011
00001110010000000000000001101111
11111011110001000000011110010011
00000000001000000000011000010011
00000000111100000000010110110011
11111101010001000010010100000011
00000000000000000000000000010011
00000000101000000000011100110011
00000000001000000000011110010011
00000010111101110001011001100011
11111100100001000000011110010011
11111011110001000000011100010011
00000000111100000000011000110011
00010000000000010000011110110111
00000000110001111000010110010011
00000000111000000000010100110011
00000000000000000000000000010011
00000000101000000000011100110011
00000000000100000000011110010011
00000000111101110000101001100011
11111101010001000010010100000011
00000000000000000000000000010011
00000000001000000000011110010011
00100101010000000000000001101111
11111100100001000010011110000011
00001111111101111111011100010011
11111110111101000100011110000011
00000000111101110000011110110011
11111110111101000000011110100011
11111011000001000010011110000011
00000000010000000000011100010011
00000100111001111000010001100011
00000000010000000000011100010011
00000100111101110110110001100011
00000000000001111000100001100011
00000000001000000000011100010011
00000010111001111000101001100011
00000100100000000000000001101111
11111101110001000010011110000011
00000010000001111000000001100011
11111100100001000010011010000011
11111101110001000010011100000011
11111110100001000010011110000011
00000000111101110000011110110011
00001111111101101111011100010011
00000000111001111000000000100011
00000010010000000000000001101111
00000000001000000000011110010011
00011111000000000000000001101111
11111110010001000010011110000011
00000000100001111001011100010011
11111100100001000010011110000011
00000000111101110110011110110011
11111110111101000010001000100011
00000000000000000000000000010011
11111110100001000010011110000011
00000000000101111000011110010011
11111110111101000010010000100011
11111011100001000010011110000011
11111110100001000010011100000011
11110000111101110110110011100011
11111011110001000000011110010011
00000000001000000000011000010011
00000000111100000000010110110011
11111101010001000010010100000011
00000000000000000000000000010011
00000000101000000000011100110011
00000000001000000000011110010011
00000100111101110001001001100011
11111100100001000000011110010011
11111011110001000000011100010011
00000000111100000000011000110011
00010000000000010000011110110111
00000000110001111000010110010011
00000000111000000000010100110011
00000000000000000000000000010011
00000000101000000000011100110011
00000000000100000000011110010011
00000000111101110001111001100011
11111100100001000010011110000011
00001111111101111111011100010011
11111110111101000100011110000011
00000000111101110000011110110011
00001111111101111111011110010011
00000000000001111000101001100011
11111101010001000010010100000011
00000000000000000000000000010011
00000000001000000000011110010011
00010101000000000000000001101111
11111011000001000010011110000011
00000000010000000000011100010011
00000010111001111000100001100011
00000000010000000000011100010011
00010000111101110110101001100011
00000000000100000000011100010011
00000000111001111000100001100011
00000000001000000000011100010011
00000010111001111000001001100011
00010000000000000000000001101111
11111101010001000010010100000011
00000000000000000000000000010011
00000000000000000000011110010011
00010001100000000000000001101111
11111110010001000010011110000011
00000000110001111001011110010011
11111110111101000010001000100011
11111110010001000010011110000011
00000000010001111001011110010011
11111110111101000010001000100011
11111110000001000010000000100011
11111101100001000010011110000011
00000000110001111010011110000011
00000010000001111001000001100011
11111101100001000010011110000011
00000000000001111010011110000011
00000000000001111001101001100011
11111101100001000010011110000011
11111110010001000010011100000011
00000000111001111010011000100011
00001010110000000000000001101111
11111101100001000010011110000011
00000000110001111010011110000011
11111110010001000010011100000011
00000000111101110111101001100011
11111101010001000010010100000011
00000000000000000000000000010011
00000000001000000000011110010011
00001011010000000000000001101111
11111101100001000010011110000011
00000000110001111010011110000011
11111110010001000010011100000011
01000000111101110000011110110011
11111100111101000010100000100011
11111101100001000010011110000011
00000000000001111010011110000011
11111101000001000010011100000011
00000110111001111111001001100011
11111101100001000010011110000011
00000000100001111010011110000011
11111101000001000010010110000011
00000000111100000000010100110011
00000000000000000000000000010011
00000000101000000000011100110011
11111101100001000010011110000011
00000000111001111010010000100011
11111101100001000010011110000011
00000000100001111010011100000011
11111101100001000010011110000011
00000000000001111010011110000011
00000000111101110000011010110011
11111101100001000010011110000011
00000000000001111010011110000011
11111101000001000010011100000011
01000000111101110000011110110011
00000000111100000000011000110011
00001111111100000000010110010011
00000000110100000000010100110011
00000000000000000000000000010011
11111101100001000010011110000011
11111101000001000010011100000011
00000000111001111010000000100011
00000000000000000000000000010011
11111100111101000000011110010011
00000000000100000000011000010011
00000000111100000000010110110011
11111101010001000010010100000011
00000000000000000000000000010011
00000000101000000000011110110011
10110110000001111001111011100011
11111101010001000010010100000011
00000000000000000000000000010011
00000000000000000000011110010011
00000000111100000000010100110011
00000101110000010010000010000011
00000101100000010010010000000011
00000110000000010000000100010011
00000000000000001000000001100111
11111101000000010000000100010011
00000010000100010010011000100011
00000010100000010010010000100011
00000011000000010000010000010011
11111100101001000010111000100011
11111101110001000010011110000011
11111110111101000010011000100011
11111110110001000010011110000011
00000000000001111000101001100011
11111110110001000010011110000011
00000000100001111010011110000011
00000000111100000000010100110011
00000000000000000000000000010011
11111110110001000010010100000011
00000000000000000000000000010011
00000000000000000000011110010011
00000000111100000000010100110011
00000010110000010010000010000011
00000010100000010010010000000011
00000011000000010000000100010011
00000000000000001000000001100111
11111101000000010000000100010011
00000010100000010010011000100011
00000011000000010000010000010011
11111100101001000010111000100011
11111101110001000010011110000011
11111110111101000010011000100011
11111110110001000010011110000011
00000000000001111010011110000011
00000000111100000000010100110011
00000010110000010010010000000011
00000011000000010000000100010011
00000000000000001000000001100111
11111101000000010000000100010011
00000010000100010010011000100011
00000010100000010010010000100011
00000011000000010000010000010011
11111100101001000010111000100011
11111100101101000010110000100011
11111100110001000010101000100011
11111101110001000010011110000011
11111110111101000010011000100011
11111110110001000010011110000011
00000000000001111010011100000011
11111110110001000010011110000011
00000000010001111010011110000011
01000000111101110000011110110011
11111110111101000010010000100011
11111101010001000010011110000011
00000000000001111010011100000011
11111110100001000010011110000011
00000000111101110111010001100011
00000000111000000000011110110011
11111110111101000010001000100011
11111110110001000010011110000011
00000000100001111010011100000011
11111110110001000010011110000011
00000000010001111010011110000011
00000000111101110000011110110011
11111110010001000010011000000011
00000000111100000000010110110011
11111101100001000010010100000011
00000000000000000000000000010011
11111110110001000010011110000011
00000000010001111010011100000011
11111110010001000010011110000011
00000000111101110000011100110011
11111110110001000010011110000011
00000000111001111010001000100011
11111101010001000010011110000011
11111110010001000010011100000011
00000000111001111010000000100011
00000000000000000000011110010011
00000000111100000000010100110011
00000010110000010010000010000011
00000010100000010010010000000011
00000011000000010000000100010011
00000000000000001000000001100111
11111110000000010000000100010011
00000000100000010010111000100011
00000010000000010000010000010011
11111110101001000010011000100011
11111110101101000010010000100011
11111110110001000010001000100011
00000000010000000000011110010011
00000000111100000000010100110011
00000001110000010010010000000011
00000010000000010000000100010011
00000000000000001000000001100111
