11111100000000010000000100010011
00000010000100010010111000100011
00000010100000010010110000100011
00000100000000010000010000010011
11111100101001000010011000100011
11111100101101000010010000100011
11111110000001000000001000100011
11111110000001000010011000100011
00011000000000000000000001101111
11111100110001000010011100000011
11111110110001000010011110000011
00000000111101110000011110110011
00000000000001111100011110000011
00000000111100000000010110110011
00010000000000010000011110110111
00000000000001111000010100010011
00000000000000000000000000010011
11111100110001000010011100000011
11111110110001000010011110000011
00000000111101110000011110110011
00000000000001111100011100000011
00000001111100000000011110010011
00000100111001111111001001100011
11111100110001000010011100000011
11111110110001000010011110000011
00000000111101110000011110110011
00000000000001111100011100000011
00000111111000000000011110010011
00000010111001111110011001100011
11111100110001000010011100000011
11111110110001000010011110000011
00000000111101110000011100110011
11111110110001000010011110000011
00000000111101111111011110010011
00000000000001110100011100000011
11111111000001000000011010010011
00000000111101101000011110110011
11111110111001111000001000100011
00000001110000000000000001101111
11111110110001000010011110000011
00000000111101111111011110010011
11111111000001000000011100010011
00000000111101110000011110110011
00000010111000000000011100010011
11111110111001111000001000100011
11111110110001000010011110000011
00000000000101111000011110010011
00000000011101111111011110010011
00000000000001111000101001100011
11111110110001000010011110000011
00000000000101111000011110010011
11111100100001000010011100000011
00001100111101110001001001100011
00000010000000000000010100010011
00000000000000000000000000010011
11111110110001000010011110000011
00000000000101111000011110010011
00000000111101111111011110010011
00000000000001111001111001100011
11111101010001000000011110010011
00000000111100000000010110110011
00010000000000010000011110110111
00000000100001111000010100010011
00000000000000000000000000010011
00001001010000000000000001101111
11111110110001000010011110000011
00000000000101111000011110010011
11111100100001000010011100000011
00001000111101110001001001100011
11111110110001000010011110000011
00000000000101111000011110010011
00000000111101111111011110010011
11111111000001000000011100010011
00000000111101110000011110110011
11111110000001111000001000100011
11111110110001000010011110000011
00000000000101111000011110010011
00000000111101111111011100010011
00000000100000000000011110010011
00000000111001111110011001100011
00000010000000000000010100010011
00000000000000000000000000010011
11111110110001000010011110000011
00000000000101111000011110010011
00000000111101111111011110010011
11111110111101000010010000100011
00000001110000000000000001101111
00010000000000010000011110110111
00000001000001111000010100010011
00000000000000000000000000010011
11111110100001000010011110000011
00000000000101111000011110010011
11111110111101000010010000100011
11111110100001000010011100000011
00000000111100000000011110010011
11111110111001111111000011100011
11111101010001000000011110010011
00000000111100000000010110110011
00010000000000010000011110110111
00000000100001111000010100010011
00000000000000000000000000010011
11111110110001000010011110000011
00000000000101111000011110010011
11111110111101000010011000100011
11111110110001000010011100000011
11111100100001000010011110000011
11100110111101110110111011100011
00000000000000000000000000010011
00000000000000000000000000010011
00000011110000010010000010000011
00000011100000010010010000000011
00000100000000010000000100010011
00000000000000001000000001100111
