11111110000000010000000100010011
00000000000100010010111000100011
00000000100000010010110000100011
00000010000000010000010000010011
00000001000000000000010100010011
00000000000000000000000000010011
00000000101000000000011110110011
00000000111100000000010100110011
00000000000000000000000000010011
00000000000000000000011110010011
11111111111100000000011100010011
00000010001000000000011010010011
00000000000000000000011000010011
00000000000000010000010110110111
00000000000001011000010110010011
00000000000000000000010100010011
00000000000000000000000000010011
11111110101001000010011000100011
11111110110001000010011100000011
11111111111100000000011110010011
00000000111101110001011001100011
00000000000100000000011110010011
00000010000000000000000001101111
11111110110001000010011100000011
00000000000000001000011110110111
00000000000001111000011110010011
00000000111101110000011110110011
00000000111100000000010100110011
00000000000000000000000000010011
00000000000000000000011110010011
00000000111100000000010100110011
00000001110000010010000010000011
00000001100000010010010000000011
00000010000000010000000100010011
00000000000000001000000001100111
