11111101000000010000000100010011
00000010100000010010011000100011
00000011000000010000010000010011
11111100101001000010111000100011
11111101110001000010011110000011
00010100000001111010101000100011
11111101110001000010011110000011
00010100000001111010111000100011
11111101110001000010011110000011
00010101110001111010011100000011
11111101110001000010011110000011
00010100111001111010110000100011
11111101110001000010011110000011
01100111010001010010011100110111
00000000000001110000011100010011
00110000000101110000011100010011
00000000111001111010000000100011
11111101110001000010011110000011
11101111110011011011011100110111
00000000000001110000011100010011
10111000100101110000011100010011
00000000111001111010001000100011
11111101110001000010011110000011
10011000101110101110011100110111
00000000000001110000011100010011
11001111111001110000011100010011
00000000111001111010010000100011
11111101110001000010011110000011
00010000001100100101011100110111
00000000000001110000011100010011
01000111011001110000011100010011
00000000111001111010011000100011
11111101110001000010011110000011
11000011110100101110011100110111
00000000000001110000011100010011
00011111000001110000011100010011
00000000111001111010100000100011
11111110000001000010011000100011
00000010100000000000000001101111
11111101110001000010011100000011
11111110110001000010011110000011
00000000010001111000011110010011
00000000001001111001011110010011
00000000111101110000011110110011
00000000000001111010001000100011
11111110110001000010011110000011
00000000000101111000011110010011
11111110111101000010011000100011
11111110110001000010011100000011
00000100111100000000011110010011
11111100111001111101101011100011
00000000000000000000000000010011
00000000000000000000000000010011
00000010110000010010010000000011
00000011000000010000000100010011
00000000000000001000000001100111
11111101000000010000000100010011
00000010000100010010011000100011
00000010100000010010010000100011
00000011000000010000010000010011
11111100101001000010111000100011
11111100101101000010110000100011
11111100110001000010101000100011
11111101100001000010011110000011
11111110111101000010010000100011
11111110000001000010011000100011
00010001110000000000000001101111
11111101110001000010011110000011
00010101010001111010011110000011
01000001111101111101011100010011
00000000001101110111011100010011
00000000111101110000011110110011
01000000001001111101011110010011
00000000111100000000011100110011
11111101110001000010011010000011
00000000010001110000011110010011
00000000001001111001011110010011
00000000111101101000011110110011
00000000010001111010011110000011
00000000100001111001011010010011
11111101110001000010011000000011
00000000010001110000011110010011
00000000001001111001011110010011
00000000111101100000011110110011
00000000110101111010001000100011
11111101110001000010011110000011
00010101010001111010011110000011
01000001111101111101011100010011
00000000001101110111011100010011
00000000111101110000011110110011
01000000001001111101011110010011
00000000111100000000011100110011
11111101110001000010011010000011
00000000010001110000011110010011
00000000001001111001011110010011
00000000111101101000011110110011
00000000010001111010011110000011
11111110110001000010011010000011
11111110100001000010011000000011
00000000110101100000011010110011
00000000000001101100011010000011
00000000110101111110011010110011
11111101110001000010011000000011
00000000010001110000011110010011
00000000001001111001011110010011
00000000111101100000011110110011
00000000110101111010001000100011
11111101110001000010011110000011
00010101010001111010011110000011
00000000000101111000011100010011
11111101110001000010011110000011
00010100111001111010101000100011
11111101110001000010011110000011
00010101010001111010011110000011
00000011111101111111011110010011
00000000000001111001101001100011
11111101110001000010010100000011
00000000000000000000000000010011
11111101110001000010011110000011
00010100000001111010101000100011
11111101110001000010011110000011
00010101110001111010011110000011
00000000100001111000011100010011
11111101110001000010011110000011
00010100111001111010111000100011
11111101110001000010011110000011
00010101100001111010011110000011
11111101110001000010011100000011
00010101110001110010011100000011
00000000100001110011011100010011
00001111111101110111011100010011
00000000111001111000011100110011
11111101110001000010011110000011
00010100111001111010110000100011
11111110110001000010011110000011
00000000000101111000011110010011
11111110111101000010011000100011
11111110110001000010011100000011
11111101010001000010011110000011
11101110111101110100000011100011
00000000000000000000000000010011
00000000000000000000000000010011
00000010110000010010000010000011
00000010100000010010010000000011
00000011000000010000000100010011
00000000000000001000000001100111
11111101000000010000000100010011
00000010000100010010011000100011
00000010100000010010010000100011
00000011000000010000010000010011
11111100101001000010111000100011
11111100101101000010110000100011
11111000000000000000011110010011
11111110111101000000010110100011
11111110000001000000010100100011
11111101100001000010011110000011
00010101100001111010011110000011
00000001100001111101011110010011
00001111111101111111011110010011
11111110111101000000000000100011
11111101100001000010011110000011
00010101100001111010011110000011
00000001000001111101011110010011
00001111111101111111011110010011
11111110111101000000000010100011
11111101100001000010011110000011
00010101100001111010011110000011
00000000100001111101011110010011
00001111111101111111011110010011
11111110111101000000000100100011
11111101100001000010011110000011
00010101100001111010011110000011
00001111111101111111011110010011
11111110111101000000000110100011
11111101100001000010011110000011
00010101110001111010011110000011
00000001100001111101011110010011
00001111111101111111011110010011
11111110111101000000001000100011
11111101100001000010011110000011
00010101110001111010011110000011
00000001000001111101011110010011
00001111111101111111011110010011
11111110111101000000001010100011
11111101100001000010011110000011
00010101110001111010011110000011
00000000100001111101011110010011
00001111111101111111011110010011
11111110111101000000001100100011
11111101100001000010011110000011
00010101110001111010011110000011
00001111111101111111011110010011
11111110111101000000001110100011
11111110101101000000011110010011
00000000000100000000011000010011
00000000111100000000010110110011
11111101100001000010010100000011
00000000000000000000000000010011
00000001100000000000000001101111
11111110101001000000011110010011
00000000000100000000011000010011
00000000111100000000010110110011
11111101100001000010010100000011
00000000000000000000000000010011
11111101100001000010011110000011
00010101010001111010011100000011
00000011100000000000011110010011
11111110111101110001000011100011
11111110000001000000011110010011
00000000100000000000011000010011
00000000111100000000010110110011
11111101100001000010010100000011
00000000000000000000000000010011
11111110000001000010011000100011
00001000010000000000000001101111
11111110110001000010011110000011
01000001111101111101011100010011
00000000001101110111011100010011
00000000111101110000011110110011
01000000001001111101011110010011
11111101100001000010011100000011
00000000001001111001011110010011
00000000111101110000011110110011
00000000000001111010011110000011
00000001100001111101011010010011
11111110110001000010011110000011
11111101110001000010011100000011
00000000111101110000011110110011
00001111111101101111011100010011
00000000111001111000000000100011
11111110110001000010011110000011
01000001111101111101011100010011
00000000001101110111011100010011
00000000111101110000011110110011
01000000001001111101011110010011
11111101100001000010011010000011
00000000001001111001011100010011
00000000111001101000011100110011
00000000000001110010011100000011
00000000100001110001011100010011
11111101100001000010011010000011
00000000001001111001011110010011
00000000111101101000011110110011
00000000111001111010000000100011
11111110110001000010011110000011
00000000000101111000011110010011
11111110111101000010011000100011
11111110110001000010011100000011
00000001001100000000011110010011
11110110111001111101110011100011
11111101100001000010010100000011
00000000000000000000000000010011
00000000000000000000000000010011
00000010110000010010000010000011
00000010100000010010010000000011
00000011000000010000000100010011
00000000000000001000000001100111
11111100000000010000000100010011
00000010100000010010111000100011
00000100000000010000010000010011
11111100101001000010011000100011
00000001000000000000011110010011
11111110111101000010011000100011
00001011000000000000000001101111
11111110110001000010011110000011
11111111110101111000011110010011
11111100110001000010011100000011
00000000010001111000011110010011
00000000001001111001011110010011
00000000111101110000011110110011
00000000010001111010011100000011
11111110110001000010011110000011
11111111100001111000011110010011
11111100110001000010011010000011
00000000010001111000011110010011
00000000001001111001011110010011
00000000111101101000011110110011
00000000010001111010011110000011
00000000111101110100011100110011
11111110110001000010011110000011
11111111001001111000011110010011
11111100110001000010011010000011
00000000010001111000011110010011
00000000001001111001011110010011
00000000111101101000011110110011
00000000010001111010011110000011
00000000111101110100011100110011
11111110110001000010011110000011
11111111000001111000011110010011
11111100110001000010011010000011
00000000010001111000011110010011
00000000001001111001011110010011
00000000111101101000011110110011
00000000010001111010011110000011
00000000111101110100011110110011
00000000000101111001011010010011
00000001111101111101011100010011
00000000110101110110011100110011
11111100110001000010011010000011
11111110110001000010011110000011
00000000010001111000011110010011
00000000001001111001011110010011
00000000111101101000011110110011
00000000111001111010001000100011
11111110110001000010011110000011
00000000000101111000011110010011
11111110111101000010011000100011
11111110110001000010011100000011
00000100111100000000011110010011
11110100111001111101011011100011
11111100110001000010011110000011
00000000000001111010011110000011
11111110111101000010010000100011
11111100110001000010011110000011
00000000010001111010011110000011
11111110111101000010001000100011
11111100110001000010011110000011
00000000100001111010011110000011
11111110111101000010000000100011
11111100110001000010011110000011
00000000110001111010011110000011
11111100111101000010111000100011
11111100110001000010011110000011
00000001000001111010011110000011
11111100111101000010110000100011
11111110000001000010011000100011
00001010110000000000000001101111
11111110100001000010011110000011
00000000010101111001011100010011
00000001101101111101011110010011
00000000111001111110011110110011
11111110000001000010011010000011
11111101110001000010011100000011
00000000111001101100011010110011
11111110010001000010011100000011
00000000111001101111011010110011
11111101110001000010011100000011
00000000111001101100011100110011
00000000111001111000011100110011
11111101100001000010011110000011
00000000111101110000011100110011
11111100110001000010011010000011
11111110110001000010011110000011
00000000010001111000011110010011
00000000001001111001011110010011
00000000111101101000011110110011
00000000010001111010011110000011
00000000111101110000011100110011
01011010100000101000011110110111
00000000000001111000011110010011
10011001100101111000011110010011
00000000111101110000011110110011
11111100111101000010101000100011
11111101110001000010011110000011
11111100111101000010110000100011
11111110000001000010011110000011
11111100111101000010111000100011
11111110010001000010011110000011
00000000001001111101011100010011
00000001111001111001011110010011
00000000111101110110011110110011
11111110111101000010000000100011
11111110100001000010011110000011
11111110111101000010001000100011
11111101010001000010011110000011
11111110111101000010010000100011
11111110110001000010011110000011
00000000000101111000011110010011
11111110111101000010011000100011
11111110110001000010011100000011
00000001001100000000011110010011
11110100111001111101100011100011
00000001010000000000011110010011
11111110111101000010011000100011
00001010010000000000000001101111
11111110100001000010011110000011
00000000010101111001011100010011
00000001101101111101011110010011
00000000111001111110011110110011
11111110010001000010011010000011
11111110000001000010011100000011
00000000111001101100011010110011
11111101110001000010011100000011
00000000111001101100011100110011
00000000111001111000011100110011
11111101100001000010011110000011
00000000111101110000011100110011
11111100110001000010011010000011
11111110110001000010011110000011
00000000010001111000011110010011
00000000001001111001011110010011
00000000111101101000011110110011
00000000010001111010011110000011
00000000111101110000011100110011
01101110110110011111011110110111
00000000000001111000011110010011
10111010000101111000011110010011
00000000111101110000011110110011
11111100111101000010101000100011
11111101110001000010011110000011
11111100111101000010110000100011
11111110000001000010011110000011
11111100111101000010111000100011
11111110010001000010011110000011
00000000001001111101011100010011
00000001111001111001011110010011
00000000111101110110011110110011
11111110111101000010000000100011
11111110100001000010011110000011
11111110111101000010001000100011
11111101010001000010011110000011
11111110111101000010010000100011
11111110110001000010011110000011
00000000000101111000011110010011
11111110111101000010011000100011
11111110110001000010011100000011
00000010011100000000011110010011
11110100111001111101110011100011
00000010100000000000011110010011
11111110111101000010011000100011
00001011010000000000000001101111
11111110100001000010011110000011
00000000010101111001011100010011
00000001101101111101011110010011
00000000111001111110011110110011
11111110010001000010011010000011
11111110000001000010011100000011
00000000111001101111011010110011
11111110010001000010011000000011
11111110000001000010011100000011
00000000111001100110011000110011
11111101110001000010011100000011
00000000111001100111011100110011
00000000111001101110011100110011
00000000111001111000011100110011
11111101100001000010011110000011
00000000111101110000011100110011
11111100110001000010011010000011
11111110110001000010011110000011
00000000010001111000011110010011
00000000001001111001011110010011
00000000111101101000011110110011
00000000010001111010011110000011
00000000111101110000011100110011
10001111000110111100011110110111
00000000000001111000011110010011
11001101110001111000011110010011
00000000111101110000011110110011
11111100111101000010101000100011
11111101110001000010011110000011
11111100111101000010110000100011
11111110000001000010011110000011
11111100111101000010111000100011
11111110010001000010011110000011
00000000001001111101011100010011
00000001111001111001011110010011
00000000111101110110011110110011
11111110111101000010000000100011
11111110100001000010011110000011
11111110111101000010001000100011
11111101010001000010011110000011
11111110111101000010010000100011
11111110110001000010011110000011
00000000000101111000011110010011
11111110111101000010011000100011
11111110110001000010011100000011
00000011101100000000011110010011
11110100111001111101010011100011
00000011110000000000011110010011
11111110111101000010011000100011
00001010010000000000000001101111
11111110100001000010011110000011
00000000010101111001011100010011
00000001101101111101011110010011
00000000111001111110011110110011
11111110010001000010011010000011
11111110000001000010011100000011
00000000111001101100011010110011
11111101110001000010011100000011
00000000111001101100011100110011
00000000111001111000011100110011
11111101100001000010011110000011
00000000111101110000011100110011
11111100110001000010011010000011
11111110110001000010011110000011
00000000010001111000011110010011
00000000001001111001011110010011
00000000111101101000011110110011
00000000010001111010011110000011
00000000111101110000011100110011
11001010011000101100011110110111
00000000000001111000011110010011
00011101011001111000011110010011
00000000111101110000011110110011
11111100111101000010101000100011
11111101110001000010011110000011
11111100111101000010110000100011
11111110000001000010011110000011
11111100111101000010111000100011
11111110010001000010011110000011
00000000001001111101011100010011
00000001111001111001011110010011
00000000111101110110011110110011
11111110111101000010000000100011
11111110100001000010011110000011
11111110111101000010001000100011
11111101010001000010011110000011
11111110111101000010010000100011
11111110110001000010011110000011
00000000000101111000011110010011
11111110111101000010011000100011
11111110110001000010011100000011
00000100111100000000011110010011
11110100111001111101110011100011
11111100110001000010011110000011
00000000000001111010011100000011
11111110100001000010011110000011
00000000111101110000011100110011
11111100110001000010011110000011
00000000111001111010000000100011
11111100110001000010011110000011
00000000010001111010011100000011
11111110010001000010011110000011
00000000111101110000011100110011
11111100110001000010011110000011
00000000111001111010001000100011
11111100110001000010011110000011
00000000100001111010011100000011
11111110000001000010011110000011
00000000111101110000011100110011
11111100110001000010011110000011
00000000111001111010010000100011
11111100110001000010011110000011
00000000110001111010011100000011
11111101110001000010011110000011
00000000111101110000011100110011
11111100110001000010011110000011
00000000111001111010011000100011
11111100110001000010011110000011
00000001000001111010011100000011
11111101100001000010011110000011
00000000111101110000011100110011
11111100110001000010011110000011
00000000111001111010100000100011
00000000000000000000000000010011
00000011110000010010010000000011
00000100000000010000000100010011
00000000000000001000000001100111
