11111110000000010000000100010011
00000000000100010010111000100011
00000000100000010010110000100011
00000010000000010000010000010011
11111110101001000010011000100011
11111110110001000010011010000011
00000000010000000000011000010011
00010000000000010000011110110111
00000000000001111000010110010011
00010000000000010000011110110111
00001000110001111000010100010011
00000000000000000000000000010011
00000000000000000000000000010011
00000001110000010010000010000011
00000001100000010010010000000011
00000010000000010000000100010011
00000000000000001000000001100111
11111100000000010000000100010011
00000010000100010010111000100011
00000010100000010010110000100011
00000010100100010010101000100011
00000100000000010000010000010011
00000000101000000000011110110011
11111100101101000010010000100011
11111100111101000000011110100011
11111100100001000010011110000011
00011000000001111000101001100011
11111100100001000010011110000011
00000000000001111100011110000011
00011000000001111000010001100011
11111110000001000010011000100011
11111110000001000010010000100011
11111100100001000010011110000011
11111110111101000010001000100011
00000110100000000000000001101111
11111110110001000010011110000011
11111100100001000010011100000011
00000000111101110000011110110011
00000000000001111100011100000011
11111100111101000100011110000011
00000100111101110001001001100011
11111110100001000010011110000011
00000000000101111000011110010011
11111110111101000010010000100011
11111110110001000010011100000011
00000000000100000000011110010011
00000010111001111101011001100011
11111110110001000010011110000011
11111111111101111000011110010011
11111100100001000010011100000011
00000000111101110000011110110011
00000000000001111100011100000011
11111100111101000100011110000011
00000000111101110001100001100011
11111110100001000010011110000011
11111111111101111000011110010011
11111110111101000010010000100011
11111110110001000010011110000011
00000000000101111000011110010011
11111110111101000010011000100011
11111100100001000010010100000011
00000000000000000000000000010011
00000000101000000000011100110011
11111110110001000010011110000011
11111000111001111110011011100011
11111110110001000010011110000011
00000010111100000101011001100011
11111110110001000010011110000011
11111111111101111000011110010011
11111100100001000010011100000011
00000000111101110000011110110011
00000000000001111100011100000011
11111100111101000100011110000011
00000000111101110000100001100011
11111110100001000010011110000011
00000000000101111000011110010011
11111110111101000010010000100011
11111110100001000010011110000011
00000000000101111000011110010011
11111110111101000010010000100011
11111110100001000010011110000011
00000000000001111001011001100011
00000000000000000000011110010011
00001011010000000000000001101111
11111110100001000010011110000011
00000000001001111001011110010011
00000000111100000000010100110011
00000000000000000000000000010011
00000000101000000000011110110011
11111110111101000010000000100011
11111110000001000010011000100011
11111110110001000010011110000011
00000000111100000100011001100011
11111110010001000010011110000011
00000000100000000000000001101111
00000000000000000000011110010011
11111101100001000000011010010011
11111100111101000000011100010011
00000000110100000000011000110011
00000000111000000000010110110011
00000000111100000000010100110011
00000000000000000000000000010011
11111100101001000010111000100011
11111101110001000010011110000011
00000010000001111000100001100011
11111110110001000010011110000011
00000000000101111000011100010011
11111110111001000010011000100011
00000000001001111001011110010011
11111110000001000010011100000011
00000000111101110000010010110011
11111101110001000010010100000011
00000000000000000000000000010011
00000000101000000000011110110011
00000000111101001010000000100011
11111010000111111111000001101111
00000000000000000000000000010011
11111110110001000010011110000011
00000000000101111000011110010011
11111110111101000010011000100011
11111110110001000010011110000011
00000000001001111001011110010011
11111110000001000010011100000011
00000000111101110000011110110011
00000000000001111010000000100011
11111110000001000010011110000011
00000000100000000000000001101111
00000000000000000000011110010011
00000000111100000000010100110011
00000011110000010010000010000011
00000011100000010010010000000011
00000011010000010010010010000011
00000100000000010000000100010011
00000000000000001000000001100111
11111101000000010000000100010011
00000010000100010010011000100011
00000010100000010010010000100011
00000010100100010010001000100011
00000011000000010000010000010011
11111100101001000010111000100011
11111100101101000010110000100011
11111110000001000010011000100011
11111101100001000010011110000011
00000000000101111101011110010011
00000000000100000000011100010011
00000000111101110001011110110011
11111111111101111000011110010011
11111110111101000010011000100011
11111101100001000010011100000011
00000000000100000000011110010011
00000000111101110001011001100011
11111101110001000010011110000011
00000110100000000000000001101111
11111101100001000010011110000011
00000000000101111101011110010011
11111101110001000010011100000011
00000000111101110101011100110011
11111101100001000010011110000011
00000000000101111101011110010011
00000000111100000000010110110011
00000000111000000000010100110011
00000000000000000000000000010011
00000000101000000000010010110011
11111101110001000010011100000011
11111110110001000010011110000011
00000000111101110111011100110011
11111101100001000010011110000011
00000000000101111101011110010011
00000000111100000000010110110011
00000000111000000000010100110011
00000000000000000000000000010011
00000000101000000000011100110011
11111101100001000010011110000011
00000000000101111101011110010011
00000000111101110001011110110011
00000000111101001110011110110011
11111110111101000010010000100011
11111110100001000010011110000011
00000000111100000000010100110011
00000010110000010010000010000011
00000010100000010010010000000011
00000010010000010010010010000011
00000011000000010000000100010011
00000000000000001000000001100111
