11111110000000010000000100010011
00000000100000010010111000100011
00000010000000010000010000010011
11111110101001000010011000100011
11111110101101000010010000100011
00000000000000000000000000010011
00000001110000010010010000000011
00000010000000010000000100010011
00000000000000001000000001100111
11111101000000010000000100010011
00000010100000010010011000100011
00000011000000010000010000010011
11111100101001000010111000100011
11111101110001000010011110000011
00001001100001111010011110000011
00000000000001111001011001100011
00000000000000000000011110010011
00000011100000000000000001101111
11111101110001000010011110000011
00001001100001111010011110000011
11111110111101000010011000100011
11111110110001000010011110000011
00000000000001111010011100000011
11111101110001000010011110000011
00001000111001111010110000100011
11111101110001000010011110000011
00001001100001111010011110000011
00000000000001111001011001100011
11111101110001000010011110000011
00001000000001111010111000100011
11111110110001000010011110000011
00000000111100000000010100110011
00000010110000010010010000000011
00000011000000010000000100010011
00000000000000001000000001100111
11111110000000010000000100010011
00000000100000010010111000100011
00000010000000010000010000010011
11111110101001000010011000100011
11111110101101000010010000100011
11111110100001000010011110000011
00000000000001111010000000100011
11111110110001000010011110000011
00001001100001111010011110000011
00000010000001111001001001100011
11111110110001000010011110000011
11111110100001000010011100000011
00001000111001111010111000100011
11111110110001000010011110000011
00001001110001111010011100000011
11111110110001000010011110000011
00001000111001111010110000100011
00000010000000000000000001101111
11111110110001000010011110000011
00001001110001111010011110000011
11111110100001000010011100000011
00000000111001111010000000100011
11111110110001000010011110000011
11111110100001000010011100000011
00001000111001111010111000100011
00000000000000000000011110010011
00000000111100000000010100110011
00000001110000010010010000000011
00000010000000010000000100010011
00000000000000001000000001100111
11111101000000010000000100010011
00000010000100010010011000100011
00000010100000010010010000100011
00000011000000010000010000010011
11111100101001000010111000100011
11111110000001000010011000100011
11111101110001000010011110000011
00000110000001111000011110010011
00000000111100000000010100110011
00000000000000000000000000010011
11111101110001000010011110000011
00001000010001111010011100000011
11111101110001000010011110000011
00001000100001111010011110000011
00000010111001111100110001100011
11111101110001000010011110000011
00001010000001111010011110000011
11111101110001000010010100000011
00000000000001111000000011100111
11111110101001000010011000100011
11111110110001000010011110000011
00000000000001111000111001100011
11111101110001000010011110000011
00001001010001111010011110000011
11111111111101111000011100010011
11111101110001000010011110000011
00001000111001111010101000100011
00001101010000000000000001101111
11111101110001000010011110000011
00001000110001111010011110000011
11111111111101111000011100010011
11111101110001000010011110000011
00001000111001111010011000100011
11111101110001000010011110000011
00000011000001111000011110010011
00000000111100000000010100110011
00000000000000000000000000010011
11111101110001000010011110000011
00001100110001111010011110000011
00000000000001111001110001100011
11111101110001000010011110000011
00001000010001111010011100000011
11111101110001000010011110000011
00001000100001111010011110000011
00000110111001111101000001100011
11111101110001000010011110000011
00001000010001111010011110000011
11111111111101111000011100010011
11111101110001000010011110000011
00001000111001111010001000100011
11111101110001000010011110000011
00001000000001111010011100000011
11111101110001000010011110000011
00001000010001111010011110000011
00000000001001111001011110010011
00000000111101110000011110110011
00000000000001111010011110000011
00000000111100000000010100110011
00000000000000000000000000010011
11111101110001000010011110000011
00000000111100000000010100110011
00000000000000000000000000010011
11111101110001000010011110000011
00000110000001111000011110010011
00000000111100000000010100110011
00000000000000000000000000010011
00000000000000000000010100010011
00000000000000000000000000010011
11111101110001000010011100000011
11111101110001000010011110000011
00000110000001111000011110010011
00000000111100000000010110110011
00000000111000000000010100110011
00000000000000000000000000010011
11111101110001000010011110000011
00001000110001111010011110000011
00000000000101111000011100010011
11111101110001000010011110000011
00001000111001111010011000100011
11101110110111111111000001101111
11111101110001000010011110000011
00000110000001111000011110010011
00000000111100000000010100110011
00000000000000000000000000010011
11111110110001000010011110000011
00000000111100000000010100110011
00000010110000010010000010000011
00000010100000010010010000000011
00000011000000010000000100010011
00000000000000001000000001100111
11111101000000010000000100010011
00000010000100010010011000100011
00000010100000010010010000100011
00000011000000010000010000010011
11111100101001000010111000100011
11111100101101000010110000100011
11111101110001000010011110000011
00000110000001111000011110010011
00000000111100000000010100110011
00000000000000000000000000010011
11111101110001000010011110000011
00001010010001111010011110000011
11111101100001000010010110000011
11111101110001000010010100000011
00000000000001111000000011100111
11111110101001000010010000100011
11111110100001000010011110000011
00000000000001111000100001100011
11111110100001000010011110000011
11111110111101000010011000100011
00000010100000000000000001101111
11111101110001000010011110000011
00001001010001111010011110000011
00000000000101111000011100010011
11111101110001000010011110000011
00001000111001111010101000100011
11111101110001000010011110000011
00000000111100000000010100110011
00000000000000000000000000010011
11111110000001000010011000100011
11111101110001000010011110000011
00000110000001111000011110010011
00000000111100000000010100110011
00000000000000000000000000010011
11111110110001000010011110000011
00000000111100000000010100110011
00000010110000010010000010000011
00000010100000010010010000000011
00000011000000010000000100010011
00000000000000001000000001100111
11111101000000010000000100010011
00000010000100010010011000100011
00000010100000010010010000100011
00000011000000010000010000010011
11111100101001000010111000100011
11111101110001000010011110000011
11111110111101000010011000100011
11111110110001000010011110000011
00000110000001111000011110010011
00000000111100000000010100110011
00000000000000000000000000010011
11111110110001000010011110000011
00001000110001111010011110000011
00000000000101111000011100010011
11111110110001000010011110000011
00001000111001111010011000100011
11111110110001000010011110000011
00000110000001111000011110010011
00000000111100000000010100110011
00000000000000000000000000010011
11111110110001000010010100000011
00000000000000000000000000010011
11111110101001000010010000100011
11111110100001000010011110000011
00000010000001111001001001100011
00010000000000010000011110110111
00001001000001111000011010010011
00001001100100000000011000010011
00010000000000010000011110110111
00000000000001111000010110010011
00010000000000010000011110110111
00001000000001111000010100010011
00000000000000000000000000010011
11111110100001000010011110000011
00000000010001111010011110000011
11111110100001000010010100000011
00000000000001111000000011100111
11111110110001000010011110000011
00000110000001111000011110010011
00000000111100000000010100110011
00000000000000000000000000010011
11111110110001000010011110000011
00001010100001111010011110000011
11111110100001000010010110000011
11111110110001000010010100000011
00000000000001111000000011100111
11111110110001000010011110000011
00000110000001111000011110010011
00000000111100000000010100110011
00000000000000000000000000010011
11111000100111111111000001101111
11111101000000010000000100010011
00000010000100010010011000100011
00000010100000010010010000100011
00000011000000010000010000010011
11111100101001000010111000100011
11111101110001000010011110000011
00000110000001111000011110010011
00000000111100000000010100110011
00000000000000000000000000010011
11111101110001000010011110000011
00000000000100000000011100010011
00001100111001111010011000100011
11111101110001000010011110000011
00000000111100000000010100110011
00000000000000000000000000010011
00000001110000000000000001101111
11111101110001000010011100000011
11111101110001000010011110000011
00000110000001111000011110010011
00000000111100000000010110110011
00000000111000000000010100110011
00000000000000000000000000010011
11111101110001000010011110000011
00001000010001111010011110000011
11111110000001111001000011100011
11111110000001000010011000100011
00000011100000000000000001101111
11111101110001000010011110000011
00001000000001111010011100000011
11111110110001000010011110000011
00000000001001111001011110010011
00000000111101110000011110110011
00000000000001111010011110000011
00000000000001111010011110000011
00000000000000000000010110010011
00000000111100000000010100110011
00000000000000000000000000010011
11111110110001000010011110000011
00000000000101111000011110010011
11111110111101000010011000100011
11111101110001000010011110000011
00001000010001111010011110000011
11111110110001000010011100000011
11111100111101110100000011100011
11111101110001000010011110000011
00000110000001111000011110010011
00000000111100000000010100110011
00000000000000000000000000010011
00000000000000000000000000010011
00000010110000010010000010000011
00000010100000010010010000000011
00000011000000010000000100010011
00000000000000001000000001100111
11111110000000010000000100010011
00000000000100010010111000100011
00000000100000010010110000100011
00000010000000010000010000010011
11111110101001000010011000100011
11111110110001000010011110000011
00000110000001111000011110010011
00000000111100000000010100110011
00000000000000000000000000010011
00000010000000000000000001101111
11111110110001000010011110000011
00000011000001111000011100010011
11111110110001000010011110000011
00000110000001111000011110010011
00000000111100000000010110110011
00000000111000000000010100110011
00000000000000000000000000010011
11111110110001000010011110000011
00001001010001111010011110000011
11111100000001111001111011100011
11111110110001000010011110000011
00001000110001111010011110000011
11111100000001111001100011100011
11111110110001000010011110000011
00000110000001111000011110010011
00000000111100000000010100110011
00000000000000000000000000010011
00000000000000000000000000010011
00000001110000010010000010000011
00000001100000010010010000000011
00000010000000010000000100010011
00000000000000001000000001100111
11111110000000010000000100010011
00000000000100010010111000100011
00000000100000010010110000100011
00000010000000010000010000010011
11111110101001000010011000100011
11111110110001000010010100000011
00000000000000000000000000010011
11111110110001000010011110000011
00001100110001111010011110000011
00000000000001111001011001100011
11111110110001000010010100000011
00000000000000000000000000010011
11111110110001000010011110000011
00001010110001111000011110010011
00000000111100000000010100110011
00000000000000000000000000010011
11111110110001000010011110000011
00000110000001111000011110010011
00000000111100000000010100110011
00000000000000000000000000010011
11111110110001000010011110000011
00000000111100000000010100110011
00000000000000000000000000010011
11111110110001000010011110000011
00000011000001111000011110010011
00000000111100000000010100110011
00000000000000000000000000010011
00000000000000000000000000010011
00000001110000010010000010000011
00000001100000010010010000000011
00000010000000010000000100010011
00000000000000001000000001100111
11111101000000010000000100010011
00000010000100010010011000100011
00000010100000010010010000100011
00000011000000010000010000010011
11111100101001000010111000100011
11111100101101000010110000100011
11111101110001000010011110000011
00000000000001111001011001100011
11111111111100000000011110010011
00010010110000000000000001101111
11111101100001000010011110000011
00000000111100000100011001100011
00000000101000000000011110010011
11111100111101000010110000100011
00001101000000000000011000010011
00000000000000000000010110010011
11111101110001000010010100000011
00000000000000000000000000010011
11111101110001000010011110000011
00001010110001111000011110010011
00000000111100000000010100110011
00000000000000000000000000010011
11111110101001000010011000100011
11111110110001000010011110000011
00001110000001111001010001100011
11111101110001000010011110000011
00001010110001111000011110010011
00000000000100000000010110010011
00000000111100000000010100110011
00000000000000000000000000010011
11111101110001000010011110000011
00001000000001111010101000100011
11111101110001000010011110000011
00001100000001111010011000100011
11111101110001000010011110000011
00001000000001111010001000100011
11111101110001000010011110000011
00001000000001111010100000100011
11111101110001000010011110000011
11111101100001000010011100000011
00001000111001111010010000100011
11111101110001000010011110000011
00000000010000000000011100110111
00000010010001110000011100010011
00001010111001111010000000100011
11111101110001000010011110000011
00000000010000000000011100110111
00001000110001110000011100010011
00001010111001111010001000100011
11111101110001000010011110000011
00000000010000000000011100110111
00000000000001110000011100010011
00001010111001111010010000100011
11111101110001000010011110000011
00001000000001111010110000100011
11111101110001000010011110000011
00001000000001111010111000100011
11111101110001000010011110000011
00000110000001111000011110010011
00000000000000000000010110010011
00000000111100000000010100110011
00000000000000000000000000010011
11111101110001000010011110000011
00000000000000000000010110010011
00000000111100000000010100110011
00000000000000000000000000010011
11111101110001000010011110000011
00000011000001111000011110010011
00000000000000000000010110010011
00000000111100000000010100110011
00000000000000000000000000010011
11111101100001000010010110000011
11111101110001000010010100000011
00000000000000000000000000010011
11111110101001000010011000100011
11111110110001000010011110000011
00000000000001111000100001100011
11111101110001000010010100000011
00000000000000000000000000010011
00000001000000000000000001101111
00000000000000000000011110010011
00000000110000000000000001101111
00000000000000000000000000010011
11111111111100000000011110010011
00000000111100000000010100110011
00000010110000010010000010000011
00000010100000010010010000000011
00000011000000010000000100010011
00000000000000001000000001100111
11111101000000010000000100010011
00000010000100010010011000100011
00000010100000010010010000100011
00000011000000010000010000010011
11111100101001000010111000100011
11111110000001000010011000100011
00001101000000000000010110010011
00000000000100000000010100010011
00000000000000000000000000010011
00000000101000000000011110110011
11111110111101000010011000100011
11111110110001000010011110000011
00000010000001111000001001100011
11111101110001000010010110000011
11111110110001000010010100000011
00000000000000000000000000010011
11111110101001000010010000100011
11111110100001000010011110000011
00000000000001111001101001100011
11111110110001000010011110000011
00000010110000000000000001101111
00000000000000000000000000010011
00000000100000000000000001101111
00000000000000000000000000010011
11111110110001000010011110000011
00000000000001111000011001100011
11111110110001000010010100000011
00000000000000000000000000010011
11111110110001000010010100000011
00000000000000000000000000010011
00000000000000000000011110010011
00000000111100000000010100110011
00000010110000010010000010000011
00000010100000010010010000000011
00000011000000010000000100010011
00000000000000001000000001100111
11111101000000010000000100010011
00000010000100010010011000100011
00000010100000010010010000100011
00000011000000010000010000010011
11111100101001000010111000100011
11111101110001000010010100000011
00000000000000000000000000010011
11111110000001000010011000100011
00000011000000000000000001101111
11111101110001000010011110000011
00001000000001111010011100000011
11111110110001000010011110000011
00000000001001111001011110010011
00000000111101110000011110110011
00000000000001111010011110000011
00000000111100000000010100110011
00000000000000000000000000010011
11111110110001000010011110000011
00000000000101111000011110010011
11111110111101000010011000100011
11111101110001000010011110000011
00001000010001111010011110000011
11111110110001000010011100000011
11111100111101110100010011100011
11111101110001000010011110000011
00001000000001111010011110000011
00000000111100000000010100110011
00000000000000000000000000010011
11111101110001000010010100000011
00000000000000000000000000010011
00000000000000000000000000010011
00000010110000010010000010000011
00000010100000010010010000000011
00000011000000010000000100010011
00000000000000001000000001100111
11111110000000010000000100010011
00000000000100010010111000100011
00000000100000010010110000100011
00000010000000010000010000010011
11111110101001000010011000100011
11111110101101000010010000100011
11111110100001000010011110000011
00000000000001111101011001100011
11111111111100000000011110010011
00000011010000000000000001101111
11111110110001000010011110000011
00000110000001111000011110010011
00000000111100000000010100110011
00000000000000000000000000010011
11111110110001000010011110000011
11111110100001000010011100000011
00001000111001111010100000100011
11111110110001000010011110000011
00000110000001111000011110010011
00000000111100000000010100110011
00000000000000000000000000010011
00000000000000000000011110010011
00000000111100000000010100110011
00000001110000010010000010000011
00000001100000010010010000000011
00000010000000010000000100010011
00000000000000001000000001100111
11111101000000010000000100010011
00000010000100010010011000100011
00000010100000010010010000100011
00000010100100010010001000100011
00000011000000010000010000010011
11111100101001000010111000100011
11111100101101000010110000100011
11111110000001000010010000100011
11111101100001000010011110000011
00000000000001111101011001100011
11111111111100000000011110010011
00011110100000000000000001101111
11111101110001000010011110000011
00000110000001111000011110010011
00000000111100000000010100110011
00000000000000000000000000010011
11111101110001000010011110000011
00001001000001111010011100000011
11111101100001000010011110000011
00000000111001111101010001100011
00000000111000000000011110110011
11111100111101000010110000100011
11111101110001000010011110000011
11111101100001000010011100000011
00001000111001111010010000100011
00000010000000000000000001101111
11111101110001000010011110000011
00000011000001111000011100010011
11111101110001000010011110000011
00000110000001111000011110010011
00000000111100000000010110110011
00000000111000000000010100110011
00000000000000000000000000010011
11111101110001000010011110000011
00001000100001111010011110000011
00000000000001111001100001100011
11111101110001000010011110000011
00001001010001111010011110000011
11111100000001111001100011100011
11111101110001000010011110000011
00001000010001111010011110000011
11111101100001000010011100000011
00000000111101110101101001100011
11111101110001000010011110000011
00000000111100000000010100110011
00000000000000000000000000010011
00010011100000000000000001101111
11111101100001000010011110000011
11111110111101000010001000100011
11111110000001000010000000100011
11111101110001000010011110000011
00001000000001111010011100000011
11111110010001000010011110000011
00000000001001111001011110010011
00000000111100000000010110110011
00000000111000000000010100110011
00000000000000000000000000010011
11111110101001000010000000100011
11111110000001000010011110000011
00000000000001111001111001100011
11111101110001000010011110000011
00000110000001111000011110010011
00000000111100000000010100110011
00000000000000000000000000010011
11111111111100000000011110010011
00010001000000000000000001101111
11111101110001000010011110000011
11111110000001000010011100000011
00001000111001111010000000100011
11111101110001000010011110000011
00001000010001111010011110000011
11111110111101000010011000100011
00001011110000000000000001101111
11111101110001000010011110000011
00001000000001111010011100000011
11111110110001000010011110000011
00000000001001111001011110010011
00000000111101110000010010110011
00000000010000000000010100010011
00000000000000000000000000010011
00000000101000000000011110110011
00000000111101001010000000100011
11111101110001000010011110000011
00001000000001111010011100000011
11111110110001000010011110000011
00000000001001111001011110010011
00000000111101110000011110110011
00000000000001111010011110000011
00000000000001111001111001100011
11111101110001000010011110000011
00000110000001111000011110010011
00000000111100000000010100110011
00000000000000000000000000010011
11111111111100000000011110010011
00001001110000000000000001101111
11111101110001000010011110000011
00001000000001111010011100000011
11111110110001000010011110000011
00000000001001111001011110010011
00000000111101110000011110110011
00000000000001111010011100000011
11111101110001000010011110000011
00001010110001111000010110010011
11111101110001000010011010000011
00000000010000000000011110110111
00110000110001111000011000010011
00000000111000000000010100110011
00000000000000000000000000010011
11111110101001000010010000100011
11111110100001000010011110000011
00000010000001111001101001100011
11111101110001000010011110000011
00001000010001111010011110000011
00000000000101111000011100010011
11111101110001000010011110000011
00001000111001111010001000100011
11111110110001000010011110000011
00000000000101111000011110010011
11111110111101000010011000100011
11111110110001000010011100000011
11111101100001000010011110000011
11110100111101110100000011100011
00000000100000000000000001101111
00000000000000000000000000010011
11111101110001000010011110000011
00000110000001111000011110010011
00000000111100000000010100110011
00000000000000000000000000010011
11111110100001000010011110000011
00000000000001111000011001100011
11111111111100000000011110010011
00000000100000000000000001101111
00000000000000000000011110010011
00000000111100000000010100110011
00000010110000010010000010000011
00000010100000010010010000000011
00000010010000010010010010000011
00000011000000010000000100010011
00000000000000001000000001100111
