11111110000000010000000100010011
00000000100000010010111000100011
00000010000000010000010000010011
11111110101001000010011000100011
11111110110001000010011100000011
01000001111101110101011110010011
00000001111001111101011110010011
00000000111101110000011100110011
00000000001101110111011100010011
01000000111101110000011110110011
00000000111100000000011100110011
00000000010000000000011110010011
01000000111001111000011100110011
01000001111101110101011110010011
00000001111001111101011110010011
00000000111101110000011100110011
00000000001101110111011100010011
01000000111101110000011110110011
00000000111100000000011100110011
11111110110001000010011110000011
00000000111101110000011110110011
00000000111100000000010100110011
00000001110000010010010000000011
00000010000000010000000100010011
00000000000000001000000001100111
11111110000000010000000100010011
00000000000100010010111000100011
00000000100000010010110000100011
00000010000000010000010000010011
00000000101000000000000010110011
11111110101101000010011000100011
11111110110001000010011010000011
00000000000100000000011000010011
00000000111000000000010110010011
00000000000100000000010100110011
00000000000000000000000000010011
00000000000000000000000000010011
00000001110000010010000010000011
00000001100000010010010000000011
00000010000000010000000100010011
00000000000000001000000001100111
11111110000000010000000100010011
00000000000100010010111000100011
00000000100000010010110000100011
00000010000000010000010000010011
00000000101000000000000010110011
11111110101101000010011000100011
11111110110001000010011010000011
00000000000100000000011000010011
00000010100000000000010110010011
00000000000100000000010100110011
00000000000000000000000000010011
00000000000000000000000000010011
00000001110000010010000010000011
00000001100000010010010000000011
00000010000000010000000100010011
00000000000000001000000001100111
11110101000000010000000100010011
00001010000100010010011000100011
00001010100000010010010000100011
00001011000000010000010000010011
11111000101001000010111000100011
11111000101101000010110000100011
11111000110001000010101000100011
11111000110101000010100000100011
00010000000000010000011110110111
00000000000001111000010110010011
11111001110001000010010100000011
00000000000000000000000000010011
11111110101001000010000000100011
00000000000000000101011110110111
00000000000001111000011110010011
11010100001001111000011110010011
11111100111101000001011000100011
11111001100001000010011100000011
00000000111000000000011110110011
00000000000101111001011110010011
00000000111001111000011110110011
00000000111100000000010100110011
00000000000000000000000000010011
00000000101000000000011100110011
11111001010001000010011110000011
00000010111101110000011110110011
00000011011001111000011110010011
00000000000000010000011100110111
00000000000001110000011100010011
11111111111101110000011100010011
00000000111001111111011000110011
11111100111001000101011100000011
00000000000001110111011100010011
00000000111000000000011010110011
00000000110000000000011100110011
00000000111001101110011100110011
11111100111001000001011100100011
00000001000001111101011010010011
11111101000001000101011110000011
00000000000001111111011110010011
00000000111100000000011100110011
00000000110100000000011110110011
00000000111101110110011110110011
11111100111101000001100000100011
11111100000001000001100100100011
11111100000001000001101000100011
11111101011001000101011110000011
00000000000001111111011110010011
00000011011001111110011110010011
11111100111101000001101100100011
11111101100001000101011110000011
00000000000001111111011110010011
11111100111101000001110000100011
11111100110001000010011010000011
11111101000001000010011100000011
11111101010001000010011110000011
11111000110101000010000000100011
11111000111001000010001000100011
11111000111101000010010000100011
11111101100001000101011110000011
11111000111101000001011000100011
11111000000001000000011110010011
11111110000001000010010110000011
00000000111100000000010100110011
00000000000000000000000000010011
00000010100000000000011110010011
11111010111101000010001000100011
11111001100001000010011110000011
11111010111101000010010000100011
11111001010001000010011110000011
11111010111101000010011000100011
00000000000100000000011110010011
11111010111101000001100000100011
00000001100000000000011110010011
11111010111101000001100100100011
11111010000001000010101000100011
11111001100001000010011100000011
00000000111000000000011110110011
00000000000101111001011110010011
00000000111001111000011110110011
00000000111100000000010100110011
00000000000000000000000000010011
00000000101000000000011100110011
11111001010001000010011110000011
00000010111101110000011110110011
11111010111101000010110000100011
11111010000001000010111000100011
11111100000001000010000000100011
11111100000001000010001000100011
11111100000001000010010000100011
11111010010001000010111000000011
11111010100001000010001100000011
11111010110001000010100010000011
11111011000001000010100000000011
11111011010001000010010100000011
11111011100001000010010110000011
11111011110001000010011000000011
11111100000001000010011010000011
11111100010001000010011100000011
11111100100001000010011110000011
11110101110001000010100000100011
11110100011001000010101000100011
11110101000101000010110000100011
11110101000001000010111000100011
11110110101001000010000000100011
11110110101101000010001000100011
11110110110001000010010000100011
11110110110101000010011000100011
11110110111001000010100000100011
11110110111101000010101000100011
11110101000001000000011110010011
11111110000001000010010110000011
00000000111100000000010100110011
00000000000000000000000000010011
11111001100001000010011100000011
00000000111000000000011110110011
00000000000101111001011110010011
00000000111001111000011110110011
00000000111100000000010100110011
00000000000000000000000000010011
00000000101000000000011100110011
11111001100001000010011110000011
00000000111100000000011010110011
00000000001001111001011110010011
01000000111101101000011110110011
00000000111101110000011110110011
11111100111101000010111000100011
11111001010001000010011110000011
11111111111101111000011110010011
11111110111101000010011000100011
00010001110000000000000001101111
11111110000001000010010000100011
00001101000000000000000001101111
11111110110001000010011100000011
11111001100001000010011110000011
00000010111101110000011100110011
11111110100001000010011110000011
00000000111101110000011100110011
00000000111000000000011110110011
00000000000101111001011110010011
00000000111001111000011110110011
00000000111100000000011100110011
11111001000001000010011110000011
00000000111001111000011110110011
11111110000001000010011010000011
00000000000100000000011000010011
00000000000100000000010110010011
00000000111100000000010100110011
00000000000000000000000000010011
11111110110001000010011100000011
11111001100001000010011110000011
00000010111101110000011100110011
11111110100001000010011110000011
00000000111101110000011100110011
00000000111000000000011110110011
00000000000101111001011110010011
00000000111001111000011110110011
00000000000101111000011110010011
11111001000001000010011100000011
00000000111101110000011110110011
11111110000001000010011010000011
00000000000100000000011000010011
00000000000100000000010110010011
00000000111100000000010100110011
00000000000000000000000000010011
11111110110001000010011100000011
11111001100001000010011110000011
00000010111101110000011100110011
11111110100001000010011110000011
00000000111101110000011100110011
00000000111000000000011110110011
00000000000101111001011110010011
00000000111001111000011110110011
00000000001001111000011110010011
11111001000001000010011100000011
00000000111101110000011110110011
11111110000001000010011010000011
00000000000100000000011000010011
00000000000100000000010110010011
00000000111100000000010100110011
00000000000000000000000000010011
11111110100001000010011110000011
00000000000101111000011110010011
11111110111101000010010000100011
11111110100001000010011100000011
11111001100001000010011110000011
11110010111101110100011011100011
11111110000001000010001000100011
00000001110000000000000001101111
11111110000001000010010110000011
00000000000000000000010100010011
00000000000000000000000000010011
11111110010001000010011110000011
00000000000101111000011110010011
11111110111101000010001000100011
11111110010001000010011100000011
11111101110001000010011110000011
11111110111101110100000011100011
11111110110001000010011110000011
11111111111101111000011110010011
11111110111101000010011000100011
11111110110001000010011110000011
11101110000001111101001011100011
11111110000001000010010100000011
00000000000000000000000000010011
00000000000000000000000000010011
00001010110000010010000010000011
00001010100000010010010000000011
00001011000000010000000100010011
00000000000000001000000001100111
