11111111000000010000000100010011
00000000000100010010011000100011
00000000100000010010010000100011
00000001000000010000010000010011
00010000000000010000011110110111
00000000000001111000011110010011
00000000000001111010010110000011
00010000000000010000011110110111
00000000000001111000011110010011
00000000010001111100011110000011
00000000111100000000011000110011
00010000000000010000011110110111
00000000000001111000011110010011
00000000011001111001011110000011
00000000111100000000011100110011
00010000000000010000011110110111
00000000000001111000011110010011
00000000100001111100011110000011
00000000100000000000100010010011
00000000111100000000100000110011
00000000011000000000011110010011
00000000010000000000011010010011
00010000000000010000010100110111
00000000110001010000010100010011
00000000000000000000000000010011
00000000101000000000011110110011
00000000111100000000010100110011
00000000110000010010000010000011
00000000100000010010010000000011
00000001000000010000000100010011
00000000000000001000000001100111
