11111101000000010000000100010011
00000010000100010010011000100011
00000010100000010010010000100011
00000011000000010000010000010011
11111100101001000010111000100011
00000000101100000000000010110011
00000000000000110000011110110111
00000000000001111000011110010011
00100000000101111000011110010011
11111110111101000010001000100011
11111110000001000010010000100011
00000000001100000000011110010011
11111110111101000010011000100011
00000000000000001100011110000011
00000000111100000000010110110011
00000000000100001100011110000011
00000000111100000000011000110011
00000000011100001100011110000011
00000000111100000000011010110011
00000000100000001010011110000011
00000000111100000000011100110011
00010000000000010000011110110111
00000000000001111000010100010011
00000000000000000000000000010011
11111101110001000010011110000011
11111110010001000010011100000011
00000000111001111010000000100011
11111110100001000010011100000011
00000000111001111010001000100011
11111110110001000010011100000011
00000000111001111010010000100011
11111101110001000010010100000011
00000010110000010010000010000011
00000010100000010010010000000011
00000011000000010000000100010011
00000000000000001000000001100111
11111100000000010000000100010011
00000010000100010010111000100011
00000010100000010010110000100011
00000100000000010000010000010011
00000001001000000000011110110111
00000000000001111000011110010011
01110000010101111000011110010011
11111110111101000010001000100011
00000100000000010000011110110111
00000000000001111000011110010011
00010000010001111000011110010011
11111110111101000010010000100011
00000000110100000000011110010011
11111110111101000010011000100011
11111110010001000000011100010011
11111110010001000010011110000011
11111100111101000010100000100011
11111110100001000010011110000011
11111100111101000010101000100011
11111110110001000010011110000011
11111100111101000010110000100011
11111101000001000000011110010011
00000000111100000000010110110011
00000000111000000000010100110011
00000000000000000000000000010011
11111101000001000000011100010011
11111110010001000010011110000011
11111100111101000010000000100011
11111110100001000010011110000011
11111100111101000010001000100011
11111110110001000010011110000011
11111100111101000010010000100011
11111100000001000000011110010011
00000000111100000000010110110011
00000000111000000000010100110011
00000000000000000000000000010011
00000000110000000000011110010011
00000000111100000000010100110011
00000011110000010010000010000011
00000011100000010010010000000011
00000100000000010000000100010011
00000000000000001000000001100111
