11111011000000010000000100010011
00000100100000010010011000100011
00000101000000010000010000010011
11111010101001000010111000100011
11111010101101000010110000100011
00000000000100000000011110010011
11111110111101000010010000100011
00000000010000000000011110010011
11111100111101000010111000100011
11111110100001000010011100000011
11111101110001000010011110000011
00000000111101110000011110110011
00000000111100000000010100110011
00000100110000010010010000000011
00000101000000010000000100010011
00000000000000001000000001100111
