11111110000000010000000100010011
00000000100000010010111000100011
00000010000000010000010000010011
11111110000001000010011000100011
11111110110001000010011110000011
00000000001101111001011110010011
00000001100001111001011110010011
01000001100001111101011110010011
01000000001101111101011110010011
00000001100001111001011110010011
01000001100001111101011110010011
00000001111101111111011110010011
00001111111101111111011110010011
00000001111101111000011110010011
00000001111101111111011110010011
00001111111101111111011110010011
00000000001101111001011110010011
00000001100001111001011110010011
01000001100001111101011110010011
01000000001101111101011110010011
00000001100001111001011110010011
01000001100001111101011110010011
00000001111101111111011010010011
11111110110001000100011110000011
11111110000001111111011110010011
00000000111100000000011100110011
00000000110100000000011110110011
00000000111101110110011110110011
11111110111101000000011000100011
11111110110001000100011110000011
00000010000001111110011110010011
11111110111101000000011000100011
11111110110001000010011110000011
00000000001101111001011110010011
00000001100001111001011110010011
01000001100001111101011110010011
01000000001101111101011110010011
00000001100001111001011110010011
01000001100001111101011110010011
00000000111100000000011100110011
11111110110001000010011110000011
00000000010101111101011110010011
00000000000101111111011110010011
00001111111101111111011110010011
01000000111101110000011110110011
00000000111100000000010100110011
00000001110000010010010000000011
00000010000000010000000100010011
00000000000000001000000001100111
