11111110000000010000000100010011
00000000100000010010111000100011
00000010000000010000010000010011
00000000000000000001011110110111
00000000000001111000011110010011
01001101111001111000011110010011
11111110111101000001011000100011
11111110110001000010011100000011
11111111111100010000011110110111
00000000000001111000011110010011
11111111111101111000011110010011
00000000111101110111011100110011
00000000000000110000011110110111
00000000000001111000011110010011
00000000111101110110011110110011
11111110111101000010011000100011
11111110110001000010011100000011
11111111111100000000011110110111
00000000000001111000011110010011
11111111111101111000011110010011
00000000111101110111011110110011
11111110111101000010011000100011
11111110110001000010011100000011
11111111001000000000011110110111
00000000000001111000011110010011
11111111111101111000011110010011
00000000111101110111011100110011
00000000010000000000011110110111
00000000000001111000011110010011
00000000111101110110011110110011
11111110111101000010011000100011
11111110110001000010011110000011
00000000111100000000010100110011
00000001110000010010010000000011
00000010000000010000000100010011
00000000000000001000000001100111
11111110000000010000000100010011
00000000100000010010111000100011
00000010000000010000010000010011
11111110000001000010011000100011
00000101011100000000011110010011
11111110111101000001011000100011
11111110110001000010011110000011
00000000111100000000010100110011
00000001110000010010010000000011
00000010000000010000000100010011
00000000000000001000000001100111
11111101000000010000000100010011
00000010000100010010011000100011
00000010100000010010010000100011
00000011000000010000010000010011
00000000000000000000000000010011
00000000101000000000011110110011
11111110111101000010011000100011
00000000000000000000000000010011
00000000101000000000011110110011
11111110111101000010010000100011
11111110110001000001011110000011
00000000111100000000010110110011
11111110110001000010011110000011
00000000110001111001011110010011
01000001110001111101011110010011
00000001100001111001011110010011
01000001100001111101011110010011
00000000111100000000011000110011
11111110110001000010011110000011
00000000101101111001011110010011
01000001111101111101011110010011
00000001100001111001011110010011
01000001100001111101011110010011
00000000111100000000011010110011
11111110110001000010011110000011
00000000100001111001011110010011
01000001110101111101011110010011
00000001100001111001011110010011
01000001100001111101011110010011
00000000111100000000011100110011
11111110100001000001011110000011
00000000111100000000010100110011
11111110100001000010011110000011
00000000110001111001011110010011
01000001110001111101011110010011
00000001100001111001011110010011
01000001100001111101011110010011
00000000111100000000100000110011
11111110100001000010011110000011
00000000101101111001011110010011
01000001111101111101011110010011
00000001100001111001011110010011
01000001100001111101011110010011
00000000111100000000100010110011
11111110100001000010011110000011
00000000100001111001011110010011
01000001110101111101011110010011
00000001100001111001011110010011
01000001100001111101011110010011
00000000111100010010000000100011
00000000101000000000011110110011
00010000000000010000010100110111
00000000000001010000010100010011
00000000000000000000000000010011
00000000101000000000011110110011
00000000111100000000010100110011
00000010110000010010000010000011
00000010100000010010010000000011
00000011000000010000000100010011
00000000000000001000000001100111
