11111110000000010000000100010011
00000000000100010010111000100011
00000000100000010010110000100011
00000010000000010000010000010011
11111110101001000010011000100011
00010000000000010000011110110111
00000000000001111000011110010011
00000000010001111010011110000011
00000000000101111001011110010011
00000001100001111001011110010011
01000001100001111101011110010011
01000000000101111101011110010011
00000001100001111001011110010011
01000001100001111101011110010011
00000000111100000000011000110011
00010000000000010000011110110111
00000000000001111000011110010011
00000000010001111010011110000011
00000000010001111001011110010011
00000001000001111001011110010011
01000001000001111101011110010011
01000000111001111101011110010011
00000001100001111001011110010011
01000001100001111101011110010011
00000000111100000000011010110011
00010000000000010000011110110111
00000000000001111000011110010011
00000001000001111100011110000011
00000000111100000000011100110011
00010000000000010000011110110111
00000000000001111000011110010011
00000001010001111010011110000011
00000000111101111111011110010011
00001111111101111111011110010011
11111110110001000010010110000011
00010000000000010000010100110111
00000000010001010000010100010011
00000000000000000000000000010011
00000000101000000000011110110011
00000000111100000000010100110011
00000001110000010010000010000011
00000001100000010010010000000011
00000010000000010000000100010011
00000000000000001000000001100111
11111110000000010000000100010011
00000000000100010010111000100011
00000000100000010010110000100011
00000010000000010000010000010011
00010000000000010000011110110111
00000000000001111000011110010011
11111110111101000010011000100011
00000000000000000000010100010011
00000000000000000000000000010011
11111110110001000010011110000011
00010010001101000101011100110111
00000000000001110000011100010011
01100111100001110000011100010011
00000000111001111010000000100011
11111110110001000010011110000011
00000000010001111000011110010011
10101011110011011111011100110111
00000000000001110000011100010011
11110000000101110000011100010011
00000000111001111010000000100011
11111110110001000010011110000011
00000000100001111000011110010011
10011000000101110010011100110111
00000000000001110000011100010011
01010011010001110000011100010011
00000000111001111010000000100011
11111110110001000010011110000011
00000000110001111000011110010011
01100010011100111000011100110111
00000000000001110000011100010011
01000101001001110000011100010011
00000000111001111010000000100011
11111110110001000010011110000011
00000001000001111000011110010011
00000001100100100011011100110111
00000000000001110000011100010011
01000111010101110000011100010011
00000000111001111010000000100011
11111110110001000010011110000011
00000001010001111000011110010011
01001001000100110000011100110111
00000000000001110000011100010011
01100010011001110000011100010011
00000000111001111010000000100011
00000000000100000000010100010011
00000000000000000000000000010011
00000001100000000000011110010011
00000000111100000000010100110011
00000001110000010010000010000011
00000001100000010010010000000011
00000010000000010000000100010011
00000000000000001000000001100111
