11111111000000010000000100010011
00000000000100010010011000100011
00000000100000010010010000100011
00000001000000010000010000010011
00010000000000010000011110110111
00000000000001111000010100010011
00000000000000000000000000010011
00000000101000000000011110110011
00000000111100000000010100110011
00000000110000010010000010000011
00000000100000010010010000000011
00000001000000010000000100010011
00000000000000001000000001100111
11111111000000010000000100010011
00000000000100010010011000100011
00000000100000010010010000100011
00000000100100010010001000100011
00000001000000010000010000010011
00010000000000010000011110110111
00000000100001111000010100010011
00000000000000000000000000010011
00000000101000000000010010110011
00010000000000010000011110110111
00000001000001111000010100010011
00000000000000000000000000010011
00000000101000000000011110110011
00000000111101001000011110110011
00000000111100000000010100110011
00000000110000010010000010000011
00000000100000010010010000000011
00000000010000010010010010000011
00000001000000010000000100010011
00000000000000001000000001100111
11111111000000010000000100010011
00000000000100010010011000100011
00000000100000010010010000100011
00000000100100010010001000100011
00000001000000010000010000010011
00000000000000000000000000010011
00000000101000000000010010110011
00000000000000000000000000010011
00000000101000000000011110110011
00000000111101001000011110110011
00000000111100000000010100110011
00000000110000010010000010000011
00000000100000010010010000000011
00000000010000010010010010000011
00000001000000010000000100010011
00000000000000001000000001100111
