11111110000000010000000100010011
00000000100000010010111000100011
00000010000000010000010000010011
11111110101001000010011000100011
11111110101101000010010000100011
11111110110001000010011110000011
00001010110001111000011110010011
00000000111100000000010100110011
00000001110000010010010000000011
00000010000000010000000100010011
00000000000000001000000001100111
11101010000000010000000100010011
00010100000100010010111000100011
00010100100000010010110000100011
00010110000000010000010000010011
11101010000001000000011110010011
00010101000000000000011100010011
00000000111000000000011000110011
00000000000000000000010110010011
00000000111100000000010100110011
00000000000000000000000000010011
11101010000001000000011110010011
00000000111100000000010110110011
00000010101000000000010100010011
00000000000000000000000000010011
00000000101000000000011110110011
00000000111100000000010110110011
00010000000000010000011110110111
00000000000001111000010100010011
00000000000000000000000000010011
00000000101000000000011110110011
00000000111100000000010100110011
00010101110000010010000010000011
00010101100000010010010000000011
00010110000000010000000100010011
00000000000000001000000001100111
