11111101000000010000000100010011
00000010100000010010011000100011
00000010100100010010010000100011
00000011001000010010001000100011
00000011000000010000010000010011
00000000101000000000100100110011
00000000101100000000010010110011
11111110110001000010011000100011
11111110110101000010010000100011
11111110111001000010001000100011
11111110111101000010000000100011
11111101000001000010111000100011
00000000000100000000011110010011
00000000111110010000000000100011
00000000000100000000011110010011
00000000111101001010000000100011
00000000010010010010011100000011
00000000000001001010011110000011
00000000111101110000011100110011
11111110110001000010011110000011
00000000111101110000011100110011
11111110100001000010011110000011
00000000111101110000011100110011
11111110010001000010011110000011
00000000111101110000011100110011
11111110000001000010011110000011
00000000111101110000011100110011
11111101110001000010011110000011
00000000111101110000011110110011
00000000111100000000010100110011
00000010110000010010010000000011
00000010100000010010010010000011
00000010010000010010100100000011
00000011000000010000000100010011
00000000000000001000000001100111
10000001000000010000000100010011
01111110000100010010011000100011
01111110100000010010010000100011
01111111000000010000010000010011
11111100000000010000000100010011
00000000000100000000011110010011
11111110111101000000001000100011
00000000001000000000011110010011
11111110111101000010010000100011
11111110000001000010011000100011
11111110010001000010011110000011
10111100111101000010100000100011
11111110100001000010011110000011
10111100111101000010101000100011
11111110110001000010011110000011
10111100111101000010110000100011
11111111111111111111011110110111
00000000000001111000011110010011
11111111000001000000011100010011
00000000111101110000011110110011
01111110000001111000011110010011
10111110100001000000011100010011
00111111110000000000011010010011
00000000110100000000011000110011
00000000111000000000010110110011
00000000111100000000010100110011
00000000000000000000000000010011
11111111111111111111011110110111
00000000000001111000011110010011
01111110000001111000011110010011
11111111000001000000011100010011
00000000111101110000010110110011
10111101000001000000010100010011
00000000010100000000100000010011
00000000010000000000011110010011
00000000001100000000011100010011
00000000001000000000011010010011
00000000000100000000011000010011
00000000000000000000000000010011
00000000101000000000011110110011
00000000111100000000010100110011
00000100000000010000000100010011
01111110110000010010000010000011
01111110100000010010010000000011
01111111000000010000000100010011
00000000000000001000000001100111
