11111101000000010000000100010011
00000010100000010010011000100011
00000011000000010000010000010011
11111110101001000010011000100011
11111110101101000010010000100011
11111110110001000010000000100011
11111110110101000010001000100011
11111100111001000010111000100011
11111100111101000010110000100011
11111101000001000010101000100011
11111101000101000010100000100011
11111110110001000010011100000011
11111110100001000010011110000011
00000000111101110000011100110011
11111110000001000010011110000011
00000000111101110000011100110011
11111110010001000010011110000011
00000000111101110000011100110011
11111101110001000010011110000011
00000000111101110000011100110011
11111101100001000010011110000011
00000000111101110000011100110011
11111101010001000010011110000011
00000000111101110000011100110011
11111101000001000010011110000011
00000000111101110000011100110011
00000000000001000010011110000011
00000000111101110000011110110011
00000000111100000000010100110011
00000010110000010010010000000011
00000011000000010000000100010011
00000000000000001000000001100111
11111011000000010000000100010011
00000100000100010010011000100011
00000100100000010010010000100011
00000101000000010000010000010011
00000000100000000000011110010011
11111100111101000010011000100011
00000000100100000000011110010011
11111100111101000010100000100011
00000000000100000000011110010011
11111110111101000010011000100011
00000000001000000000011110010011
11111110111101000010010000100011
00000000001100000000011110010011
11111110111101000010001000100011
00000000010000000000011110010011
11111110111101000010000000100011
00000000010100000000011110010011
11111100111101000010111000100011
00000000011000000000011110010011
11111100111101000010110000100011
00000000011100000000011110010011
11111100111101000010101000100011
11111101010001000010011110000011
00000000111100010010000000100011
11111101100001000010100010000011
11111101110001000010100000000011
11111110000001000010011110000011
11111110010001000010011100000011
11111100110001000010011000000011
11111101000001000010011010000011
11111110100001000010010110000011
11111110110001000010010100000011
00000000000000000000000000010011
00000000101000000000011110110011
00000000111100000000010100110011
00000100110000010010000010000011
00000100100000010010010000000011
00000101000000010000000100010011
00000000000000001000000001100111
