11111110000000010000000100010011
00000000000100010010111000100011
00000000100000010010110000100011
00000010000000010000010000010011
11111110000001000010011000100011
00010000000000010000011110110111
00001001000001111000010100010011
00000000000000000000000000010011
00000000101000000000011100110011
11111110110001000010011110000011
00000000111001111000011110110011
11111110111101000010011000100011
00010000000000010000011110110111
00001010010001111000010100010011
00000000000000000000000000010011
00000000101000000000011100110011
11111110110001000010011110000011
00000000111001111000011110110011
11111110111101000010011000100011
11111110110001000010011110000011
00000000111100000000010100110011
00000001110000010010000010000011
00000001100000010010010000000011
00000010000000010000000100010011
00000000000000001000000001100111
11111110000000010000000100010011
00000000000100010010111000100011
00000000100000010010110000100011
00000010000000010000010000010011
11111110000001000010010000100011
11111110000001000010011000100011
00000100000000000000000001101111
00010000000000010000011110110111
00000110010001111000011100010011
11111110110001000010011110000011
00000000001001111001011110010011
00000000111101110000011110110011
00000000000001111010011110000011
00000000111100000000010100110011
00000000000000000000000000010011
00000000101000000000011100110011
11111110100001000010011110000011
00000000111001111000011110110011
11111110111101000010010000100011
11111110110001000010011110000011
00000000000101111000011110010011
11111110111101000010011000100011
11111110110001000010011100000011
00000000101000000000011110010011
11111010111001111111111011100011
00000000000000000000000000010011
00000000101000000000011100110011
11111110100001000010011110000011
00000000111001111000011110110011
11111110111101000010010000100011
11111110100001000010011110000011
00001100001001111000011110010011
11111110111101000010010000100011
11111110100001000010011110000011
00001001100001111000011110010011
11111110111101000010010000100011
11111110100001000010011110000011
00000000101001111000011110010011
11111110111101000010010000100011
11111110100001000010010110000011
00010000000000010000011110110111
00001101010001111000010100010011
00000000000000000000000000010011
00000000101000000000011110110011
00000000111100000000010100110011
00000001110000010010000010000011
00000001100000010010010000000011
00000010000000010000000100010011
00000000000000001000000001100111
