11111101000000010000000100010011
00000010000100010010011000100011
00000010100000010010010000100011
00000011000000010000010000010011
11111100101001000010111000100011
11111110000001000010011000100011
00000001110000000000000001101111
11111110110001000010011100000011
11111101110001000010011110000011
00000010111101110000011001100011
11111110110001000010011110000011
00000000000101111000011110010011
11111110111101000010011000100011
11111110110001000010011100000011
00000000010000000000011110010011
11111110111001111101000011100011
11111110110001000010011100000011
00000000000100000000011110010011
00000000111101110001100001100011
00000000100000000000000001101111
00000000000000000000000000010011
00000000000000000000000000010011
11111110110001000010011110000011
00000000000001111001011001100011
00000000000000000000000000010011
00000000000000000000000000010011
00000000000000000000011110010011
00000000111100000000010100110011
00000010110000010010000010000011
00000010100000010010010000000011
00000011000000010000000100010011
00000000000000001000000001100111
11111110000000010000000100010011
00000000000100010010111000100011
00000000100000010010110000100011
00000010000000010000010000010011
11111110000001000010011000100011
11111110110001000010011100000011
00000110001100000000011110010011
00000010111001111100000001100011
11111110110001000010011100000011
00000010101000000000011110010011
00000000111101110000111001100011
11111110110001000010011110000011
00000000000101111000011110010011
11111110111101000010011000100011
11111101110111111111000001101111
00000000000000000000000000010011
00000000100000000000000001101111
00000000000000000000000000010011
11111110110001000010010100000011
00000000000000000000000000010011
00000000101000000000011100110011
11111110110001000010011110000011
00000000111101110000011110110011
00000000111100000000010100110011
00000001110000010010000010000011
00000001100000010010010000000011
00000010000000010000000100010011
00000000000000001000000001100111
