11111111000000010000000100010011
00000000000100010010011000100011
00000000100000010010010000100011
00000001000000010000010000010011
00010000000000010000011110110111
00000000000001111000011110010011
00000000000001111010011110000011
00000000111100000000011100110011
00000000000000000010011110110111
00000000000001111000011110010011
11111111111101111000011110010011
00000000111101110111011110110011
00000001000001111001011110010011
00000001000001111101011110010011
00000000111100000000010110110011
00010000000000010000011110110111
00000000000001111000011110010011
00000000000001111010011110000011
01000000110101111101011110010011
00000000111100000000011000110011
00010000000000010000011110110111
00000000000001111000011110010011
00000000010001111010011010000011
00010000000000010000011110110111
00000000000001111000011110010011
00000000100001111010011110000011
00000000111101111001011110010011
01000000111101111101011110010011
00000000111100000000011100110011
00010000000000010000011110110111
00000000000001111000011110010011
00000000100001111010011110000011
00000000100001111001011110010011
01000001100101111101011110010011
00000001100001111001011110010011
01000001100001111101011110010011
00000000110000000000100000010011
00010000000000010000010100110111
00000000110001010000010100010011
00000000000000000000000000010011
00000000101000000000011110110011
00000000111100000000010100110011
00000000110000010010000010000011
00000000100000010010010000000011
00000001000000010000000100010011
00000000000000001000000001100111
