11111110000000010000000100010011
00000000100000010010111000100011
00000010000000010000010000010011
00000001011100000000011110010011
11111110111101000010011000100011
00000000001100000000011110010011
11111110111101000000010110100011
11111110110001000010011110000011
11111111111101111100011100010011
11111110101101000100011110000011
11111111111101111100011110010011
00000000111101110000011110110011
00000000111100000000010100110011
00000001110000010010010000000011
00000010000000010000000100010011
00000000000000001000000001100111
