11111101000000010000000100010011
00000010100000010010011000100011
00000011000000010000010000010011
00000000000100000000011110010011
11111110111101000010011000100011
00000000001000000000011110010011
11111110111101000010010000100011
00000000001100000000011110010011
11111110111101000010001000100011
00000000010000000000011110010011
11111110111101000010000000100011
00000000010100000000011110010011
11111100111101000010111000100011
00000000001100000000011110010011
11111100111101000010110000100011
00000000001100000000011110010011
11111100111101000010101000100011
00000000011100000000011110010011
11111100111101000010100000100011
11111110110001000010011100000011
11111110100001000010011110000011
00000000111101110000011110110011
11111110111101000010011000100011
11111110010001000010011100000011
11111110000001000010011110000011
00000000111101110000011110110011
11111110111101000010001000100011
11111110010001000010011110000011
11111110010001000010011100000011
01000000111101110000011110110011
11111110111101000010001000100011
11111101110001000010011110000011
00000000000101111001011110010011
11111100111101000010111000100011
11111101110001000010011100000011
00000000010100000000011110010011
00000010111101110100011110110011
11111100111101000010111000100011
11111110110001000010011110000011
11111111111101111000011110010011
11111110000001000010011100000011
00000010111101110110011110110011
11111110111101000010000000100011
11111101100001000010011110000011
00000001000101111111011110010011
11111100111101000010110000100011
11111101010001000010011110000011
00000001000101111110011110010011
11111100111101000010101000100011
11111101000001000010011110000011
00000001000101111100011110010011
11111100111101000010100000100011
11111110110001000010011100000011
11111110100001000010011110000011
00000000111101110000011100110011
11111110010001000010011110000011
00000000111101110000011100110011
11111110000001000010011110000011
00000000111101110000011100110011
11111101110001000010011110000011
00000000111101110000011100110011
11111101100001000010011110000011
00000000111101110000011100110011
11111101010001000010011110000011
00000000111101110000011100110011
11111101000001000010011110000011
00000000111101110000011110110011
00000000111100000000010100110011
00000010110000010010010000000011
00000011000000010000000100010011
00000000000000001000000001100111
