11111110000000010000000100010011
00000000100000010010111000100011
00000010000000010000010000010011
00000000000100000000011110010011
11111110111101000010010000100011
00000000001000000000011110010011
11111110111101000010011000100011
11111110100001000010011100000011
11111111111100000000011110010011
00000010111101110000100001100011
11111110110001000010011100000011
00000000001000000000011110010011
00000000111101110000101001100011
11111110110001000010011110000011
11111111111101111000011100010011
11111110111001000010011000100011
00000001100000000000000001101111
11111110110001000010011110000011
00000000000101111000011100010011
11111110111001000010011000100011
00000000100000000000000001101111
00000010101000000000011110010011
11111110111101000010001000100011
00000000001000000000011110010011
11111110111101000010000000100011
11111110010001000010011100000011
11111110100001000010011110000011
00000000111101110000011100110011
11111110110001000010011110000011
00000000111101110000011100110011
11111110000001000010011110000011
00000000111101110000011110110011
00000000111100000000010100110011
00000001110000010010010000000011
00000010000000010000000100010011
00000000000000001000000001100111
