11111101000000010000000100010011
00000010000100010010011000100011
00000010100000010010010000100011
00000011000000010000010000010011
11111110101001000010011000100011
11111110101101000010010000100011
11111110110001000010001000100011
11111110110101000010000000100011
11111100111001000010111000100011
11111100111101000010110000100011
11111101000001000010101000100011
11111101010001000010100010000011
11111101100001000010100000000011
11111101110001000010011110000011
11111110000001000010011100000011
11111110010001000010011010000011
11111110100001000010011000000011
11111110110001000010010110000011
00010000000000010000010100110111
00000000000001010000010100010011
00000000000000000000000000010011
00000000101000000000011110110011
00000000111100000000010100110011
00000010110000010010000010000011
00000010100000010010010000000011
00000011000000010000000100010011
00000000000000001000000001100111
11111111000000010000000100010011
00000000000100010010011000100011
00000000100000010010010000100011
00000001000000010000010000010011
11111111000000000000100000110111
00000000000010000000100000010011
00000000011000000000011110010011
00000000010100000000011100010011
00000000010000000000011010010011
00000000001100000000011000010011
00000000001000000000010110010011
00000000000100000000010100010011
00000000000000000000000000010011
00000000101000000000011110110011
00000000111100000000010100110011
00000000110000010010000010000011
00000000100000010010010000000011
00000001000000010000000100010011
00000000000000001000000001100111
