11111101000000010000000100010011
00000010100000010010011000100011
00000011000000010000010000010011
11111100101001000010111000100011
11111110000001000001010000100011
11111110000001000000010100100011
11111101110001000010011110000011
00001111111101111111011110010011
11111110111101000000010000100011
11111110100001000101011110000011
11111110111101000001011000100011
11111110101001000100011110000011
11111110111101000000011100100011
00000000000000000000011110010011
11111110110001000100011100000011
00001111111101110111011100010011
11110000000001111111011110010011
00000000111001111110011110110011
11111110110101000100011100000011
00001111111101110111011100010011
00000000100001110001011100010011
11111111111111110000011010110111
00000000000001101000011010010011
00001111111101101000011010010011
00000000110101111111011110110011
00000000111001111110011110110011
11111110111001000100011100000011
00001111111101110111011100010011
00000001000001110001011100010011
11111111000000010000011010110111
00000000000001101000011010010011
11111111111101101000011010010011
00000000110101111111011110110011
00000000111001111110011110110011
00000000111100000000010100110011
00000010110000010010010000000011
00000011000000010000000100010011
00000000000000001000000001100111
11111101000000010000000100010011
00000010100000010010011000100011
00000011000000010000010000010011
11111100101001000010111000100011
11111101110001000100011110000011
11111110111101000000010000100011
11111101110101000100011110000011
11111110111101000000010010100011
11111101111001000100011110000011
11111110111101000000010100100011
11111110100001000101011110000011
11111110111101000001011000100011
11111110101001000100011110000011
11111110111101000000011100100011
00000000000000000000011110010011
11111110110001000100011100000011
00001111111101110111011100010011
11110000000001111111011110010011
00000000111001111110011110110011
11111110110101000100011100000011
00001111111101110111011100010011
00000000100001110001011100010011
11111111111111110000011010110111
00000000000001101000011010010011
00001111111101101000011010010011
00000000110101111111011110110011
00000000111001111110011110110011
11111110111001000100011100000011
00001111111101110111011100010011
00000001000001110001011100010011
11111111000000010000011010110111
00000000000001101000011010010011
11111111111101101000011010010011
00000000110101111111011110110011
00000000111001111110011110110011
00000000111100000000010100110011
00000010110000010010010000000011
00000011000000010000000100010011
00000000000000001000000001100111
11111110000000010000000100010011
00000000000100010010111000100011
00000000100000010010110000100011
00000010000000010000010000010011
00000010101000000000010100010011
00000000000000000000000000010011
00000000101000000000011110110011
11111110111101000000011000100011
00000000100001111101011100010011
11111111111101110111011100010011
11111110111001000000011010100011
00000001000001111101011110010011
11111111111101111111011110010011
11111110111101000000011100100011
11111110110001000010010100000011
00000000000000000000000000010011
00000000101000000000011110110011
11111110111101000000010000100011
00000000100001111101011100010011
11111111111101110111011100010011
11111110111001000000010010100011
00000001000001111101011110010011
11111111111101111111011110010011
11111110111101000000010100100011
11111110110001000100011110000011
00000000111100000000010110110011
11111110110101000100011110000011
00000000111100000000011000110011
11111110111001000100011110000011
00000000111100000000011010110011
11111110100001000100011110000011
00000000111100000000011100110011
11111110100101000100011110000011
00000000111100000000010100110011
11111110101001000100011110000011
00000000111100000000100000110011
00000000101000000000011110110011
00010000000000010000010100110111
00000000000001010000010100010011
00000000000000000000000000010011
00000000101000000000011110110011
00000000111100000000010100110011
00000001110000010010000010000011
00000001100000010010010000000011
00000010000000010000000100010011
00000000000000001000000001100111
