11111110000000010000000100010011
00000000000100010010111000100011
00000000100000010010110000100011
00000010000000010000010000010011
11111110100000000000011110010011
11111110111101000000011110100011
00000000001000000000011110010011
11111110111101000000011100100011
11111110111101000100011100000011
11111110111001000100011110000011
00000000111101110001011000110011
11111110111101000100011100000011
11111110111001000100011110000011
01000000111101110101011110110011
00000000111100000000011010110011
00000000010000000000010110010011
00010000000000010000011110110111
00000000000001111000010100010011
00000000000000000000000000010011
00000000101000000000011110110011
00000000111100000000010100110011
00000001110000010010000010000011
00000001100000010010010000000011
00000010000000010000000100010011
00000000000000001000000001100111
11111110000000010000000100010011
00000000000100010010111000100011
00000000100000010010110000100011
00000010000000010000010000010011
00000110010100000000011110010011
11111110111101000000011110100011
00000000001100000000011110010011
11111110111101000010010000100011
11111110111101000000011100000011
11111110100001000010011110000011
00000000111101110001011000110011
11111110111101000000011100000011
11111110100001000010011110000011
01000000111101110101011110110011
00000000111100000000011010110011
00000000010000000000010110010011
00010000000000010000011110110111
00000000000001111000010100010011
00000000000000000000000000010011
00000000101000000000011110110011
00000000111100000000010100110011
00000001110000010010000010000011
00000001100000010010010000000011
00000010000000010000000100010011
00000000000000001000000001100111
11111110000000010000000100010011
00000000000100010010111000100011
00000000100000010010110000100011
00000010000000010000010000010011
01111110000000010000011110110111
00000000000001111000011110010011
11110000111101111000011110010011
11111110111101000010011000100011
00000010000100000000011110010011
11111110111101000001010100100011
11111110101001000001011110000011
11111110110001000010011100000011
00000000111101110001011100110011
11111110110001000010011110000011
01000000010001111101011110010011
00000000111100000000011010110011
00000000111000000000011000110011
00000000010000000000010110010011
00010000000000010000011110110111
00000001000001111000010100010011
00000000000000000000000000010011
00000000101000000000011110110011
00000000111100000000010100110011
00000001110000010010000010000011
00000001100000010010010000000011
00000010000000010000000100010011
00000000000000001000000001100111
11111110000000010000000100010011
00000000000100010010111000100011
00000000100000010010110000100011
00000010000000010000010000010011
01111110101010111101011110110111
00000000000001111000011110010011
11011111010001111000011110010011
11111110111101000010011000100011
11111110110001000010011110000011
00000000001101111001011110010011
00000000000101111101011110010011
00000000111100000000010110110011
00010000000000010000011110110111
00000010000001111000010100010011
00000000000000000000000000010011
00000000101000000000011110110011
00000000111100000000010100110011
00000001110000010010000010000011
00000001100000010010010000000011
00000010000000010000000100010011
00000000000000001000000001100111
11111110000000010000000100010011
00000000000100010010111000100011
00000000100000010010110000100011
00000010000000010000010000010011
00000000010101101000011110110111
00000000000001111000011110010011
10001001010101111000011110010011
11111110111101000010011000100011
01011001111000100101011110110111
00000000000001111000011110010011
01000000000001111000011110010011
11111110111101000010010000100011
11111110110001000010011110000011
00000000101001111001011110010011
11111110111101000010011000100011
11111110110001000010011000000011
11111110100001000010010110000011
00010000000000010000011110110111
00000010010001111000010100010011
00000000000000000000000000010011
00000000101000000000011110110011
00000000111100000000010100110011
00000001110000010010000010000011
00000001100000010010010000000011
00000010000000010000000100010011
00000000000000001000000001100111
11111111000000010000000100010011
00000000000100010010011000100011
00000000100000010010010000100011
00000000100100010010001000100011
00000001000000010000010000010011
00000000000000000000000000010011
00000000101000000000010010110011
00000000000000000000000000010011
00000000101000000000011110110011
00000000111101001000010010110011
00000000000000000000000000010011
00000000101000000000011110110011
00000000111101001000010010110011
00000000000000000000000000010011
00000000101000000000011110110011
00000000111101001000010010110011
00000000000000000000000000010011
00000000101000000000011110110011
00000000111101001000011110110011
00000000111100000000010100110011
00000000110000010010000010000011
00000000100000010010010000000011
00000000010000010010010010000011
00000001000000010000000100010011
00000000000000001000000001100111
