11111110000000010000000100010011
00000000100000010010111000100011
00000010000000010000010000010011
00000000001000000000011110010011
11111110111101000010011000100011
11111110000001000010010000100011
11111110100001000010011110000011
00000000011101111010011110010011
00000000000101111100011110010011
00001111111101111111011110010011
11111110111101000010001000100011
11111110100001000010011110000011
00000000011101111010011110010011
00001111111101111111011110010011
11111110111101000010000000100011
11111110110001000010011100000011
11111110010001000010011110000011
00000000111101110000011100110011
11111110000001000010011110000011
00000000111101110000011110110011
00000000111100000000010100110011
00000001110000010010010000000011
00000010000000010000000100010011
00000000000000001000000001100111
11111110000000010000000100010011
00000000100000010010111000100011
00000010000000010000010000010011
00000000000100000000011110010011
11111110111101000010011000100011
00000000000100000000011110010011
11111110111101000010010000100011
11111110110001000010011110000011
00000000000001111000011001100011
00000000010000000000011110010011
11111110111101000010011000100011
11111110100001000010011110000011
00000000000001111000011001100011
00000000011100000000011110010011
11111110111101000010010000100011
11111110110001000010011100000011
11111110100001000010011110000011
00000000111101110000011110110011
00000000111100000000010100110011
00000001110000010010010000000011
00000010000000010000000100010011
00000000000000001000000001100111
11111110000000010000000100010011
00000000100000010010111000100011
00000010000000010000010000010011
00000000000100000000011110010011
11111110111101000010011000100011
00000000000100000000011110010011
11111110111101000010010000100011
11111110100001000010011110000011
00000000000101111000011110010011
00000000111100000011011110110011
00001111111101111111011110010011
11111110111101000010010000100011
11111110110001000010011100000011
11111110100001000010011110000011
00000000111101110000011110110011
00000000111100000000010100110011
00000001110000010010010000000011
00000010000000010000000100010011
00000000000000001000000001100111
11111110000000010000000100010011
00000000000100010010111000100011
00000000100000010010110000100011
00000000100100010010101000100011
00000010000000010000010000010011
00000000000100000000011110010011
11111110111101000000011100100011
00000000001000000000011110010011
11111110111101000000011110100011
11111110111001000100011110000011
00000000000001111001010001100011
11111110000001000000011110100011
00000000000000000000011110010011
11111110111101000010010000100011
00000000000100000000011110010011
11111110111101000010001000100011
11111110111101000100010010000011
00000000000000000000000000010011
00000000101000000000011110110011
00000000111101001000010010110011
00000000000000000000000000010011
00000000101000000000011110110011
00000000111101001000010010110011
00000000000000000000000000010011
00000000101000000000011110110011
00000000111101001000011110110011
00000000111100000000010100110011
00000001110000010010000010000011
00000001100000010010010000000011
00000001010000010010010010000011
00000010000000010000000100010011
00000000000000001000000001100111
