11111111000000010000000100010011
00000000100000010010011000100011
00000001000000010000010000010011
00000000000100000000011110010011
00000000111100000000010100110011
00000000110000010010010000000011
00000001000000010000000100010011
00000000000000001000000001100111
11111110000000010000000100010011
00000000100000010010111000100011
00000010000000010000010000010011
11111110000001000010011000100011
11111110110001000010011110000011
00000000000101111000011100010011
11111110111001000010011000100011
11111110000001111000101011100011
00000000000100000000011110010011
00000000111100000000010100110011
00000001110000010010010000000011
00000010000000010000000100010011
00000000000000001000000001100111
11111110000000010000000100010011
00000000100000010010111000100011
00000010000000010000010000010011
11111110000001000010011000100011
00000000001100000000011110010011
00000000111100000000010100110011
00000001110000010010010000000011
00000010000000010000000100010011
00000000000000001000000001100111
11111111000000010000000100010011
00000000000100010010011000100011
00000000100000010010010000100011
00000000100100010010001000100011
00000001000000010000010000010011
00000000000000000000000000010011
00000000101000000000010010110011
00000000000000000000000000010011
00000000101000000000011110110011
00000000111101001000010010110011
00000000000000000000000000010011
00000000101000000000011110110011
00000000111101001000011110110011
00000000111100000000010100110011
00000000110000010010000010000011
00000000100000010010010000000011
00000000010000010010010010000011
00000001000000010000000100010011
00000000000000001000000001100111
