11111110000000010000000100010011
00000000100000010010111000100011
00000010000000010000010000010011
11111111111111111110011110110111
00000000000001111000011110010011
11111011001001111000011110010011
11111110111101000001011100100011
11111110111001000001011110000011
01010100000001011111011100110111
00000000000001110000011100010011
10100011001001110000011100010011
00000010111101110100011110110011
11111110111101000010010000100011
11111110100001000010011110000011
00000000111100000000010100110011
00000001110000010010010000000011
00000010000000010000000100010011
00000000000000001000000001100111
11111110000000010000000100010011
00000000100000010010111000100011
00000010000000010000010000010011
00000110000100000000011110010011
11111110111101000000011110100011
11111110111101000100011100000011
00000000001100000000011110010011
00000010111101110101011110110011
00001111111101111111011110010011
00000000111100000000010100110011
00000001110000010010010000000011
00000010000000010000000100010011
00000000000000001000000001100111
11111110000000010000000100010011
00000000000100010010111000100011
00000000100000010010110000100011
00000000100100010010101000100011
00000010000000010000010000010011
11111111111111111110011110110111
00000000000001111000011110010011
11111011001001111000011110010011
11111110111101000001011100100011
11111110111001000001011110000011
01010100000001011111011100110111
00000000000001110000011100010011
10100011001001110000011100010011
00000010111101110100011110110011
11111110111101000010010000100011
00000000000000000000000000010011
00000000101000000000011100110011
11111110100001000010011110000011
00000000111101110000010010110011
00000000000000000000000000010011
00000000101000000000011110110011
00000000111101001000011110110011
00000000111100000000010100110011
00000001110000010010000010000011
00000001100000010010010000000011
00000001010000010010010010000011
00000010000000010000000100010011
00000000000000001000000001100111
