11111100000000010000000100010011
00000010000100010010111000100011
00000010100000010010110000100011
00000100000000010000010000010011
00000001010100000000011110010011
11111110111101000010011000100011
00000000010000000000011110010011
11111110111101000010010000100011
00000000010000000000011110010011
11111110111101000010001000100011
00000000010100000000011110010011
11111110111101000010000000100011
00000000010000000000010110010011
00010000000000010000011110110111
00000000000001111000010100010011
00000000000000000000000000010011
00000000010000000000010110010011
00010000000000010000011110110111
00000001110001111000010100010011
00000000000000000000000000010011
11111110000001000010011100000011
11111110010001000010011010000011
11111110100001000010011000000011
11111110110001000010010110000011
00010000000000010000011110110111
00000010110001111000010100010011
00000000000000000000000000010011
00000000000000000000011110010011
00000000111100000000010100110011
00000011110000010010000010000011
00000011100000010010010000000011
00000100000000010000000100010011
00000000000000001000000001100111
