11111110000000010000000100010011
00000000000100010010111000100011
00000000100000010010110000100011
00000010000000010000010000010011
00000000100000000000011110010011
00000000111100010010011000100011
00000000100000000000011110010011
00000000111100010010010000100011
00000000100000000000011110010011
00000000111100010010001000100011
00000000100000000000011110010011
00000000111100010010000000100011
00000000100000000000100010010011
00000000010000000000100000010011
00000000010000000000011110010011
00000000010000000000011100010011
00000000010000000000011010010011
00000000010000000000011000010011
00000000010000000000010110010011
00010000000000010000010100110111
00000000000001010000010100010011
00000000000000000000000000010011
00000000101000000000011110110011
00000000111100000000010100110011
00000001110000010010000010000011
00000001100000010010010000000011
00000010000000010000000100010011
00000000000000001000000001100111
