11111101000000010000000100010011
00000010100000010010011000100011
00000011000000010000010000010011
00000000010000000000011110010011
11111110111101000010010000100011
00000000010100000000011110010011
11111110111101000010011000100011
11111100000001000010111000100011
11111110000001000010000000100011
11111110000001000010001000100011
00000000000100000000011110010011
11111100111101000010111000100011
00000110000100000000011110010011
11111110111101000000000000100011
11111110100001000000011110010011
11111110111101000010001000100011
11111110010001000010011110000011
00000000001100000000011100010011
00000000111001111010000000100011
11111110010001000010011110000011
00000000010000000000011100010011
00000000111001111010001000100011
11111110100001000010011100000011
11111110110001000010011110000011
00000000111101110000011110110011
00000000111100000000010100110011
00000010110000010010010000000011
00000011000000010000000100010011
00000000000000001000000001100111
