11111101000000010000000100010011
00000010000100010010011000100011
00000010100000010010010000100011
00000011000000010000010000010011
11111111111100000000011110010011
11111110111101000010011000100011
00000000001000000000011110010011
11111110111101000010010000100011
11111110000001000010001000100011
11111110010001000010011110000011
00000000001001111010011110010011
00001111111101111111011110010011
00000000111100000000011100110011
11111110010001000010011110000011
00000000111001111010011110110011
00001111111101111111011110010011
11111110111101000010000000100011
00000000000100000000011110010011
11111100111101000010111000100011
00000000001000000000011110010011
11111100111101000010110000100011
11111110010001000010011110000011
00000000000101111011011110010011
00001111111101111111011110010011
00000000111100000000011100110011
11111110110001000010011110000011
00000000111101110000011110110011
00000000011101111000011110010011
00000000111100000011011110110011
00001111111101111111011110010011
11111110111101000010001000100011
11111110100001000010011110000011
11111111111101111000011110010011
00000000001001111001011110010011
11111111000001000000011100010011
00000000111101110000011110110011
00000000000100000000011100010011
11111110111001111010000000100011
00000000010000000000010110010011
00010000000000010000011110110111
00000000000001111000010100010011
00000000000000000000000000010011
11111110010001000010011100000011
11111110000001000010011110000011
00000000111101110000011100110011
11111101110001000010011110000011
00000000111101110000011100110011
11111101100001000010011110000011
00000000111101110000011110110011
00000000111100000000010100110011
00000010110000010010000010000011
00000010100000010010010000000011
00000011000000010000000100010011
00000000000000001000000001100111
