11111110000000010000000100010011
00000000000100010010111000100011
00000000100000010010110000100011
00000010000000010000010000010011
11111110101001000010011000100011
11111110110001000010011110000011
00000010000001111000001001100011
11111110110001000010011110000011
11111111111101111000011110010011
00000000111100000000010100110011
00000000000000000000000000010011
00000000101000000000011100110011
11111110110001000010011110000011
00000010111101110000011110110011
00000000100000000000000001101111
00000000000100000000011110010011
00000000111100000000010100110011
00000001110000010010000010000011
00000001100000010010010000000011
00000010000000010000000100010011
00000000000000001000000001100111
11111111000000010000000100010011
00000000000100010010011000100011
00000000100000010010010000100011
00000001000000010000010000010011
00000000010100000000010100010011
00000000000000000000000000010011
00000000101000000000011110110011
00000000111100000000010100110011
00000000110000010010000010000011
00000000100000010010010000000011
00000001000000010000000100010011
00000000000000001000000001100111
