11111110000000010000000100010011
00000000000100010010111000100011
00000000100000010010110000100011
00000010000000010000010000010011
00010000000000010000011110110111
00000000000001111010011110000011
00000000010101111001011110010011
00000001100001111001011110010011
01000001100001111101011110010011
01000000010101111101011110010011
00000001100001111001011110010011
01000001100001111101011110010011
00000000011101111111011010010011
11111110110001000100011110000011
11111111100001111111011110010011
00000000111100000000011100110011
00000000110100000000011110110011
00000000111101110110011110110011
11111110111101000000011000100011
11111110110001000010011110000011
00000000010101111001011110010011
00000001100001111001011110010011
01000001100001111101011110010011
01000000010101111101011110010011
00000001100001111001011100010011
01000001100001110101011100010011
00010000000000010000011110110111
00000000010001111010011110000011
00000000111001111010000000100011
00010000000000010000011110110111
00000000000001111010011110000011
00000000111100000000010110110011
00010000000000010000011110110111
00000000100001111000010100010011
00000000000000000000000000010011
00000000000000000000011110010011
00000000111100000000010100110011
00000001110000010010000010000011
00000001100000010010010000000011
00000010000000010000000100010011
00000000000000001000000001100111
