11111110000000010000000100010011
00000000100000010010111000100011
00000010000000010000010000010011
11111110000001000010011000100011
11111110110001000010011100000011
11111111111111111110011110110111
00000000000001111000011110010011
00000000111101110111011110110011
00000000001001111110011110010011
11111110111101000010011000100011
11111110110001000010011110000011
00000000011101111001011110010011
00000001100001111001011110010011
01000001100001111101011110010011
01000000011101111101011110010011
00000001100001111001011110010011
01000001100001111101011110010011
00000000111100000000011100110011
11111110110001000010011110000011
00000000111101110000011110110011
00010000000000010000011100110111
00000000000001110010011100000011
00000000011101110001011100010011
00000001000001110001011100010011
01000001000001110101011100010011
01000000011101110101011100010011
00000001000001110001011100010011
01000001000001110101011100010011
00000000111001111000011110110011
00000000111100000000010100110011
00000001110000010010010000000011
00000010000000010000000100010011
00000000000000001000000001100111
