11111001000000010000000100010011
00000100100000010010011000100011
00000100100100010010010000100011
00000101000000010000010000010011
11111010101001000010111000100011
11111010101101000010110000100011
00000000110000000000010010110011
00000000110101000010011000100011
00000000111001000010100000100011
00000000111101000010101000100011
00000001000001000010110000100011
00000001000101000010111000100011
11111110000001000010011000100011
00000110011100000000011110010011
00000000111101001000000000100011
00000000110000000000011110010011
00000000111101001010001000100011
00000010000001000000011110010011
11111010111101000010101000100011
11111011010001000010011110000011
11111110110001111000011110010011
11111110111101000010001000100011
11111110000001000010010000100011
00001011000000000000000001101111
11111110100001000010011100000011
00000000001000000000011110010011
00000110111101110001111001100011
11111110010001000010011110000011
00000000010001111000011100010011
11111110111001000010001000100011
00000000000001111010011110000011
00000000000001111010010100000011
00000000010001111010010110000011
00000000100001111010011000000011
00000000110001111010011010000011
00000001000001111010011100000011
00000001010001111010011110000011
11111100101001000010011000100011
11111100101101000010100000100011
11111100110001000010101000100011
11111100110101000010110000100011
11111100111001000010111000100011
11111110111101000010000000100011
11111100110001000100011110000011
00000000111100000000011100110011
11111101000001000010011110000011
00000000111101110000011100110011
11111101010001000010011110000011
00000000111101110000011100110011
11111101100001000010011110000011
00000000111101110000011100110011
11111101110001000010011110000011
00000000111101110000011110110011
11111110000001000001011100000011
00000000111001111000011110110011
00000000111101001010011000100011
00000010000000000000000001101111
11111110010001000010011110000011
00000000010001111000011100010011
11111110111001000010001000100011
00000000000001111010011110000011
11111110110001000010011100000011
00000000111101110000011110110011
11111110111101000010011000100011
11111110100001000010011110000011
00000000000101111000011110010011
11111110111101000010010000100011
11111110100001000010011100000011
11111011100001000010011110000011
11110100111101110100011011100011
00000001000001001010011100000011
11111110110001000010011110000011
00000000111101110000011110110011
00000000111101001010100000100011
11111011110001000010011110000011
00000000000001001010100000000011
00000000010001001010010100000011
00000000100001001010010110000011
00000000110001001010011000000011
00000001000001001010011010000011
00000001010001001010011100000011
00000001000001111010000000100011
00000000101001111010001000100011
00000000101101111010010000100011
00000000110001111010011000100011
00000000110101111010100000100011
00000000111001111010101000100011
11111011110001000010010100000011
00000100110000010010010000000011
00000100100000010010010010000011
00000111000000010000000100010011
00000000000000001000000001100111
11110111000000010000000100010011
00001000000100010010011000100011
00001000100000010010010000100011
00001001000000010000010000010011
00010000000000010000011110110111
00000000000001111000011110010011
00000000000001111010010100000011
00000000010001111010010110000011
00000000100001111010011000000011
00000000110001111010011010000011
00000001000001111010011100000011
00000001010001111010011110000011
11111100101001000010110000100011
11111100101101000010111000100011
11111110110001000010000000100011
11111110110101000010001000100011
11111110111001000010010000100011
11111110111101000010011000100011
00010000000000010000011110110111
00000001100001111000011110010011
00000000000001111010010100000011
00000000010001111010010110000011
00000000100001111010011000000011
00000000110001111010011010000011
00000001000001111010011100000011
00000001010001111010011110000011
11111100101001000010000000100011
11111100101101000010001000100011
11111100110001000010010000100011
11111100110101000010011000100011
11111100111001000010100000100011
11111100111101000010101000100011
11111101100001000000001100010011
11111101100001000010010100000011
11111101110001000010010110000011
11111110000001000010011000000011
11111110010001000010011010000011
11111110100001000010011100000011
11111110110001000010011110000011
11111010101001000010000000100011
11111010101101000010001000100011
11111010110001000010010000100011
11111010110101000010011000100011
11111010111001000010100000100011
11111010111101000010101000100011
11111100000001000010010100000011
11111100010001000010010110000011
11111100100001000010011000000011
11111100110001000010011010000011
11111101000001000010011100000011
11111101010001000010011110000011
11111000101001000010000000100011
11111000101101000010001000100011
11111000110001000010010000100011
11111000110101000010011000100011
11111000111001000010100000100011
11111000111101000010101000100011
11111000000001000000011100010011
11111010000001000000011000010011
00000000010000000000011110010011
00000000111100010010001000100011
00000000001100000000011110010011
00000000111100010010000000100011
00000000001000000000100010010011
00000010101000000000100000010011
00000000111000000000011110110011
00000000100000000000011100010011
00000000101000000000011010010011
00000000011100000000010110010011
00000000011000000000010100110011
00000000000000000000000000010011
11111101100001000100011110000011
00000000111100000000011100110011
11111101110001000010011110000011
00000000111101110000011100110011
11111110000001000010011110000011
00000000111101110000011100110011
11111110010001000010011110000011
00000000111101110000011100110011
11111110100001000010011110000011
00000000111101110000011110110011
11111110110001000001011100000011
00000000111001111000011110110011
00000000111100000000010100110011
00001000110000010010000010000011
00001000100000010010010000000011
00001001000000010000000100010011
00000000000000001000000001100111
