11111011000000010000000100010011
00000010100000010010011000100011
00000011000000010000010000010011
11111100101001000010111000100011
00000000101101000010001000100011
00000000110001000010010000100011
00000000110101000010011000100011
00000000111001000010100000100011
00000000111101000010101000100011
00000001000001000010110000100011
00000001000101000010111000100011
00000010000001000000011110010011
11111100111101000010110000100011
11111101100001000010011110000011
11111110010001111000011110010011
11111110111101000010011000100011
11111110110001000010011110000011
00000000010001111000011100010011
11111110111001000010011000100011
00000000000001111010011100000011
11111101110001000010011110000011
00000000111001111010000000100011
11111110110001000010011110000011
00000000010001111000011100010011
11111110111001000010011000100011
00000000000001111010011100000011
11111101110001000010011110000011
00000000111001111010001000100011
00000000000000000000000000010011
00000010110000010010010000000011
00000101000000010000000100010011
00000000000000001000000001100111
11111111000000010000000100010011
00000000000100010010011000100011
00000000100000010010010000100011
00000001000000010000010000010011
00000000001000000000011000010011
00000000000100000000010110010011
00000000010000000000011110110111
00000000000001111000010100010011
00000000000000000000000000010011
00000000010000000000011110110111
00000000000001111000011110010011
00000000000001111010011100000011
00000000010000000000011110110111
00000000000001111000011110010011
00000000010001111010011110000011
00000000111100000000011000110011
00000000111000000000010110110011
00010000000000010000011110110111
00000000000001111000010100010011
00000000000000000000000000010011
00000000101000000000011110110011
00000000111100000000010100110011
00000000110000010010000010000011
00000000100000010010010000000011
00000001000000010000000100010011
00000000000000001000000001100111
