11111011000000010000000100010011
00000010100000010010011000100011
00000011000000010000010000010011
11111100101001000010111000100011
00000000101101000010001000100011
00000000110001000010010000100011
00000000110101000010011000100011
00000000111001000010100000100011
00000000111101000010101000100011
00000001000001000010110000100011
00000001000101000010111000100011
11111110000001000010011000100011
00000010000001000000011110010011
11111100111101000010110000100011
11111101100001000010011110000011
11111110010001111000011110010011
11111110111101000010001000100011
11111110000001000010010000100011
00000010110000000000000001101111
11111110010001000010011110000011
00000000010001111000011100010011
11111110111001000010001000100011
00000000000001111010011110000011
11111110110001000010011100000011
00000000111101110000011110110011
11111110111101000010011000100011
11111110100001000010011110000011
00000000000101111000011110010011
11111110111101000010010000100011
11111110100001000010011100000011
11111101110001000010011110000011
11111100111101110100100011100011
11111110110001000010011110000011
00000000111100000000010100110011
00000010110000010010010000000011
00000101000000010000000100010011
00000000000000001000000001100111
11111011000000010000000100010011
00000010100000010010011000100011
00000011000000010000010000010011
11111100101001000010111000100011
00000000101101000010001000100011
00000000110001000010010000100011
00000000110101000010011000100011
00000000111001000010100000100011
00000000111101000010101000100011
00000001000001000010110000100011
00000001000101000010111000100011
00000010000001000000011110010011
11111100111101000010110000100011
11111101100001000010011110000011
11111110010001111000011110010011
11111110111101000010010000100011
11111110100001000010011110000011
00000000010001111000011100010011
11111110111001000010010000100011
00000000000001111100011100000011
11111110111001000000011000100011
00000000000101111100011100000011
11111110111001000000011010100011
00000000001001111100011110000011
11111110111101000000011100100011
11111110110001000100011110000011
00000000111100000000011100110011
11111110110101000100011110000011
00000000111101110000011110110011
11111110111001000100011100000011
00000000111001111000011110110011
11111100111101000010111000100011
11111101110001000010011110000011
00000000111100000000010100110011
00000010110000010010010000000011
00000101000000010000000100010011
00000000000000001000000001100111
11111110000000010000000100010011
00000000000100010010111000100011
00000000100000010010110000100011
00000010000000010000010000010011
00000000000100000000011110010011
11111110111101000000011000100011
00000000001000000000011110010011
11111110111101000000011010100011
00000000001100000000011110010011
11111110111101000000011100100011
00000000010000000000100010010011
00000000001100000000100000010011
00000000001000000000011110010011
00000000000100000000011100010011
00000010101000000000011010010011
00000000100000000000011000010011
00000000101000000000010110010011
00000000011100000000010100010011
00000000000000000000000000010011
00000000101000000000011110110011
00000000111100000000010110110011
00010000000000010000011110110111
00000000000001111000010100010011
00000000000000000000000000010011
11111110110001000010010110000011
00000000000100000000010100010011
00000000000000000000000000010011
00000000101000000000011110110011
00000000111100000000010110110011
00010000000000010000011110110111
00000000110001111000010100010011
00000000000000000000000000010011
00000000000000000000011110010011
00000000111100000000010100110011
00000001110000010010000010000011
00000001100000010010010000000011
00000010000000010000000100010011
00000000000000001000000001100111
