11111101000000010000000100010011
00000010000100010010011000100011
00000010100000010010010000100011
00000011000000010000010000010011
11111100101001000010111000100011
11111100101101000010110000100011
11111101110001000010011110000011
00000000100001111000011110010011
00000000111101111000011110010011
00000000010001111101011110010011
00000000010001111001011110010011
01000000111100010000000100110011
00000000001000000000011110110011
00000000111101111000011110010011
00000000010001111101011110010011
00000000010001111001011110010011
11111110111101000010011000100011
11111101110001000010011110000011
00000000111100000000011000110011
11111101100001000010010110000011
11111110110001000010010100000011
00000000000000000000000000010011
11111110110001000010010110000011
00010000000000010000011110110111
00000000000001111000010100010011
00000000000000000000000000010011
00000000101000000000011110110011
00000000111100000000010100110011
11111101000001000000000100010011
00000010110000010010000010000011
00000010100000010010010000000011
00000011000000010000000100010011
00000000000000001000000001100111
11111111000000010000000100010011
00000000000100010010011000100011
00000000100000010010010000100011
00000001000000010000010000010011
00010000000000010000011110110111
00000000010001111000010110010011
00000000110100000000010100010011
00000000000000000000000000010011
00000000101000000000011110110011
00000000111100000000010100110011
00000000110000010010000010000011
00000000100000010010010000000011
00000001000000010000000100010011
00000000000000001000000001100111
