11111001000000010000000100010011
00000110000100010010011000100011
00000110100000010010010000100011
00000111000000010000010000010011
11111111111100000000011110010011
11111110111101000000011110100011
11111110000001000000011100100011
11111111111100000000011110010011
11111110111101000000011010100011
11111110000001000000011000100011
11111111111100000000011110010011
11111110111101000001010100100011
11111110000001000001010000100011
11111111111100000000011110010011
11111110111101000001001100100011
11111110000001000001001000100011
11111111111100000000011110010011
11111110111101000010000000100011
11111100000001000010111000100011
11111111111100000000011110010011
11111100111101000010110000100011
11111100000001000010101000100011
11111111111100000000011110010011
11111100111101000010100000100011
11111100000001000010011000100011
11111111111100000000011110010011
11111100111101000010010000100011
11111100000001000010001000100011
11111110111101000100010110000011
11111110111001000100011000000011
11111110110101000100011010000011
11111110110001000100010100000011
11111110101001000101001100000011
11111110100001000101100000000011
11111110011001000101100010000011
11111110010001000101011110000011
11111100010001000010011100000011
00000010111000010010000000100011
11111100100001000010011100000011
00000000111000010010111000100011
11111100110001000010011100000011
00000000111000010010110000100011
11111101000001000010011100000011
00000000111000010010101000100011
11111101010001000010011100000011
00000000111000010010100000100011
11111101100001000010011100000011
00000000111000010010011000100011
11111101110001000010011100000011
00000000111000010010010000100011
11111110000001000010011100000011
00000000111000010010001000100011
00000000111100010010000000100011
00000000011000000000011110110011
00000000101000000000011100110011
00010000000000010000010100110111
00000000000001010000010100010011
00000000000000000000000000010011
00000000101000000000011110110011
00000000111100000000010100110011
00000110110000010010000010000011
00000110100000010010010000000011
00000111000000010000000100010011
00000000000000001000000001100111
11111001000000010000000100010011
00000110000100010010011000100011
00000110100000010010010000100011
00000111000000010000010000010011
11111010000000000000011110010011
11111110111101000000011110100011
11111110000001000000011100100011
11111010000000000000011110010011
11111110111101000000011010100011
11111110000001000000011000100011
11111111111111111000011110110111
00000000000001111000011110010011
11111111111101111100011110010011
11111110111101000001010100100011
11111111111111111000011110110111
00000000000001111000011110010011
11111110111101000001010000100011
11111111111111111000011110110111
00000000000001111000011110010011
11111111111101111100011110010011
11111110111101000001001100100011
11111111111111111000011110110111
00000000000001111000011110010011
11111110111101000001001000100011
10000000000000000000011110110111
00000000000001111000011110010011
11111111111101111100011110010011
11111110111101000010000000100011
10000000000000000000011110110111
00000000000001111000011110010011
11111100111101000010111000100011
10000000000000000000011110110111
00000000000001111000011110010011
11111111111101111100011110010011
11111100111101000010110000100011
10000000000000000000011110110111
00000000000001111000011110010011
11111100111101000010101000100011
10000000000000000000011110110111
00000000000001111000011110010011
11111111111101111100011110010011
11111100111101000010100000100011
10000000000000000000011110110111
00000000000001111000011110010011
11111100111101000010011000100011
10000000000000000000011110110111
00000000000001111000011110010011
11111111111101111100011110010011
11111100111101000010010000100011
10000000000000000000011110110111
00000000000001111000011110010011
11111100111101000010001000100011
11111110111101000100010110000011
11111110111001000100011000000011
11111110110101000100011010000011
11111110110001000100010100000011
11111110101001000001001100000011
11111110100001000001100000000011
11111110011001000001100010000011
11111110010001000001011110000011
11111100010001000010011100000011
00000010111000010010000000100011
11111100100001000010011100000011
00000000111000010010111000100011
11111100110001000010011100000011
00000000111000010010110000100011
11111101000001000010011100000011
00000000111000010010101000100011
11111101010001000010011100000011
00000000111000010010100000100011
11111101100001000010011100000011
00000000111000010010011000100011
11111101110001000010011100000011
00000000111000010010010000100011
11111110000001000010011100000011
00000000111000010010001000100011
00000000111100010010000000100011
00000000011000000000011110110011
00000000101000000000011100110011
00010000000000010000010100110111
00001000100001010000010100010011
00000000000000000000000000010011
00000000101000000000011110110011
00000000111100000000010100110011
00000110110000010010000010000011
00000110100000010010010000000011
00000111000000010000000100010011
00000000000000001000000001100111
11111111000000010000000100010011
00000000000100010010011000100011
00000000100000010010010000100011
00000000100100010010001000100011
00000001000000010000010000010011
00000000000000000000000000010011
00000000101000000000010010110011
00000000000000000000000000010011
00000000101000000000011110110011
00000000111101001000011110110011
00000000111100000000010100110011
00000000110000010010000010000011
00000000100000010010010000000011
00000000010000010010010010000011
00000001000000010000000100010011
00000000000000001000000001100111
