11111110000000010000000100010011
00000000100000010010111000100011
00000010000000010000010000010011
11111110000001000010010000100011
00000000001100000000011110010011
11111110111101000000010000100011
00000000000100000000011110010011
11111110111101000000010010100011
00000000001000000000011110010011
11111110111101000000010100100011
00000000001100000000011110010011
11111110111101000000010110100011
11111110100001000010011110000011
11111110111101000010011000100011
11111110110001000010011110000011
00000000111100000000010100110011
00000001110000010010010000000011
00000010000000010000000100010011
00000000000000001000000001100111
11111110000000010000000100010011
00000000000100010010111000100011
00000000100000010010110000100011
00000010000000010000010000010011
00000000000000000000000000010011
00000000101000000000011110110011
11111110111101000010011000100011
11111110000001000010010000100011
11111110110001000010011110000011
11111110111101000010010000100011
11111110100101000100011110000011
00000000111100000000011010110011
11111110101001000100011110000011
00000000111100000000011100110011
11111110101101000100011110000011
00000000010000000000011000010011
00000000010000000000010110010011
00010000000000010000010100110111
00000000000001010000010100010011
00000000000000000000000000010011
00000000101000000000011110110011
00000000111100000000010100110011
00000001110000010010000010000011
00000001100000010010010000000011
00000010000000010000000100010011
00000000000000001000000001100111
