11111101000000010000000100010011
00000010000100010010011000100011
00000010100000010010010000100011
00000011000000010000010000010011
11111100101001000010111000100011
11111100101101000010110000100011
11111101110001000010010110000011
11111111111101011000010100010011
11111110101001000010011000100011
00000000101100000000010100110011
00000000101000000000111100110011
00000000000000000000111110010011
00000001101111110101010100010011
00000000010111111001111010010011
00000001110101010110111010110011
00000000010111110001111000010011
00000000101100000000010100110011
00000000001001010001111000010011
11111101110001000010010100000011
00000000000101010000010100010011
11111111111101010000111010010011
11111111110101000010010000100011
00000000101100000000111010110011
00000001110100000000100000110011
00000000000000000000100010010011
00000000101000000000111010110011
00000001110100000000011000110011
00000000000000000000011010010011
00000010110010001000111100110011
00000011000001101000111010110011
00000001110111110000111010110011
00000010110010000000111100110011
00000010110010000011011110110011
00000001111000000000011100110011
00000000111111101000011010110011
00000000110100000000011110110011
00000001101101110101011010010011
00000000010101111001001110010011
00000000011101101110001110110011
00000000010101110001001100010011
11111101100001000010011110000011
00000000000001111010011110000011
11111110111101000010001000100011
00000000001011100101011000010011
11111101110001000010011110000011
11111111111101111000011110010011
11111101100001000010011100000011
11111101110001000010011010000011
00000010110101100000011010110011
00000000111101101000011110110011
00000000001001111001011110010011
00000000111101110000011110110011
00000000000001111010011110000011
11111110111101000010000000100011
00000000101100000000011100110011
00000000101000000000011110110011
00000010111101110000011110110011
00000000001001111001011110010011
00000000101100000000011100110011
00000000001001110001011100010011
00000000111100000000011010110011
11111110000001000010011000000011
11111110010001000010010110000011
00010000000000010000011110110111
00000000000001111000010100010011
00000000000000000000000000010011
00000000101000000000011110110011
00000000111100000000010100110011
00000010110000010010000010000011
00000010100000010010010000000011
00000011000000010000000100010011
00000000000000001000000001100111
11111001000000010000000100010011
00000110000100010010011000100011
00000110100000010010010000100011
00000110100100010010001000100011
00000111001000010010000000100011
00000101001100010010111000100011
00000101010000010010110000100011
00000101010100010010101000100011
00000101011000010010100000100011
00000101011100010010011000100011
00000101100000010010010000100011
00000101100100010010001000100011
00000101101000010010000000100011
00000011101100010010111000100011
00000111000000010000010000010011
00000000001000000000011110110011
00000000111100000000010010110011
00000000110100000000011110010011
11111010111101000010101000100011
11111011010001000010011110000011
11111111111101111000001010010011
11111011010001000010000010000011
11111111111100101000011110010011
11111010111101000010110000100011
00000000010100000000011110110011
00000000111100000000010100110011
00000000000000000000010110010011
00000001101101010101011110010011
00000000010101011001011010010011
00000000110101111110011010110011
00000000010101010001011000010011
00000000010100000000011110110011
00000000001001111001011010010011
11111111111100001000011110010011
11111010111101000010111000100011
00000000010100000000011110110011
00000000111100000000111100110011
00000000000000000000111110010011
00000000000100000000011110110011
00000000111100000000100100110011
00000000000000000000100110010011
00000011001011111000011100110011
00000011111010011000011110110011
00000000111101110000011110110011
00000011001011110000011100110011
00000011001011110011111010110011
00000000111000000000111000110011
00000001110101111000011110110011
00000000111100000000111010110011
00000001101111100101011110010011
00000000010111101001011100010011
11111010111001000010011000100011
11111010110001000010011100000011
00000000111001111110011110110011
11111010111101000010011000100011
00000000010111100001011110010011
11111010111101000010010000100011
00000000010100000000011110110011
00000000111100000000110100110011
00000000000000000000110110010011
00000000000100000000011110110011
00000000111100000000110000110011
00000000000000000000110010010011
00000011100011011000011100110011
00000011101011001000011110110011
00000000111101110000011110110011
00000011100011010000011100110011
00000011100011010011001110110011
00000000111000000000001100110011
00000000011101111000011110110011
00000000111100000000001110110011
00000001101000110101011110010011
00000000011000111001011100010011
11111010111001000010001000100011
11111010010001000010011100000011
00000000111001111110011110110011
11111010111101000010001000100011
00000000011000110001011110010011
11111010111101000010000000100011
00000000010100000000011110110011
00000000111100000000101100110011
00000000000000000000101110010011
00000000000100000000011110110011
00000000111100000000101000110011
00000000000000000000101010010011
00000011010010111000011100110011
00000011011010101000011110110011
00000000111101110000011110110011
00000011010010110000011100110011
00000011010010110011100010110011
00000000111000000000100000110011
00000001000101111000011110110011
00000000111100000000100010110011
00000001101010000101011110010011
00000000011010001001011100010011
11111000111001000010111000100011
11111001110001000010011100000011
00000000111001111110011110110011
11111000111101000010111000100011
00000000011010000001011110010011
11111000111101000010110000100011
00000000010100000000011100110011
00000000000100000000011110110011
00000010111101110000011110110011
00000000001101111001011110010011
00000000111101111000011110010011
00000000010001111101011110010011
00000000010001111001011110010011
01000000111100010000000100110011
00000000001000000000011110110011
00000000001101111000011110010011
00000000001001111101011110010011
00000000001001111001011110010011
11111010111101000010100000100011
11111011000001000010011110000011
00000010101000000000011100010011
00000000111001111010000000100011
00000000001001101101011000010011
11111011010001000010011110000011
11111111111101111000011010010011
11111011010001000010011110000011
11111111111001111000011110010011
11111011000001000010011100000011
00000010110101100000011010110011
00000000111101101000011110110011
00000000001001111001011110010011
00000000111101110000011110110011
00000010000100000000011100010011
00000000111001111010000000100011
11111011010001000010011110000011
11111111111101111000011110010011
11111011000001000010010110000011
00000000111100000000010100110011
00000000000000000000000000010011
00000000101000000000011110110011
00000000100100000000000100110011
00000000111100000000010100110011
11111001000001000000000100010011
00000110110000010010000010000011
00000110100000010010010000000011
00000110010000010010010010000011
00000110000000010010100100000011
00000101110000010010100110000011
00000101100000010010101000000011
00000101010000010010101010000011
00000101000000010010101100000011
00000100110000010010101110000011
00000100100000010010110000000011
00000100010000010010110010000011
00000100000000010010110100000011
00000011110000010010110110000011
00000111000000010000000100010011
00000000000000001000000001100111
