11111101000000010000000100010011
00000010100000010010011000100011
00000011000000010000010000010011
11111100101001000010111000100011
11111101110001000010010110000011
11111111111101011000010100010011
11111110101001000010011000100011
00000000101100000000001100110011
00000000000000000000001110010011
00000001101100110101010110010011
00000000010100111001011010010011
00000000110101011110011010110011
00000000010100110001011000010011
11111101110001000010011010000011
00000000000101101000011010010011
11111111111101101000011000010011
11111110110001000010010000100011
00000000110100000000100000110011
00000000000000000000100010010011
00000001101110000101011010010011
00000000010110001001011110010011
00000000111101101110011110110011
00000000010110000001011100010011
00010000000000010000011110110111
00000000100001111000011110010011
11111110111101000010001000100011
11111110010001000010011110000011
11111110111101000010000000100011
11111110010001000010011110000011
00000000111100000000010100110011
00000010110000010010010000000011
00000011000000010000000100010011
00000000000000001000000001100111
11111111000000010000000100010011
00000000000100010010011000100011
00000000100000010010010000100011
00000000100100010010001000100011
00000001000000010000010000010011
00000000001100000000010100010011
00000000000000000000000000010011
00000000101000000000011110110011
00000000000001111010010010000011
00000000010100000000010100010011
00000000000000000000000000010011
00000000101000000000011110110011
00000000100001111000011110010011
00000000000001111010011110000011
00000000111100000000011000110011
00000000100100000000010110110011
00010000000000010000011110110111
00000000000001111000010100010011
00000000000000000000000000010011
00000000101000000000011110110011
00000000111100000000010100110011
00000000110000010010000010000011
00000000100000010010010000000011
00000000010000010010010010000011
00000001000000010000000100010011
00000000000000001000000001100111
