11111101000000010000000100010011
00000010000100010010011000100011
00000010100000010010010000100011
00000011000000010000010000010011
11111100101001000010111000100011
11111100101101000010110000100011
11111101110001000010010110000011
11111111111101011000010100010011
11111110101001000010010000100011
00000000101100000000011000110011
00000000000000000000011010010011
00000001101101100101010110010011
00000000010101101001011110010011
00000000111101011110011110110011
00000000010101100001011100010011
11111110000001000010011000100011
00000011100000000000000001101111
11111101100001000010011100000011
11111110110001000010011110000011
00000000001001111001011110010011
00000000111101110000011110110011
00000000000001111010011110000011
00000000111100000000011000110011
11111110110001000010010110000011
00010000000000010000011110110111
00000000000001111000010100010011
00000000000000000000000000010011
11111110110001000010011110000011
00000000000101111000011110010011
11111110111101000010011000100011
11111110110001000010011100000011
11111101110001000010011110000011
11111100111101110100001011100011
11111101110001000010011110000011
00000000111100000000010100110011
00000010110000010010000010000011
00000010100000010010010000000011
00000011000000010000000100010011
00000000000000001000000001100111
11101001000000010000000100010011
00010110000100010010011000100011
00010110100000010010010000100011
00010111000000010000010000010011
11101001110001000000011110010011
00010101000000000000011100010011
00000000111000000000011000110011
00000000000000000000010110010011
00000000111100000000010100110011
00000000000000000000000000010011
11111110000001000010011000100011
00000010110000000000000001101111
11111110110001000010011110000011
00000000000101111000011100010011
11111110110001000010011110000011
00000000001001111001011110010011
11111111000001000000011010010011
00000000111101101000011110110011
11101010111001111010011000100011
11111110110001000010011110000011
00000000000101111000011110010011
11111110111101000010011000100011
11111110110001000010011100000011
00000010100100000000011110010011
11111100111001111101100011100011
11101001110001000000011110010011
00000000111100000000010110110011
00000010101000000000010100010011
00000000000000000000000000010011
00000000101000000000011110110011
00000000111100000000010110110011
00010000000000010000011110110111
00000000100001111000010100010011
00000000000000000000000000010011
00000000101000000000011110110011
00000000111100000000010100110011
00010110110000010010000010000011
00010110100000010010010000000011
00010111000000010000000100010011
00000000000000001000000001100111
