11111101000000010000000100010011
00000010000100010010011000100011
00000010100000010010010000100011
00000010100100010010001000100011
00000011000000010000010000010011
11111100101001000010111000100011
11111100101101000010110000100011
11111101110001000010010010000011
11111111111101001000010110010011
11111110101101000010001000100011
00000000100100000000010110110011
00000000101100000000011000110011
00000000000000000000011010010011
00000001101101100101010110010011
00000000010101101001011110010011
00000000111101011110011110110011
00000000010101100001011100010011
11111110000001000010010000100011
00000111000000000000000001101111
11111110000001000010011000100011
00000101000000000000000001101111
00000000100100000000011100110011
11111110100001000010011110000011
00000010111101110000011110110011
00000000001001111001011110010011
11111101100001000010011100000011
00000000111101110000011100110011
11111110110001000010011110000011
00000000001001111001011110010011
00000000111101110000011110110011
00000000000001111010011110000011
00000000111100000000011010110011
11111110110001000010011000000011
11111110100001000010010110000011
00010000000000010000011110110111
00000000000001111000010100010011
00000000000000000000000000010011
11111110110001000010011110000011
00000000000101111000011110010011
11111110111101000010011000100011
11111110110001000010011100000011
11111101110001000010011110000011
11111010111101110100011011100011
11111110100001000010011110000011
00000000000101111000011110010011
11111110111101000010010000100011
11111110100001000010011100000011
00000000100100000000011110010011
11111000111001111101011011100011
00000000000000000000000000010011
00000000000000000000000000010011
00000010110000010010000010000011
00000010100000010010010000000011
00000010010000010010010010000011
00000011000000010000000100010011
00000000000000001000000001100111
11111011000000010000000100010011
00000100000100010010011000100011
00000100100000010010010000100011
00000100100100010010001000100011
00000101001000010010000000100011
00000011001100010010111000100011
00000011010000010010110000100011
00000011010100010010101000100011
00000101000000010000010000010011
11111010101001000010111000100011
11111010101101000010110000100011
11111011110001000010010110000011
11111111111101011000010100010011
11111100101001000010101000100011
00000000101100000000010100110011
00000000101000000000101000110011
00000000000000000000101010010011
00000001101110100101010100010011
00000000010110101001001110010011
00000000011101010110001110110011
00000000010110100001001100010011
11111011110001000010010100000011
11111111111101010000001100010011
11111100011001000010110000100011
00000000101000000000100100110011
00000000000000000000100110010011
00000001101110010101010100010011
00000000010110011001100010010011
00000001000101010110100010110011
00000000010110010001100000010011
11111011110001000010010010000011
11111111111101001000010100010011
11111100101001000010111000100011
00000000100100000000010100110011
00000000101000000000111100110011
00000000000000000000111110010011
00000001101111110101010100010011
00000000010111111001011010010011
00000000110101010110011010110011
00000000010111110001011000010011
11111011110001000010011010000011
11111111111101101000011000010011
11111100110001000010100000100011
00000000110100000000111000110011
00000000000000000000111010010011
00000001101111100101011010010011
00000000010111101001011110010011
00000000111101101110011110110011
00000000010111100001011100010011
00000000101100000000011110110011
00000000001001111001011110010011
11111011100001000010011100000011
00000000111101110000011110110011
11111100111101000010011000100011
00000000101100000000011100110011
00000000111000000000011110110011
00000000001101111001011110010011
01000000111001111000011110110011
00000000001001111001011110010011
00000000111100000000011100110011
11111011100001000010011110000011
00000000111001111000011110110011
11111100111101000010010000100011
11111100100001000010011100000011
11111100110001000010011110000011
01000000111101110000011110110011
00000000100100000000011100110011
00000000001001110001011100010011
00000010111001111100011010110011
00000000100100000000011110110011
00000000001001111001011110010011
11111100100001000010011100000011
00000000111101110000011100110011
11111100110001000010011110000011
01000000111101110000011110110011
00000000100100000000011100110011
00000000001001110001011100010011
00000010111001111100011110110011
00000000111100000000011000110011
00000000110100000000010110110011
00010000000000010000011110110111
00000001000001111000010100010011
00000000000000000000000000010011
00000000100100000000011100110011
00000000111000000000011110110011
00000000001001111001011110010011
00000000111001111000011110110011
00000000001001111001011110010011
01000000111100000000011110110011
11111100100001000010011100000011
00000000111101110000011110110011
11111100111101000010001000100011
11111100010001000010011110000011
00000000000000000001011100110111
00000000000001110000011100010011
11010000010101110000011100010011
00000000111001111010100000100011
11111011110001000010011110000011
11111111111101111000011110010011
11111100010001000010011100000011
00000000001001111001011110010011
00000000111101110000011110110011
00000000100010110100011100110111
00000000000001110000011100010011
01110000010001110000011100010011
00000000111001111010000000100011
11111100010001000010011110000011
00000000010001111010011010000011
11111011110001000010011110000011
11111111110101111000011110010011
11111100010001000010011100000011
00000000001001111001011110010011
00000000111101110000011110110011
00000000000001111010011110000011
00000000111100000000011000110011
00000000110100000000010110110011
00010000000000010000011110110111
00000010000001111000010100010011
00000000000000000000000000010011
00000000000000000000000000010011
00000100110000010010000010000011
00000100100000010010010000000011
00000100010000010010010010000011
00000100000000010010100100000011
00000011110000010010100110000011
00000011100000010010101000000011
00000011010000010010101010000011
00000101000000010000000100010011
00000000000000001000000001100111
11111100000000010000000100010011
00000010000100010010111000100011
00000010100000010010110000100011
00000010100100010010101000100011
00000011001000010010100000100011
00000011001100010010011000100011
00000011010000010010010000100011
00000011010100010010001000100011
00000100000000010000010000010011
11111100101001000010011000100011
00000000001000000000010110110011
00000000101100000000010010110011
11111100110001000010001010000011
11111111111100101000010110010011
11111100101101000010110000100011
00000000010100000000010110110011
00000000101100000000111100110011
00000000000000000000111110010011
00000001101111110101010110010011
00000000010111111001011110010011
00000000111101011110011110110011
00000000010111110001011100010011
00000000010100000000011110110011
00000000001001111001111100010011
00000000010100000000011110110011
00000000111100000000101000110011
00000000000000000000101010010011
00000001010000000000011100110011
00000001010100000000011110110011
00000001111001110101010110010011
00000000001001111001111010010011
00000001110101011110111010110011
00000000001001110001111000010011
00000001110000000000011100110011
00000001110100000000011110110011
00000001010001110000010100110011
00000000101000000000111000110011
00000000111011100011111000110011
00000001010101111000010110110011
00000000101111100000011110110011
00000000111100000000010110110011
00000000101000000000011100110011
00000000101100000000011110110011
00000001101001110101010110010011
00000000011001111001001110010011
00000000011101011110001110110011
00000000011001110001001100010011
00000000010100000000011110110011
00000000111100000000100100110011
00000000000000000000100110010011
00000001001000000000011100110011
00000001001100000000011110110011
00000001111001110101010110010011
00000000001001111001100010010011
00000001000101011110100010110011
00000000001001110001100000010011
00000001000000000000011100110011
00000001000100000000011110110011
00000001001001110000010100110011
00000000101000000000100000110011
00000000111010000011100000110011
00000001001101111000010110110011
00000000101110000000011110110011
00000000111100000000010110110011
00000000101000000000011100110011
00000000101100000000011110110011
00000001101001110101010110010011
00000000011001111001011010010011
00000000110101011110011010110011
00000000011001110001011000010011
00000000010100000000011100110011
00000000111000000000011110110011
00000000001001111001011110010011
00000000111001111000011110110011
00000000001101111001011110010011
00000000111101111000011110010011
00000000010001111101011110010011
00000000010001111001011110010011
01000000111100010000000100110011
00000000001000000000011110110011
00000000001101111000011110010011
00000000001001111101011110010011
00000000001001111001011110010011
11111100111101000010101000100011
11111100000001000010111000100011
00000100100000000000000001101111
00000000001011110101011000010011
11111101110001000010011100000011
11111100110001000010011110000011
00000010111101110100011010110011
11111101110001000010011100000011
11111100110001000010011110000011
00000010111101110110011110110011
11111101010001000010011100000011
00000010110101100000011010110011
00000000111101101000011110110011
00000000001001111001011110010011
00000000111101110000011110110011
11111101110001000010011100000011
00000000111001111010000000100011
11111101110001000010011110000011
00000000000101111000011110010011
11111100111101000010111000100011
11111100110001000010011100000011
00000000111000000000011110110011
00000000001001111001011110010011
00000000111001111000011110110011
00000000000101111001011110010011
00000000111100000000011100110011
11111101110001000010011110000011
11111010111001111100000011100011
11111101010001000010010110000011
11111100110001000010010100000011
00000000000000000000000000010011
11111101010001000010010110000011
11111100110001000010010100000011
00000000000000000000000000010011
00000000100100000000000100110011
00000000000000000000000000010011
11111100000001000000000100010011
00000011110000010010000010000011
00000011100000010010010000000011
00000011010000010010010010000011
00000011000000010010100100000011
00000010110000010010100110000011
00000010100000010010101000000011
00000010010000010010101010000011
00000100000000010000000100010011
00000000000000001000000001100111
11111111000000010000000100010011
00000000000100010010011000100011
00000000100000010010010000100011
00000001000000010000010000010011
00000001000100000000010100010011
00000000000000000000000000010011
00000001111100000000010100010011
00000000000000000000000000010011
00000000010100000000010100010011
00000000000000000000000000010011
00000000000000000000011110010011
00000000111100000000010100110011
00000000110000010010000010000011
00000000100000010010010000000011
00000001000000010000000100010011
00000000000000001000000001100111
