11110111000000010000000100010011
00001000000100010010011000100011
00001000100000010010010000100011
00001001000000010000010000010011
11110110101001000010111000100011
11111000000001000000011110010011
00000000111100000000010110110011
11110111110001000010010100000011
00000000000000000000000000010011
11111110101001000010011000100011
11111110110001000010011100000011
11111111111100000000011110010011
00000000111101110001011001100011
00000000000000000000011110010011
00000010100000000000000001101111
11111001000001000010011100000011
00000000000000001111011110110111
00000000000001111000011110010011
00000000111101110111011100110011
11111111111111111000011110110111
00000000000001111000011110010011
00000000111101110000011110110011
00000000000101111011011110010011
00001111111101111111011110010011
00000000111100000000010100110011
00001000110000010010000010000011
00001000100000010010010000000011
00001001000000010000000100010011
00000000000000001000000001100111
11110111000000010000000100010011
00001000000100010010011000100011
00001000100000010010010000100011
00001001000000010000010000010011
11110110101001000010111000100011
11111000000001000000011110010011
00000000111100000000010110110011
11110111110001000010010100000011
00000000000000000000000000010011
11111110101001000010011000100011
11111110110001000010011100000011
11111111111100000000011110010011
00000000111101110001011001100011
00000000000000000000011110010011
00000010100000000000000001101111
11111001000001000010011100000011
00000000000000001111011110110111
00000000000001111000011110010011
00000000111101110111011100110011
11111111111111111100011110110111
00000000000001111000011110010011
00000000111101110000011110110011
00000000000101111011011110010011
00001111111101111111011110010011
00000000111100000000010100110011
00001000110000010010000010000011
00001000100000010010010000000011
00001001000000010000000100010011
00000000000000001000000001100111
