10111010000000010000000100010011
01000100000100010010111000100011
01000100100000010010110000100011
01000110000000010000010000010011
11011100101001000010011000100011
11011100101101000010010000100011
00000000000000000000000000010011
11011100110001000010011100000011
00000000001000000000011110010011
00000000111101110000110001100011
00010000000000010000011110110111
00000000000001111000010100010011
00000000000000000000000000010011
00000000000100000000010100010011
00000000000000000000000000010011
11011100100001000010011110000011
00000000010001111010011110000011
11111110111101000010010000100011
11111110100001000010010100000011
00000000000000000000000000010011
01001011010000110100011110110111
00000000000001111000011110010011
11110101010001111000011110010011
11101100111101000010111000100011
11101110000001000000000000100011
00000000000000000000000000010011
11111110100001000010010100000011
00000000000000000000000000010011
11111110100001000010010100000011
00000000000000000000000000010011
11101110010001000000011110010011
00000000111100000000010100110011
00000000000000000000000000010011
11101110111001000001011110000011
00000001000001111001011110010011
00000001000001111101011110010011
00000000000101111111011110010011
00000001000001111001011110010011
00000001000001111101011110010011
00000000000001111000100001100011
00000100100100000000011110010011
11101100111101000000111010100011
00000000110000000000000001101111
00000100000100000000011110010011
11101100111101000000111010100011
11101110100001000001011110000011
00000000111100000000010110110011
11101110011001000001011110000011
00000000111100000000011000110011
11101110110001000001011110000011
00000000111100000000011010110011
11101110111001000001011110000011
00000000111100000000011100110011
11101101110001000000011110010011
00010000000000010000010100110111
00000001010001010000010100010011
00000000000000000000000000010011
11111110000001000010011000100011
00010001000000000000000001101111
00000000010000000000011110110111
00000000000001111010011010000011
11111110110001000010011100000011
00000000111000000000011110110011
00000000011001111001011110010011
00000000111001111000011110110011
00000000001001111001011110010011
00000000111101101000011100110011
11011101100001000000011110010011
00000000111000000000011010110011
00010000010000000000011100010011
00000000111000000000011000110011
00000000110100000000010110110011
00000000111100000000010100110011
00000000000000000000000000010011
11011101101001000001011100000011
11111111111100000000011110010011
00000000111101110000100001100011
11011101101001000001011100000011
11101110011001000001011110000011
00001010111101110001100001100011
11011101110001000001011100000011
11111111111100000000011110010011
00000000111101110000100001100011
11011101110001000001011100000011
11101110100001000001011110000011
00001000111101110001110001100011
11011101111001000001011100000011
11111111111100000000011110010011
00000000111101110000100001100011
11011101111001000001011100000011
11101110101001000001011110000011
00001000111101110001000001100011
11011110000001000001011100000011
11111111111100000000011110010011
00000000111101110000100001100011
11011110000001000001011100000011
11101110110001000001011110000011
00000110111101110001010001100011
11011110001001000001011100000011
11111111111100000000011110010011
00000000111101110000100001100011
11011110001001000001011100000011
11101110111001000001011110000011
00000100111101110001100001100011
11001011000001000000011110010011
11101110010001000000011100010011
00010000010000000000011010010011
00000000110100000000011000110011
00000000111000000000010110110011
00000000111100000000010100110011
00000000000000000000000000010011
10111010000001000000011110010011
11011101100001000000011100010011
00010000010000000000011010010011
00000000110100000000011000110011
00000000111000000000010110110011
00000000111100000000010100110011
00000000000000000000000000010011
10111010000001000000011100010011
11001011000001000000011110010011
00000000111000000000010110110011
00000000111100000000010100110011
00000000000000000000000000010011
11111110110001000010011110000011
00000000000101111000011110010011
11111110111101000010011000100011
11111110110001000010011100000011
00000000010000000000011110110111
00000000000001111010011110000011
11101110111101110110010011100011
00000000000000000000000000010011
00000000000000000000000000010011
11100101010111111111000001101111
