11111110000000010000000100010011
00000000000100010010111000100011
00000000100000010010110000100011
00000010000000010000010000010011
11111110101001000010011000100011
00010000000000010001011110110111
00000000000001111000010100010011
00000000000000000000000000010011
00000000000000000000000000010011
00000001110000010010000010000011
00000001100000010010010000000011
00000010000000010000000100010011
00000000000000001000000001100111
11101001000000010000000100010011
00010110000100010010011000100011
00010110100000010010010000100011
00010111000000010000010000010011
11101000101001000010111000100011
11101000101101000010110000100011
11101001110001000010011100000011
00000000000100000000011110010011
00000000111001111100111001100011
11101001100001000010011110000011
00000000000001111010011110000011
00000000111100000000010100110011
00000000000000000000000000010011
11111111111100000000011110010011
00101010110000000000000001101111
11101001100001000010011110000011
00000000010001111000011110010011
00000000000001111010011110000011
00000000111100000000010100110011
00000000000000000000000000010011
00000000101000000000011110110011
11111110111101000010001000100011
11111110010001000010011110000011
00000000000101111000011110010011
00000000111100000000010100110011
00000000000000000000000000010011
00000000101000000000011110110011
11111110111101000010000000100011
11101001100001000010011110000011
00000000010001111000011110010011
00000000000001111010011110000011
00000000111100000000010110110011
11111110000001000010010100000011
00000000000000000000000000010011
11101001110001000010011100000011
00000000001000000000011110010011
00000100111001111101101001100011
11101001100001000010011110000011
00000000100001111000011110010011
00000000000001111010011110000011
00000000111100000000010100110011
00000000000000000000000000010011
00000000101000000000011110110011
11111110111101000010001000100011
11111110010001000010011110000011
00000000000101111000011110010011
00000000111100000000010100110011
00000000000000000000000000010011
00000000101000000000011110110011
11111110111101000010011000100011
11101001100001000010011110000011
00000000100001111000011110010011
00000000000001111010011110000011
00000000111100000000010110110011
11111110110001000010010100000011
00000000000000000000000000010011
00000011110000000000000001101111
11111110010001000010011110000011
00000000100101111000011110010011
11111110111101000010001000100011
11111110010001000010011110000011
00000000000101111000011110010011
00000000111100000000010100110011
00000000000000000000000000010011
00000000101000000000011110110011
11111110111101000010011000100011
11111110000001000010011000000011
00010000000000010001011110110111
00000010000001111000010110010011
11111110110001000010010100000011
00000000000000000000000000010011
00010000000000010001011110110111
00000010110001111000010110010011
11111110000001000010010100000011
00000000000000000000000000010011
11111100101001000010111000100011
11111101110001000010011110000011
00000000000001111001111001100011
11111110000001000010010110000011
00010000000000010001011110110111
00000011000001111000010100010011
00000000000000000000000000010011
11111111111100000000011110010011
00011001100000000000000001101111
00010000000000010001011110110111
00000101000001111000010110010011
11111110110001000010010100000011
00000000000000000000000000010011
11111100101001000010110000100011
11111101100001000010011110000011
00000010000001111001001001100011
11111101110001000010010100000011
00000000000000000000000000010011
11111110110001000010010110000011
00010000000000010001011110110111
00000101010001111000010100010011
00000000000000000000000000010011
11111111111100000000011110010011
00010101110000000000000001101111
11111110110001000010011000000011
11111110000001000010010110000011
00010000000000010001011110110111
00000111010001111000010100010011
00000000000000000000000000010011
11111110000001000010010000100011
00010001110000000000000001101111
11111101011101000000011110010011
11111101110001000010011010000011
00000000000100000000011000010011
00000000000100000000010110010011
00000000111100000000010100110011
00000000000000000000000000010011
00000000101000000000011110110011
00000010000001111000111001100011
11111101011101000100011110000011
00000000111100000000011010110011
00010000000000010001011110110111
11000000000001111000011100010011
00000000001001101001011110010011
00000000111101110000011110110011
00000000000001111010011110000011
11110111000001000000011100010011
00000000111100000000011000110011
00010000000000010001011110110111
00001000110001111000010110010011
00000000111000000000010100110011
00000000000000000000000000010011
00000010100000000000000001101111
00010000000000010001011110110111
11000000000001111000011110010011
00000000000001111010011110000011
11110111000001000000011100010011
00000000111100000000011000110011
00010000000000010001011110110111
00001000110001111000010110010011
00000000111000000000010100110011
00000000000000000000000000010011
11111110100001000010011110000011
00000000011101111111011110010011
00000000000001111001111001100011
11110111000001000000011100010011
11110000110001000000011110010011
00000000111000000000010110110011
00000000111100000000010100110011
00000000000000000000000000010011
00000011100000000000000001101111
11110000110001000000011010010011
11110111000001000000011110010011
11101010100001000000011100010011
00000000111100000000011000110011
00010000000000010001011110110111
00001001000001111000010110010011
00000000111000000000010100110011
00000000000000000000000000010011
11101010100001000000011100010011
11110000110001000000011110010011
00000000111000000000010110110011
00000000111100000000010100110011
00000000000000000000000000010011
11111110100001000010011110000011
00000000000101111000011110010011
11111110111101000010010000100011
11111110100001000010011110000011
00000000011101111111011110010011
00000010000001111001100001100011
11110000110001000000011110010011
00000000111100000000011000110011
00010000000000010001011110110111
00001001100001111000010110010011
11111101100001000010010100000011
00000000000000000000000000010011
11110000110001000000011110010011
00000110010000000000011000010011
00000000000000000000010110010011
00000000111100000000010100110011
00000000000000000000000000010011
11111110100001000010011100000011
00000000000000100000011110110111
00000000000001111000011110010011
11101100111101110110111011100011
11111101110001000010010100000011
00000000000000000000000000010011
11111101100001000010010100000011
00000000000000000000000000010011
00000000000000000000011110010011
00000000111100000000010100110011
00010110110000010010000010000011
00010110100000010010010000000011
00010111000000010000000100010011
00000000000000001000000001100111
