11111001000000010000000100010011
00000110000100010010011000100011
00000110100000010010010000100011
00000111000000010000010000010011
11111010101001000010011000100011
11111010101101000010010000100011
11111010110001000010001000100011
11111010110101000010000000100011
11111000111001000010111000100011
11111010010001000010011110000011
11111010111101000010101000100011
11111010000001000010011110000011
11111010111101000010110000100011
11111010110001000010011110000011
11111100111101000010000000100011
11111010100001000010011110000011
00000000000001111010011110000011
11111100111101000010001000100011
11111100010001000010011100000011
11111010100001000010011110000011
00000000000001111010011110000011
00000000111101110000011001100011
11111111101100000000011110010011
00001010010000000000000001101111
11111100000001000010101000100011
11111100000001000010110000100011
11111100000001000010111000100011
11111011010001000000011100010011
00000011100000000000011010010011
00010000000000010000011110110111
00000000000001111000011000010011
11111001110001000010010110000011
00000000111000000000010100110011
00000000000000000000000000010011
11111110101001000010011000100011
11111110110001000010011110000011
00000000000001111000011001100011
11111110110001000010011110000011
00000110100000000000000001101111
11111011010001000000011110010011
00000000010000000000010110010011
00000000111100000000010100110011
00000000000000000000000000010011
11111110101001000010011000100011
11111110110001000010011100000011
00000000000100000000011110010011
00000010111101110000010001100011
11111011010001000000011110010011
00000000111100000000010100110011
00000000000000000000000000010011
11111110110001000010011110000011
00000000000001111000011001100011
11111110110001000010011110000011
00000010110000000000000001101111
11111111101100000000011110010011
00000010010000000000000001101111
11111100100001000010011100000011
11111010100001000010011110000011
00000000111001111010000000100011
11111011010001000000011110010011
00000000111100000000010100110011
00000000000000000000000000010011
11111110101001000010011000100011
11111110110001000010011110000011
00000000111100000000010100110011
00000110110000010010000010000011
00000110100000010010010000000011
00000111000000010000000100010011
00000000000000001000000001100111
11111110000000010000000100010011
00000000000100010010111000100011
00000000100000010010110000100011
00000010000000010000010000010011
11111110101001000010011000100011
11111110101101000010010000100011
11111110110001000010001000100011
11111110110101000010000000100011
11111111111100000000011100010011
11111110000001000010011010000011
11111110010001000010011000000011
11111110100001000010010110000011
11111110110001000010010100000011
00000000000000000000000000010011
00000000101000000000011110110011
00000000111100000000010100110011
00000001110000010010000010000011
00000001100000010010010000000011
00000010000000010000000100010011
00000000000000001000000001100111
