11111111000000010000000100010011
00000000100000010010011000100011
00000001000000010000010000010011
00010000000000010000011110110111
00000000000001111000011110010011
00000000111100000000010100110011
00000000110000010010010000000011
00000001000000010000000100010011
00000000000000001000000001100111
11111110000000010000000100010011
00000000100000010010111000100011
00000010000000010000010000010011
11111110101001000010011000100011
11111110101101000010010000100011
11111110110001000010001000100011
11111110100001000010011110000011
00000000000001111001011001100011
00000000000000000000011110010011
00101011010000000000000001101111
11111110110001000010011110000011
11111111111101111100011110010011
11111110111101000010011000100011
00100011000000000000000001101111
11111110100001000010011110000011
00000000000101111000011100010011
11111110111001000010010000100011
00000000000001111100011110000011
00000000111100000000011100110011
11111110110001000010011110000011
00000000111101110100011110110011
00001111111101111111011110010011
00010000000000010000011100110111
00000000000001110000011100010011
00000000001001111001011110010011
00000000111101110000011110110011
00000000000001111010011100000011
11111110110001000010011110000011
00000000100001111101011110010011
00000000111101110100011110110011
11111110111101000010011000100011
11111110100001000010011110000011
00000000000101111000011100010011
11111110111001000010010000100011
00000000000001111100011110000011
00000000111100000000011100110011
11111110110001000010011110000011
00000000111101110100011110110011
00001111111101111111011110010011
00010000000000010000011100110111
00000000000001110000011100010011
00000000001001111001011110010011
00000000111101110000011110110011
00000000000001111010011100000011
11111110110001000010011110000011
00000000100001111101011110010011
00000000111101110100011110110011
11111110111101000010011000100011
11111110100001000010011110000011
00000000000101111000011100010011
11111110111001000010010000100011
00000000000001111100011110000011
00000000111100000000011100110011
11111110110001000010011110000011
00000000111101110100011110110011
00001111111101111111011110010011
00010000000000010000011100110111
00000000000001110000011100010011
00000000001001111001011110010011
00000000111101110000011110110011
00000000000001111010011100000011
11111110110001000010011110000011
00000000100001111101011110010011
00000000111101110100011110110011
11111110111101000010011000100011
11111110100001000010011110000011
00000000000101111000011100010011
11111110111001000010010000100011
00000000000001111100011110000011
00000000111100000000011100110011
11111110110001000010011110000011
00000000111101110100011110110011
00001111111101111111011110010011
00010000000000010000011100110111
00000000000001110000011100010011
00000000001001111001011110010011
00000000111101110000011110110011
00000000000001111010011100000011
11111110110001000010011110000011
00000000100001111101011110010011
00000000111101110100011110110011
11111110111101000010011000100011
11111110100001000010011110000011
00000000000101111000011100010011
11111110111001000010010000100011
00000000000001111100011110000011
00000000111100000000011100110011
11111110110001000010011110000011
00000000111101110100011110110011
00001111111101111111011110010011
00010000000000010000011100110111
00000000000001110000011100010011
00000000001001111001011110010011
00000000111101110000011110110011
00000000000001111010011100000011
11111110110001000010011110000011
00000000100001111101011110010011
00000000111101110100011110110011
11111110111101000010011000100011
11111110100001000010011110000011
00000000000101111000011100010011
11111110111001000010010000100011
00000000000001111100011110000011
00000000111100000000011100110011
11111110110001000010011110000011
00000000111101110100011110110011
00001111111101111111011110010011
00010000000000010000011100110111
00000000000001110000011100010011
00000000001001111001011110010011
00000000111101110000011110110011
00000000000001111010011100000011
11111110110001000010011110000011
00000000100001111101011110010011
00000000111101110100011110110011
11111110111101000010011000100011
11111110100001000010011110000011
00000000000101111000011100010011
11111110111001000010010000100011
00000000000001111100011110000011
00000000111100000000011100110011
11111110110001000010011110000011
00000000111101110100011110110011
00001111111101111111011110010011
00010000000000010000011100110111
00000000000001110000011100010011
00000000001001111001011110010011
00000000111101110000011110110011
00000000000001111010011100000011
11111110110001000010011110000011
00000000100001111101011110010011
00000000111101110100011110110011
11111110111101000010011000100011
11111110100001000010011110000011
00000000000101111000011100010011
11111110111001000010010000100011
00000000000001111100011110000011
00000000111100000000011100110011
11111110110001000010011110000011
00000000111101110100011110110011
00001111111101111111011110010011
00010000000000010000011100110111
00000000000001110000011100010011
00000000001001111001011110010011
00000000111101110000011110110011
00000000000001111010011100000011
11111110110001000010011110000011
00000000100001111101011110010011
00000000111101110100011110110011
11111110111101000010011000100011
11111110010001000010011110000011
11111111100001111000011110010011
11111110111101000010001000100011
11111110010001000010011100000011
00000000011100000000011110010011
11011100111001111110011011100011
11111110010001000010011110000011
00000100000001111000111001100011
11111110100001000010011110000011
00000000000101111000011100010011
11111110111001000010010000100011
00000000000001111100011110000011
00000000111100000000011100110011
11111110110001000010011110000011
00000000111101110100011110110011
00001111111101111111011110010011
00010000000000010000011100110111
00000000000001110000011100010011
00000000001001111001011110010011
00000000111101110000011110110011
00000000000001111010011100000011
11111110110001000010011110000011
00000000100001111101011110010011
00000000111101110100011110110011
11111110111101000010011000100011
11111110010001000010011110000011
11111111111101111000011110010011
11111110111101000010001000100011
11111110010001000010011110000011
11111010000001111001011011100011
11111110110001000010011110000011
11111111111101111100011110010011
00000000111100000000010100110011
00000001110000010010010000000011
00000010000000010000000100010011
00000000000000001000000001100111
