11101101000000010000000100010011
00010010100000010010011000100011
00010010100100010010010000100011
00010011001000010010001000100011
00010011001100010010000000100011
00010001010000010010111000100011
00010001010100010010110000100011
00010011000000010000010000010011
11101110101001000010011000100011
11101110101101000010010000100011
11101110110001000010001000100011
11101110110101000010000000100011
11101100111001000010111000100011
11101100111101000010110000100011
11101101000001000010101000100011
11101101000101000010100000100011
11110110000001000010101000100011
11110111100001000000100100010011
00000001001000000000011110110011
00000000010001111000100100010011
00000000000001111010000000100011
00000001001000000000011110110011
00000000010001111000100100010011
00000000000001111010000000100011
00000001001000000000011110110011
00000000010001111000100100010011
00000000000001111010000000100011
00000001001000000000011110110011
00000000010001111000100100010011
00000000000001111010000000100011
00000001001000000000011110110011
00000000010001111000100100010011
00000000000001111010000000100011
00000001001000000000011110110011
00000000010001111000100100010011
00000000000001111010000000100011
00000001001000000000011110110011
00000000010001111000100100010011
00000000000001111010000000100011
00000001001000000000011110110011
00000000010001111000100100010011
00000000000001111010000000100011
00000001001000000000011110110011
00000000010001111000100100010011
00000000000001111010000000100011
00000001001000000000011110110011
00000000010001111000100100010011
00000000000001111010000000100011
00000001001000000000011110110011
00000000010001111000100100010011
00000000000001111010000000100011
00000001001000000000011110110011
00000000010001111000100100010011
00000000000001111010000000100011
00000001001000000000011110110011
00000000010001111000100100010011
00000000000001111010000000100011
00000001001000000000011110110011
00000000010001111000100100010011
00000000000001111010000000100011
00000001001000000000011110110011
00000000010001111000100100010011
00000000000001111010000000100011
00000001001000000000011110110011
00000000000001111010000000100011
11101110110001000010100100000011
11101110100001000010100110000011
00000001001000000000011110110011
00000000010001111000100100010011
00000000000001111010011100000011
00000000001001110001011110010011
11111110000001000000011010010011
00000000111101101000011110110011
11111001100001111010011110000011
00000000000101111000011010010011
00000000001001110001011110010011
11111110000001000000011100010011
00000000111101110000011110110011
11111000110101111010110000100011
11111111111110011000100110010011
11111100000010011001011011100011
11110111100001000010011110000011
11101110100001000010011100000011
00000000111101110001111001100011
11101101100001000010011110000011
00000000000001111010000000100011
11101101010001000010011110000011
00000000000001111010000000100011
00000000000000000000011110010011
01100000000000000000000001101111
11101101010001000010011110000011
00000000000001111010011110000011
11111100111101000010100000100011
00000000000100000000010010010011
00000001110000000000000001101111
00000000001001001001011110010011
11111110000001000000011100010011
00000000111101110000011110110011
11111001100001111010011110000011
00000000000001111001101001100011
00000000000101001000010010010011
00000000111100000000011110010011
11111110100101111111001011100011
00000000100000000000000001101111
00000000000000000000000000010011
00000000100100000000101010110011
11111101000001000010011110000011
00000000100101111111010001100011
11111100100101000010100000100011
00000000111100000000100110010011
00000001110000000000000001101111
00000000001010011001011110010011
11111110000001000000011100010011
00000000111101110000011110110011
11111001100001111010011110000011
00000000000001111001100001100011
11111111111110011000100110010011
11111110000010011001010011100011
00000000100000000000000001101111
00000000000000000000000000010011
11111011001101000010110000100011
11111101000001000010011110000011
00000000111110011111010001100011
11111101001101000010100000100011
11111101000001000010011100000011
11101101010001000010011110000011
00000000111001111010000000100011
00000000000100000000011110010011
00000000100101111001011110110011
11111100111101000010000000100011
00000100000000000000000001101111
11111100000001000010011100000011
00000000001001001001011110010011
11111110000001000000011010010011
00000000111101101000011110110011
11111001100001111010011110000011
01000000111101110000011110110011
11111100111101000010000000100011
11111100000001000010011110000011
00000000000001111101011001100011
11111111110100000000011110010011
01010011000000000000000001101111
00000000000101001000010010010011
11111100000001000010011110000011
00000000000101111001011110010011
11111100111101000010000000100011
11111101001101001110001011100011
11111100000001000010011100000011
00000000001010011001011110010011
11111110000001000000011010010011
00000000111101101000011110110011
11111001100001111010011110000011
01000000111101110000011110110011
11111100111101000010000000100011
11111100000001000010011110000011
00000000000001111101011001100011
11111111110100000000011110010011
01001111000000000000000001101111
00000000001010011001011110010011
11111110000001000000011100010011
00000000111101110000011110110011
11111001100001111010011100000011
11111100000001000010011110000011
00000000111101110000011100110011
00000000001010011001011110010011
11111110000001000000011010010011
00000000111101101000011110110011
11111000111001111010110000100011
00000000000000000000010010010011
11101110100101000010110000100011
11110111100001000000100100010011
00000000010010010000100100010011
11101111010001000000011110010011
00000000100001111000011110010011
11111100111101000010001000100011
00000010010000000000000001101111
00000001001000000000011110110011
00000000010001111000100100010011
00000000000001111010011110000011
00000000111101001000010010110011
11111100010001000010011110000011
00000000010001111000011100010011
11111100111001000010001000100011
00000000100101111010000000100011
11111111111110011000100110010011
11111100000010011001111011100011
11101110110001000010100100000011
00000000000000000000100110010011
00000001001000000000011110110011
00000000010001111000100100010011
00000000000001111010010010000011
00000010000001001000110001100011
00000000001001001001011110010011
11111110000001000000011100010011
00000000111101110000011110110011
11110001010001111010011100000011
00000000000101110000011010010011
00000000001001001001011110010011
11111110000001000000011000010011
00000000111101100000011110110011
11110000110101111010101000100011
00000000001001110001011110010011
00000000010001000010011100000011
00000000111101110000011110110011
00000001001101111010000000100011
00000000000110011000100110010011
11101110100001000010011110000011
11111010111110011110101011100011
11111011100001000010011110000011
00000000001001111001011110010011
11111110000001000000011100010011
00000000111101110000011110110011
11110001010001111010011110000011
11101110111101000010010000100011
00000000000000000000100110010011
11101111001101000010101000100011
00000000010001000010100100000011
11111111111100000000011110010011
11111100111101000010101000100011
11111101000001000010011110000011
01000000111100000000101000110011
11110010000001000010101000100011
11111100000001000010010000100011
11111010000001000010111000100011
00111011110000000000000001101111
00000000001010101001011110010011
11111110000001000000011100010011
00000000111101110000011110110011
11111001100001111010011110000011
11111100111101000010111000100011
00111001000000000000000001101111
11111101010001000010011110000011
00000000000101111000011110010011
11111100111101000010101000100011
11111101000001000010011110000011
00000000111110100000101000110011
11111011100001000010011110000011
01000001010001111000011110110011
11111010111101000010111000100011
11111101000001000010011100000011
11111011110001000010011110000011
00000000111101110111010001100011
00000000111000000000011110110011
11111010111101000010111000100011
01000001010010101000011110110011
00000000111100000000010010110011
00000000000100000000011110010011
00000000100101111001011110110011
11111100111101000010110000100011
11111101110001000010011110000011
00000000000101111000011110010011
11111101100001000010011100000011
00001000111001111111010001100011
11111101100001000010011100000011
11111101110001000010011110000011
01000000111101110000011110110011
11111111111101111000011110010011
11111100111101000010110000100011
00000001010100000000011110110011
00000000001001111001011110010011
11110111100001000000011100010011
00000000111101110000011110110011
11111100111101000010001000100011
11111011110001000010011110000011
00000100111101001111110001100011
00000100000000000000000001101111
11111101100001000010011110000011
00000000000101111001011110010011
11111100111101000010110000100011
11111100010001000010011110000011
00000000010001111000011110010011
11111100111101000010001000100011
11111100010001000010011110000011
00000000000001111010011110000011
11111101100001000010011100000011
00000010111001111111010001100011
11111100010001000010011110000011
00000000000001111010011110000011
11111101100001000010011100000011
01000000111101110000011110110011
11111100111101000010110000100011
00000000000101001000010010010011
11111011110001000010011110000011
11111010111101001110111011100011
00000000100000000000000001101111
00000000000000000000000000010011
00000000000100000000011110010011
00000000100101111001011110110011
11111010111101000010111000100011
00000000000001000010011110000011
00000000000001111010011100000011
11111011110001000010011110000011
00000000111101110000011100110011
01011010000000000000011110010011
00000000111001111111011001100011
11111111110000000000011110010011
00101100010000000000000001101111
00000000000001000010011110000011
00000000000001111010011110000011
00000000001101111001011110010011
11101101000001000010011100000011
00000000111101110000011110110011
11111100111101000010010000100011
11111101010001000010011110000011
00000000001001111001011110010011
11111110000001000000011100010011
00000000111101110000011110110011
11111100100001000010011100000011
11110100111001111010101000100011
00000000000001000010011110000011
00000000000001111010011100000011
11111011110001000010011110000011
00000000111101110000011100110011
00000000000001000010011110000011
00000000111001111010000000100011
11111101010001000010011110000011
00001000000001111000110001100011
11111101010001000010011110000011
00000000001001111001011110010011
11111110000001000000011100010011
00000000111101110000011110110011
11110001001101111010101000100011
11111101000001000010011110000011
00001111111101111111011110010011
11110110111101000000100010100011
00001111111101001111011110010011
11110110111101000000100000100011
11111101000001000010011110000011
01000000111110100000011110110011
00000000111110011101010010110011
11111101010001000010011110000011
11111111111101111000011110010011
00000000001001111001011110010011
11111110000001000000011100010011
00000000111101110000011110110011
11110101010001111010011110000011
11111100100001000010011100000011
01000000111101110000011110110011
01000000001101111101011110010011
01000000100101111000011110110011
11110110111101000010101000100011
11111101010001000010011110000011
11111111111101111000011110010011
00000000001001111001011110010011
11111110000001000000011100010011
00000000111101110000011110110011
11110101010001111010011100000011
00000000001101001001011110010011
00000000111101110000011110110011
11110111000001000010011100000011
00000000111001111010000000100011
11110111010001000010011100000011
00000000111001111010001000100011
00000001000000000000000001101111
11101101100001000010011110000011
11111100100001000010011100000011
00000000111001111010000000100011
11111101000001000010011110000011
00000000111110100000011110110011
11100001010101111100000011100011
00001111111110101111011100010011
00001111111110100111011110010011
01000000111101110000011110110011
00001111111101111111011110010011
11110110111101000000100010100011
11101110100001000010011110000011
00000000001001111001011110010011
00000000010001000010011100000011
00000000111101110000011110110011
00000000111110010110100001100011
11111100000000000000011110010011
11110110111101000000100000100011
00001001010000000000000001101111
00000000000010010010011110000011
11101110010001000010011100000011
00000010111001111111101001100011
00000000000010010010011100000011
00001111111100000000011110010011
00000000111001111110011001100011
00000000000000000000011110010011
00000000100000000000000001101111
00000110000000000000011110010011
11110110111101000000100000100011
00000001001000000000011110110011
00000000010001111000100100010011
00000000000001111010011110000011
11110110111101000010101000100011
00000101100000000000000001101111
00000000000010010010011100000011
11101110010001000010011110000011
01000000111101110000011110110011
00000000001001111001011110010011
11101101110001000010011100000011
00000000111101110000011110110011
00000000000001111010011110000011
00001111111101111111011110010011
00000101000001111000011110010011
00001111111101111111011110010011
11110110111101000000100000100011
00000001001000000000011110110011
00000000010001111000100100010011
00000000000001111010011100000011
11101110010001000010011110000011
01000000111101110000011110110011
00000000001001111001011110010011
11101110000001000010011100000011
00000000111101110000011110110011
00000000000001111010011110000011
11110110111101000010101000100011
01000001010010101000011110110011
00000000000100000000011100010011
00000000111101110001011110110011
11111100111101000010110000100011
00000001010010011101010010110011
00000010100000000000000001101111
00000000001101001001011110010011
11111100100001000010011100000011
00000000111101110000011110110011
11110111000001000010011100000011
00000000111001111010000000100011
11110111010001000010011100000011
00000000111001111010001000100011
11111101100001000010011110000011
00000000111101001000010010110011
11111011110001000010011110000011
11111100111101001110110011100011
11111111111110101000011110010011
00000000000100000000011100010011
00000000111101110001011110110011
00000000111100000000010010110011
00000000110000000000000001101111
00000000100110011100100110110011
00000000000101001101010010010011
00000000100110011111011110110011
11111110000001111001101011100011
00000000100110011100100110110011
00000000000100000000011110010011
00000001010001111001011110110011
11111111111101111000011110010011
11111100111101000010011000100011
00000010100000000000000001101111
11111101010001000010011110000011
11111111111101111000011110010011
11111100111101000010101000100011
11111101000001000010011110000011
01000000111110100000101000110011
00000000000100000000011110010011
00000001010001111001011110110011
11111111111101111000011110010011
11111100111101000010011000100011
11111100110001000010011110000011
00000000111110011111011100110011
11111101010001000010011110000011
00000000001001111001011110010011
11111110000001000000011010010011
00000000111101101000011110110011
11110001010001111010011110000011
11111100111101110001000011100011
11111101110001000010011110000011
11111111111101111000011100010011
11111100111001000010111000100011
11100110000001111001000011100011
00000000000110101000101010010011
11111011100001000010011110000011
11000101010101111101001011100011
11111100000001000010011110000011
00000000000001111000110001100011
11111011100001000010011100000011
00000000000100000000011110010011
00000000111101110000011001100011
11111111101100000000011110010011
00000000100000000000000001101111
00000000000000000000011110010011
00000000111100000000010100110011
00010010110000010010010000000011
00010010100000010010010010000011
00010010010000010010100100000011
00010010000000010010100110000011
00010001110000010010101000000011
00010001100000010010101010000011
00010011000000010000000100010011
00000000000000001000000001100111
11111011000000010000000100010011
00000100000100010010011000100011
00000100100000010010010000100011
00000101000000010000010000010011
11111100101001000010111000100011
11111100101101000010110000100011
11111100110001000010101000100011
11111100110101000010100000100011
11111100111001000010011000100011
11111110000001000010001000100011
11111100110001000010011110000011
00000010000001111010011100000011
11111100110001000010011110000011
00000010100001111010011110000011
00000000010000000000011000010011
00000001001100000000010110010011
00000000111100000000010100110011
00000000000001110000000011100111
11111110101001000010010000100011
11111110100001000010011110000011
00000000000001111001011001100011
11111111110000000000011110010011
00001010110000000000000001101111
11111110100001000010011110000011
00000000111100010010001000100011
11111110010001000000011110010011
00000000111100010010000000100011
11111101000001000010100010000011
11111101100001000010100000000011
11111101010001000010011110000011
00000000000000000000011100010011
00000000000000000000011010010011
00000001001100000000011000010011
00000001001100000000010110010011
11111101110001000010010100000011
00000000000000000000000000010011
11111110101001000010011000100011
11111110110001000010011100000011
11111111110100000000011110010011
00000000111101110001110001100011
11111100110001000010011110000011
00010000000000010000011100110111
00100001100001110000011100010011
00000000111001111010110000100011
00000011010000000000000001101111
11111110110001000010011100000011
11111111101100000000011110010011
00000000111101110000100001100011
11111101100001000010011110000011
00000000000001111010011110000011
00000000000001111001111001100011
11111100110001000010011110000011
00010000000000010000011100110111
00100100000001110000011100010011
00000000111001111010110000100011
11111111110100000000011110010011
11111110111101000010011000100011
11111100110001000010011110000011
00000010010001111010011100000011
11111100110001000010011110000011
00000010100001111010011110000011
11111110100001000010010110000011
00000000111100000000010100110011
00000000000001110000000011100111
11111110110001000010011110000011
00000000111100000000010100110011
00000100110000010010000010000011
00000100100000010010010000000011
00000101000000010000000100010011
00000000000000001000000001100111
11111011000000010000000100010011
00000100000100010010011000100011
00000100100000010010010000100011
00000101000000010000010000010011
11111100101001000010111000100011
11111100101101000010110000100011
11111100110001000010101000100011
11111100110101000010100000100011
11111100111001000010011000100011
11111100111101000010010000100011
11111101000001000010001000100011
11111101000101000010000000100011
11111110000001000010001000100011
00000000000001000010011110000011
00000010000001111010011100000011
00000000000001000010011110000011
00000010100001111010011110000011
00000000010000000000011000010011
00010010000000000000010110010011
00000000111100000000010100110011
00000000000001110000000011100111
11111110101001000010010000100011
11111110100001000010011110000011
00000000000001111001011001100011
11111111110000000000011110010011
00011101110000000000000001101111
11111110100001000010011110000011
00000000111100010010001000100011
11111110010001000000011110010011
00000000111100010010000000100011
11111100000001000010100010000011
11111101000001000010100000000011
11111100100001000010011110000011
00010000000000010000011100110111
00001010110001110000011100010011
00010000000000010000011010110111
00000011000001101000011010010011
00010000000100000000011000010011
11111101110001000010010110000011
11111101010001000010010100000011
00000000000000000000000000010011
11111110101001000010011000100011
11111110110001000010011110000011
00000000000001111001100001100011
11111101000001000010011110000011
00000000000001111010011110000011
00000110000001111001011001100011
11111110110001000010011100000011
11111111110100000000011110010011
00000000111101110001110001100011
00000000000001000010011110000011
00010000000000010000011100110111
00100110010001110000011100010011
00000000111001111010110000100011
00000010100000000000000001101111
11111110110001000010011100000011
11111111110000000000011110010011
00000000111101110000111001100011
00000000000001000010011110000011
00010000000000010000011100110111
00101000100001110000011100010011
00000000111001111010110000100011
11111111110100000000011110010011
11111110111101000010011000100011
00000000000001000010011110000011
00000010010001111010011100000011
00000000000001000010011110000011
00000010100001111010011110000011
11111110100001000010010110000011
00000000111100000000010100110011
00000000000001110000000011100111
11111110110001000010011110000011
00010010000000000000000001101111
11111101110001000010011110000011
00000000001001111001011110010011
11111101010001000010011100000011
00000000111101110000010100110011
11111110100001000010011110000011
00000000111100010010001000100011
11111110010001000000011110010011
00000000111100010010000000100011
11111100000001000010100010000011
11111100110001000010100000000011
11111100010001000010011110000011
00010000000000010000011100110111
00011010000001110000011100010011
00010000000000010000011010110111
00010010100001101000011010010011
00000000000000000000011000010011
11111101100001000010010110000011
00000000000000000000000000010011
11111110101001000010011000100011
11111110110001000010011110000011
00000000000001111001111001100011
11111100110001000010011110000011
00000000000001111010011110000011
00001010000001111001000001100011
11111101110001000010011100000011
00010000000100000000011110010011
00001000111001111111101001100011
11111110110001000010011100000011
11111111110100000000011110010011
00000000111101110001110001100011
00000000000001000010011110000011
00010000000000010000011100110111
00101010100001110000011100010011
00000000111001111010110000100011
00000101000000000000000001101111
11111110110001000010011100000011
11111111101100000000011110010011
00000010111101110001000001100011
00000000000001000010011110000011
00010000000000010000011100110111
00101100100001110000011100010011
00000000111001111010110000100011
11111111110100000000011110010011
11111110111101000010011000100011
00000010100000000000000001101111
11111110110001000010011100000011
11111111110000000000011110010011
00000000111101110000111001100011
00000000000001000010011110000011
00010000000000010000011100110111
00101110010001110000011100010011
00000000111001111010110000100011
11111111110100000000011110010011
11111110111101000010011000100011
00000000000001000010011110000011
00000010010001111010011100000011
00000000000001000010011110000011
00000010100001111010011110000011
11111110100001000010010110000011
00000000111100000000010100110011
00000000000001110000000011100111
11111110110001000010011110000011
00000010010000000000000001101111
00000000000001000010011110000011
00000010010001111010011100000011
00000000000001000010011110000011
00000010100001111010011110000011
11111110100001000010010110000011
00000000111100000000010100110011
00000000000001110000000011100111
00000000000000000000011110010011
00000000111100000000010100110011
00000100110000010010000010000011
00000100100000010010010000000011
00000101000000010000000100010011
00000000000000001000000001100111
11111101000000010000000100010011
00000010100000010010011000100011
00000011000000010000010000010011
11111110101001000010011000100011
11111110101101000010010000100011
11111110110001000010001000100011
11111110110101000010000000100011
11111100111001000010111000100011
00010000000000010000011110110111
00110000100001111010011100000011
11111110110001000010011110000011
00000000111001111010000000100011
00010000000000010000011110110111
00110000110001111010011100000011
11111110100001000010011110000011
00000000111001111010000000100011
11111110010001000010011110000011
00010000000000010000011100110111
00110001000001110000011100010011
00000000111001111010000000100011
11111110000001000010011110000011
00010000000000010001011100110111
00110001000001110000011100010011
00000000111001111010000000100011
00000000000000000000011110010011
00000000111100000000010100110011
00000010110000010010010000000011
00000011000000010000000100010011
00000000000000001000000001100111
