11111101000000010000000100010011
00000010000100010010011000100011
00000010100000010010010000100011
00000011000000010000010000010011
11111100101001000010111000100011
11111100101101000010110000100011
11111100110001000010101000100011
11111101100001000010011110000011
00000000110001111010011110000011
11111110111101000010010000100011
11111101110001000010011110000011
00000011000001111010011110000011
11111110111101000010001000100011
11111101110001000010011110000011
00000011010001111010011110000011
11111110010001000010011100000011
00000000111001111110100001100011
11111101110001000010011110000011
00000011010001111010011110000011
00000000110000000000000001101111
11111101110001000010011110000011
00000010110001111010011110000011
11111110010001000010011100000011
01000000111001111000011110110011
11111110111101000010011000100011
11111101100001000010011110000011
00000001000001111010011110000011
11111110110001000010011100000011
00000000111001111111100001100011
11111101100001000010011110000011
00000001000001111010011110000011
11111110111101000010011000100011
11111110110001000010011110000011
00000000000001111000101001100011
11111101010001000010011100000011
11111111101100000000011110010011
00000000111101110001010001100011
11111100000001000010101000100011
11111101100001000010011110000011
00000001000001111010011100000011
11111110110001000010011110000011
01000000111101110000011100110011
11111101100001000010011110000011
00000000111001111010100000100011
11111101100001000010011110000011
00000001010001111010011100000011
11111110110001000010011110000011
00000000111101110000011100110011
11111101100001000010011110000011
00000000111001111010101000100011
11111101110001000010011110000011
00000011100001111010011110000011
00000100000001111000000001100011
11111101110001000010011110000011
00000011100001111010011100000011
11111101110001000010011110000011
00000011110001111010011110000011
11111110110001000010011000000011
11111110010001000010010110000011
00000000111100000000010100110011
00000000000001110000000011100111
00000000101000000000011100110011
11111101110001000010011110000011
00000010111001111010111000100011
11111101110001000010011110000011
00000011110001111010011100000011
11111101100001000010011110000011
00000010111001111010100000100011
11111110110001000010011000000011
11111110010001000010010110000011
11111110100001000010010100000011
00000000000000000000000000010011
11111110100001000010011100000011
11111110110001000010011110000011
00000000111101110000011110110011
11111110111101000010010000100011
11111110010001000010011100000011
11111110110001000010011110000011
00000000111101110000011110110011
11111110111101000010001000100011
11111101110001000010011110000011
00000010110001111010011110000011
11111110010001000010011100000011
00010010111101110001001001100011
11111101110001000010011110000011
00000010100001111010011110000011
11111110111101000010001000100011
11111101110001000010011110000011
00000011010001111010011100000011
11111101110001000010011110000011
00000010110001111010011110000011
00000000111101110001101001100011
11111101110001000010011110000011
00000010100001111010011100000011
11111101110001000010011110000011
00000010111001111010101000100011
11111101110001000010011110000011
00000011010001111010011100000011
11111110010001000010011110000011
01000000111101110000011110110011
11111110111101000010011000100011
11111101100001000010011110000011
00000001000001111010011110000011
11111110110001000010011100000011
00000000111001111111100001100011
11111101100001000010011110000011
00000001000001111010011110000011
11111110111101000010011000100011
11111110110001000010011110000011
00000000000001111000101001100011
11111101010001000010011100000011
11111111101100000000011110010011
00000000111101110001010001100011
11111100000001000010101000100011
11111101100001000010011110000011
00000001000001111010011100000011
11111110110001000010011110000011
01000000111101110000011100110011
11111101100001000010011110000011
00000000111001111010100000100011
11111101100001000010011110000011
00000001010001111010011100000011
11111110110001000010011110000011
00000000111101110000011100110011
11111101100001000010011110000011
00000000111001111010101000100011
11111101110001000010011110000011
00000011100001111010011110000011
00000100000001111000000001100011
11111101110001000010011110000011
00000011100001111010011100000011
11111101110001000010011110000011
00000011110001111010011110000011
11111110110001000010011000000011
11111110010001000010010110000011
00000000111100000000010100110011
00000000000001110000000011100111
00000000101000000000011100110011
11111101110001000010011110000011
00000010111001111010111000100011
11111101110001000010011110000011
00000011110001111010011100000011
11111101100001000010011110000011
00000010111001111010100000100011
11111110110001000010011000000011
11111110010001000010010110000011
11111110100001000010010100000011
00000000000000000000000000010011
11111110100001000010011100000011
11111110110001000010011110000011
00000000111101110000011110110011
11111110111101000010010000100011
11111110010001000010011100000011
11111110110001000010011110000011
00000000111101110000011110110011
11111110111101000010001000100011
11111101100001000010011110000011
11111110100001000010011100000011
00000000111001111010011000100011
11111101110001000010011110000011
11111110010001000010011100000011
00000010111001111010100000100011
11111101010001000010011110000011
00000000111100000000010100110011
00000010110000010010000010000011
00000010100000010010010000000011
00000011000000010000000100010011
00000000000000001000000001100111
