11001111000000010000000100010011
00110000000100010010011000100011
00110000100000010010010000100011
00110000100100010010001000100011
00110001000000010000010000010011
11001110101001000010111000100011
11001110101101000010110000100011
11001110110001000010101000100011
11001110110101000010100000100011
11001111100001000010010100000011
00000000000000000000000000010011
00000000101000000000011110110011
11111110111101000010011000100011
11111110110001000010011100000011
00000010000000000000011110010011
00000000111001111101011001100011
00000010000000000000011110010011
11111110111101000010011000100011
11111110110001000010011110000011
00001111111101111111011110010011
11101000111101000000100000100011
11101001000001000000011110010011
00000000000101111000011110010011
11111110110001000010011100000011
00000000111000000000011000110011
11001111100001000010010110000011
00000000111100000000010100110011
00000000000000000000000000010011
11111110110001000010011110000011
00000000000101111000011110010011
00000000111100000000011100110011
11101001000001000000011110010011
00000000000000000000011010010011
00000000111000000000011000110011
00000000111100000000010110110011
11001111110001000010010100000011
00000000000000000000000000010011
00000000101000000000011110110011
00000000000001111101011001100011
00000000000000000000011110010011
00110100100000000000000001101111
11111110110001000010011100000011
11111011010001000000011110010011
00000000111000000000011000110011
11001111100001000010010110000011
00000000111100000000010100110011
00000000000000000000000000010011
11111110110001000010011110000011
11111111000001000000011100010011
00000000111101110000011110110011
11111100000001111000001000100011
11101001000001000000011110010011
00010000000000000000011010010011
00000000001000000000011000010011
00000000111100000000010110110011
11001111110001000010010100000011
00000000000000000000000000010011
11111110101001000010011000100011
11111110110001000010011110000011
00000000111100000100011001100011
00000000000000000000011110010011
00101111010000000000000001101111
11101001000001000100011110000011
11111110111101000010010000100011
11111110100001000010011110000011
00000000111100000101101001100011
00000000000000000000000000010011
00000000101000000000011100110011
11111110100001000010011110000011
00000000111101110101011001100011
00000000000000000000011110010011
00101100110000000000000001101111
11111110100001000010011110000011
11111111111101111000011110010011
00000000111100000000010100110011
00000000000000000000000000010011
11111110101001000010001000100011
11101001000101000100011110000011
11010000111101000010010000100011
11010000100001000010011100000011
00000010000000000000011110010011
00000000111001111101011001100011
00000000000000000000011110010011
00101001110000000000000001101111
11111001010001000000011110010011
11010000111101000010011000100011
11010000100001000010011110000011
00000000111100000000011100110011
11111001010001000000011110010011
00010000000000000000011010010011
00000000111000000000011000110011
00000000111100000000010110110011
11001111110001000010010100000011
00000000000000000000000000010011
11111110101001000010011000100011
11111110110001000010011110000011
00000000111100000100011001100011
00000000000000000000011110010011
00100110000000000000000001101111
11111110010001000010011110000011
00000000110001111000011100010011
11111110010001000010011110000011
00000001010001111000011000010011
11010000100001000000011010010011
11111011010001000000011110010011
00000000111000000000010110110011
00000000111100000000010100110011
00000000000000000000000000010011
11111110101001000010000000100011
11111110000001000010011110000011
00000000000001111001011001100011
00000000000000000000011110010011
00100010100000000000000001101111
11111110000001000010010100000011
00000000000000000000000000010011
11111100101001000010111000100011
11111101110001000010011110000011
00000000000001111010011110000011
00001111111101111111011110010011
11111111111101111000011110010011
00001111111101111111011110010011
11101000111101000000100000100011
11111101110001000010011110000011
00000000010001111010011010000011
11101001000001000000011110010011
00000000000101111000011110010011
11111101110001000010011100000011
00000000000001110010011100000011
00000000111000000000011000110011
00000000110100000000010110110011
00000000111100000000010100110011
00000000000000000000000000010011
11111101110001000010011110000011
00000000000001111010011110000011
00000000000101111000011110010011
00000000111100000000011100110011
11101001000001000000011110010011
00000000000000000000011010010011
00000000111000000000011000110011
00000000111100000000010110110011
11001111110001000010010100000011
00000000000000000000000000010011
00000000101000000000011110110011
00000000000001111101011001100011
00000000000000000000011110010011
00011010010000000000000001101111
11001111010001000010011110000011
00000010000001111001001001100011
11010001000001000000011100010011
00010000000000010000011110110111
00000000000001111000011000010011
00001000000000000000010110010011
00000000111000000000010100110011
00000000000000000000000000010011
11010001000001000000011110010011
11001110111101000010101000100011
11001111010001000010010110000011
11111110000001000010010100000011
00000000000000000000000000010011
11101001000001000000011110010011
00000000000000000000011010010011
00000000000100000000011000010011
00000000111100000000010110110011
11001111110001000010010100000011
00000000000000000000000000010011
11111110101001000010011000100011
11111110110001000010011110000011
00000000111100000100011001100011
00000000000000000000011110010011
00010100010000000000000001101111
11101001000001000100011110000011
00000000000101111000011110010011
11010000111101000010000000100011
11011001000001000000011110010011
11010000111101000010001000100011
11010000000001000010011110000011
00000000111100000000011100110011
11011001000001000000011110010011
00010000000000000000011010010011
00000000111000000000011000110011
00000000111100000000010110110011
11001111110001000010010100000011
00000000000000000000000000010011
11111110101001000010011000100011
11111110110001000010011110000011
00000000111100000100011001100011
00000000000000000000011110010011
00001111110000000000000001101111
11010000000001000000011110010011
00000000111100000000010110110011
11111110000001000010010100000011
00000000000000000000000000010011
11111100101001000010110000100011
11111101100001000010011110000011
00000000000001111001011001100011
00000000000000000000011110010011
00001101100000000000000001101111
11111110000001000010010100000011
00000000000000000000000000010011
00000000101000000000011110110011
00000000000000000000011010010011
00000001010000000000011000010011
00000000111100000000010110110011
11001111110001000010010100000011
00000000000000000000000000010011
00000000101000000000011110110011
00000000000001111101011001100011
00000000000000000000011110010011
00001010100000000000000001101111
11101001000001000000011110010011
00010000000000000000011010010011
00000001010000000000011000010011
00000000111100000000010110110011
11001111110001000010010100000011
00000000000000000000000000010011
11111110101001000010011000100011
11111110110001000010011110000011
00000000111100000100011001100011
00000000000000000000011110010011
00000111110000000000000001101111
11101001000001000000011110010011
00000000111100000000010110110011
11111110000001000010010100000011
00000000000000000000000000010011
00000000101000000000011110110011
00000000000001111000011001100011
00000000000000000000011110010011
00000101110000000000000001101111
11001111000001000010011110000011
00000100000001111000010001100011
11001111000001000010010010000011
11111011010001000000011110010011
00000000111100000000010100110011
00000000000000000000000000010011
00000000101000000000011110110011
00000000000101111000011100010011
11111011010001000000011110010011
00000000111000000000011000110011
00000000111100000000010110110011
00000000100100000000010100110011
00000000000000000000000000010011
11001111000001000010011110000011
00000010000101111000011110010011
00000010100000000000011000010011
11111101100001000010010110000011
00000000111100000000010100110011
00000000000000000000000000010011
11111110000001000010010100000011
00000000000000000000000000010011
00000000000100000000011110010011
00000000111100000000010100110011
00110000110000010010000010000011
00110000100000010010010000000011
00110000010000010010010010000011
00110001000000010000000100010011
00000000000000001000000001100111
11011010000000010000000100010011
00100100000100010010111000100011
00100100100000010010110000100011
00100100100100010010101000100011
00100110000000010000010000010011
11011010101001000010011000100011
11011010101101000010010000100011
11101011100001000000011110010011
00000000000000000000011010010011
00000000000100000000011000010011
00000000111100000000010110110011
11011010110001000010010100000011
00000000000000000000000000010011
11111110101001000010011000100011
11111110110001000010011110000011
00000000111100000100011001100011
00000000000000000000011110010011
00101101110000000000000001101111
11101011100001000100011110000011
11111110111101000010010000100011
11111110100001000010011100000011
11111011110001000000011110010011
00010000000000000000011010010011
00000000111000000000011000110011
00000000111100000000010110110011
11011010110001000010010100000011
00000000000000000000000000010011
11111110101001000010011000100011
11111110110001000010011110000011
00000000111100000100011001100011
00000000000000000000011110010011
00101010010000000000000001101111
11111110100001000010011110000011
11111111000001000000011100010011
00000000111101110000011110110011
11111100000001111000011000100011
11111011110001000000011110010011
00000000111100000000010100110011
00000000000000000000000000010011
11111110101001000010001000100011
11111110010001000010011110000011
00000000000001111001011001100011
00000000000000000000011110010011
00100111010000000000000001101111
11111110010001000010011110000011
00000000000001111010011110000011
00001111111101111111011110010011
11101010111101000000110000100011
11111110010001000010011110000011
00000001110001111010011110000011
11111110111101000010011000100011
11111110110001000010011110000011
00001111111101111111011110010011
11101010111101000000110010100011
11111110010001000010011110000011
00000010000001111010011100000011
11101011100001000000011110010011
00000000001001111000011110010011
11111110110001000010011010000011
00000000110100000000011000110011
00000000111000000000010110110011
00000000111100000000010100110011
00000000000000000000000000010011
11111110110001000010011110000011
00000000001001111000011110010011
00000000111100000000011100110011
11101011100001000000011110010011
00000000000000000000011010010011
00000000111000000000011000110011
00000000111100000000010110110011
11011010110001000010010100000011
00000000000000000000000000010011
00000000101000000000011110110011
00000000000001111101011001100011
00000000000000000000011110010011
00011111010000000000000001101111
11111110010001000010010100000011
00000000000000000000000000010011
11111110101001000010000000100011
11101011100001000000011110010011
00000000000000000000011010010011
00000000000100000000011000010011
00000000111100000000010110110011
11011010110001000010010100000011
00000000000000000000000000010011
11111110101001000010011000100011
11111110110001000010011110000011
00000000111100000100011001100011
00000000000000000000011110010011
00011011110000000000000001101111
11101011100001000100011110000011
00000000000101111000011110010011
11011010111101000010100000100011
11011011100001000000011110010011
11011010111101000010101000100011
11011011000001000010011110000011
00000000111100000000011100110011
11011011100001000000011110010011
00010000000000000000011010010011
00000000111000000000011000110011
00000000111100000000010110110011
11011010110001000010010100000011
00000000000000000000000000010011
11111110101001000010011000100011
11111110110001000010011110000011
00000000111100000100011001100011
00000000000000000000011110010011
00010111010000000000000001101111
11111110000001000010011110000011
00000000000001111010011110000011
00001111111101111111011110010011
11111111111101111000011110010011
00001111111101111111011110010011
11101010111101000000110000100011
11111110000001000010011110000011
00000000010001111010011010000011
11101011100001000000011110010011
00000000000101111000011110010011
11111110000001000010011100000011
00000000000001110010011100000011
00000000111000000000011000110011
00000000110100000000010110110011
00000000111100000000010100110011
00000000000000000000000000010011
11111110000001000010011110000011
00000000000001111010011110000011
00000000000101111000011110010011
00000000111100000000011100110011
11101011100001000000011110010011
00000000000000000000011010010011
00000000111000000000011000110011
00000000111100000000010110110011
11011010110001000010010100000011
00000000000000000000000000010011
00000000101000000000011110110011
00000000000001111101011001100011
00000000000000000000011110010011
00001111110000000000000001101111
11011011000001000000011110010011
00000000111100000000010110110011
11111110010001000010010100000011
00000000000000000000000000010011
11111100101001000010111000100011
11111101110001000010011110000011
00000000000001111001011001100011
00000000000000000000011110010011
00001101100000000000000001101111
11101011100001000000011110010011
00010000000000000000011010010011
00000001010000000000011000010011
00000000111100000000010110110011
11011010110001000010010100000011
00000000000000000000000000010011
11111110101001000010011000100011
11111110110001000010011110000011
00000000111100000100011001100011
00000000000000000000011110010011
00001010110000000000000001101111
11101011100001000000011110010011
00000000111100000000010110110011
11111110010001000010010100000011
00000000000000000000000000010011
00000000101000000000011110110011
00000000000001111000011001100011
00000000000000000000011110010011
00001000110000000000000001101111
11111110010001000010010100000011
00000000000000000000000000010011
00000000101000000000011110110011
00000000000000000000011010010011
00000001010000000000011000010011
00000000111100000000010110110011
11011010110001000010010100000011
00000000000000000000000000010011
00000000101000000000011110110011
00000000000001111101011001100011
00000000000000000000011110010011
00000101110000000000000001101111
11011010100001000010011110000011
00000100000001111000010001100011
11011010100001000010010010000011
11111011110001000000011110010011
00000000111100000000010100110011
00000000000000000000000000010011
00000000101000000000011110110011
00000000000101111000011100010011
11111011110001000000011110010011
00000000111000000000011000110011
00000000111100000000010110110011
00000000100100000000010100110011
00000000000000000000000000010011
11011010100001000010011110000011
00000010000101111000011110010011
00000010100000000000011000010011
11111101110001000010010110000011
00000000111100000000010100110011
00000000000000000000000000010011
11111110010001000010010100000011
00000000000000000000000000010011
00000000000100000000011110010011
00000000111100000000010100110011
00100101110000010010000010000011
00100101100000010010010000000011
00100101010000010010010010000011
00100110000000010000000100010011
00000000000000001000000001100111
