11111110000000010000000100010011
00000000100000010010111000100011
00000010000000010000010000010011
00000000101000000000011110110011
11111110111101000000011000100011
11111110110001000100011100000011
00000010111100000000011110010011
00000000111001111111111001100011
11111110110001000100011100000011
00000011100100000000011110010011
00000000111001111110100001100011
11111110110001000100011110000011
11111101000001111000011110010011
00000101000000000000000001101111
11111110110001000100011100000011
00000110000000000000011110010011
00000000111001111111111001100011
11111110110001000100011100000011
00000110011000000000011110010011
00000000111001111110100001100011
11111110110001000100011110000011
11111010100101111000011110010011
00000010110000000000000001101111
11111110110001000100011100000011
00000100000000000000011110010011
00000000111001111111111001100011
11111110110001000100011100000011
00000100011000000000011110010011
00000000111001111110100001100011
11111110110001000100011110000011
11111100100101111000011110010011
00000000100000000000000001101111
00000000000000000000011110010011
00000000111100000000010100110011
00000001110000010010010000000011
00000010000000010000000100010011
00000000000000001000000001100111
11111110000000010000000100010011
00000000000100010010111000100011
00000000100000010010110000100011
00000000100100010010101000100011
00000001001000010010100000100011
00000001001100010010011000100011
00000001010000010010010000100011
00000001010100010010001000100011
00000010000000010000010000010011
00000000101000000000101010110011
00000000101100000000010010110011
00000001010100000000100110110011
00000000100100000000010100110011
00000000000000000000000000010011
00000000101000000000100100110011
00000000000110010111011110010011
00001000000001111000100001100011
00000000100100000000011110110011
00000000000101111000010010010011
00000000000001111100011110000011
00000000111100000000010100110011
00000000000000000000000000010011
00000000101000000000011100110011
00000001001100000000011110110011
00000000000101111000100110010011
00001111111101110111011100010011
00000000111001111000000000100011
11111111111110010000100100010011
00000110000000000000000001101111
00000000000001001100011110000011
00000000111100000000010100110011
00000000000000000000000000010011
00000000101000000000011110110011
00000000010001111001011110010011
00000001100001111001101000010011
01000001100010100101101000010011
00000000000101001000011110010011
00000000000001111100011110000011
00000000111100000000010100110011
00000000000000000000000000010011
00000000101000000000011110110011
00000001100001111001011110010011
01000001100001111101011110010011
00000000111110100110011110110011
00000001100001111001011100010011
01000001100001110101011100010011
00000001001100000000011110110011
00000000000101111000100110010011
00001111111101110111011100010011
00000000111001111000000000100011
00000000001001001000010010010011
11111111111010010000100100010011
11111010000010010001001011100011
01000001010110011000011110110011
00000000111100000000010100110011
00000001110000010010000010000011
00000001100000010010010000000011
00000001010000010010010010000011
00000001000000010010100100000011
00000000110000010010100110000011
00000000100000010010101000000011
00000000010000010010101010000011
00000010000000010000000100010011
00000000000000001000000001100111
11111101000000010000000100010011
00000010000100010010011000100011
00000010100000010010010000100011
00000010100100010010001000100011
00000011001000010010000000100011
00000001001100010010111000100011
00000001010000010010110000100011
00000011000000010000010000010011
00000000101000000000101000110011
00000000101100000000100100110011
00000000110000000000010010110011
11111100000001000010111000100011
00000001010000000000100110110011
00000100000001001000001001100011
11111101110001000010011110000011
00000000000001111001011001100011
00000000000010010100011110000011
00000010000001111000010001100011
00000000000100000000011110010011
11111100111101000010111000100011
00000000000010010100011110000011
00000000111100000000011000110011
00010000000000010000011110110111
00000000000001111000010110010011
00000001001100000000010100110011
00000000000000000000000000010011
00000000001010011000100110010011
00000000000110010000100100010011
11111111111101001000010010010011
11111100000001001001001011100011
00000001010000000000011110110011
00000000111100000000010100110011
00000010110000010010000010000011
00000010100000010010010000000011
00000010010000010010010010000011
00000010000000010010100100000011
00000001110000010010100110000011
00000001100000010010101000000011
00000011000000010000000100010011
00000000000000001000000001100111
11111101000000010000000100010011
00000010000100010010011000100011
00000010100000010010010000100011
00000010100100010010001000100011
00000011001000010010000000100011
00000011000000010000010000010011
00000000101000000000100100110011
00000000101100000000010010110011
00000000100000000000000001101111
00000000000101001000010010010011
00000000000001001100011110000011
00000010000001111000010001100011
00000000000001001100011100000011
00000010000000000000011110010011
11111110111101110000011011100011
00000000000001001100011100000011
00000000100100000000011110010011
11111110111101110000000011100011
00000000000001001100011100000011
00000000101000000000011110010011
11111100111101110000101011100011
00000000100100000000010100110011
00000000000000000000000000010011
11111110101001000010001000100011
11111110010001000010011110000011
00000000000101111000011110010011
00000000111100000000010100110011
00000000000000000000000000010011
00000000101000000000011110110011
11111110111101000010000000100011
11111110000001000010011110000011
00000000000001111001011001100011
11111111111100000000011110010011
00110010100000000000000001101111
11111110000001000010011000100011
00000101110000000000000001101111
11111110110001000010011110000011
00000000111101001000011110110011
00000000000001111100011110000011
00000000111100000000010110110011
00010000000000010000011110110111
00000000100001111000010100010011
00000000000000000000000000010011
11111100101001000010111000100011
11111101110001000010011110000011
00000100000001111000001001100011
11111101110001000010011100000011
00010000000000010000011110110111
00000000100001111000011110010011
01000000111101110000011010110011
11111110110001000010011110000011
11111110000001000010011100000011
00000000111101110000011110110011
00001111111101101111011100010011
00000000111001111000000000100011
11111110110001000010011110000011
00000000000101111000011110010011
11111110111101000010011000100011
11111110110001000010011110000011
11111110010001000010011100000011
11111010111001111110000011100011
00000000100000000000000001101111
00000000000000000000000000010011
11111110110001000010011110000011
11111110111101000010001000100011
11111110010001000010011110000011
11111111111101111000011110010011
11111110111101000010011000100011
11111110010001000010011110000011
11111110111101000010010000100011
11111110110001000010011110000011
11111110000001000010011100000011
00000000111101110000011100110011
11111110100001000010011110000011
11111110000001000010011010000011
00000000111101101000011110110011
00000000000001110100011100000011
00000000111001111000000000100011
11111110110001000010011110000011
11111111111101111000011110010011
11111110111101000010011000100011
11111110110001000010011110000011
00011100000001111100101001100011
11111110100001000010011110000011
11111110000001000010011100000011
00000000111101110000011110110011
00000000000001111100011110000011
00000001100001111001011100010011
01000001100001110101011100010011
11111110110001000010011110000011
11111110000001000010011010000011
00000000111101101000011110110011
00000000000001111100011110000011
00000000011001111001011110010011
00000001100001111001011110010011
01000001100001111101011110010011
00000000111101110110011110110011
00000001100001111001011010010011
01000001100001101101011010010011
11111110100001000010011110000011
11111110000001000010011100000011
00000000111101110000011110110011
00001111111101101111011100010011
00000000111001111000000000100011
11111110100001000010011110000011
11111111111101111000011110010011
11111110111101000010010000100011
11111110110001000010011110000011
11111110000001000010011100000011
00000000111101110000011110110011
00000000000001111100011110000011
01000000001001111101011110010011
00001111111101111111011100010011
11111110100001000010011110000011
11111110000001000010011010000011
00000000111101101000011110110011
00000000111101110111011100010011
00001111111101110111011100010011
00000000111001111000000000100011
11111110110001000010011110000011
11111111111101111000011110010011
11111110111101000010011000100011
11111110110001000010011110000011
00010010000001111100110001100011
11111110100001000010011110000011
11111110000001000010011100000011
00000000111101110000011110110011
00000000000001111100011110000011
00000001100001111001011100010011
01000001100001110101011100010011
11111110110001000010011110000011
11111110000001000010011010000011
00000000111101101000011110110011
00000000000001111100011110000011
00000000010001111001011110010011
00000001100001111001011110010011
01000001100001111101011110010011
00000000111101110110011110110011
00000001100001111001011010010011
01000001100001101101011010010011
11111110100001000010011110000011
11111110000001000010011100000011
00000000111101110000011110110011
00001111111101101111011100010011
00000000111001111000000000100011
11111110100001000010011110000011
11111111111101111000011110010011
11111110111101000010010000100011
11111110110001000010011110000011
11111110000001000010011100000011
00000000111101110000011110110011
00000000000001111100011110000011
01000000010001111101011110010011
00001111111101111111011100010011
11111110100001000010011110000011
11111110000001000010011010000011
00000000111101101000011110110011
00000000001101110111011100010011
00001111111101110111011100010011
00000000111001111000000000100011
11111110110001000010011110000011
11111111111101111000011110010011
11111110111101000010011000100011
11111110110001000010011110000011
00001000000001111100111001100011
11111110100001000010011110000011
11111110000001000010011100000011
00000000111101110000011110110011
00000000000001111100011110000011
00000001100001111001011100010011
01000001100001110101011100010011
11111110110001000010011110000011
11111110000001000010011010000011
00000000111101101000011110110011
00000000000001111100011110000011
00000000001001111001011110010011
00000001100001111001011110010011
01000001100001111101011110010011
00000000111101110110011110110011
00000001100001111001011010010011
01000001100001101101011010010011
11111110100001000010011110000011
11111110000001000010011100000011
00000000111101110000011110110011
00001111111101101111011100010011
00000000111001111000000000100011
11111110100001000010011110000011
11111111111101111000011110010011
11111110111101000010010000100011
11111110100001000010011110000011
11111110000001000010011100000011
00000000111101110000011110110011
00000000000001111000000000100011
11111110110001000010011110000011
11111111111101111000011110010011
11111110111101000010011000100011
11111110110001000010011110000011
00000010000001111100000001100011
11100000000111111111000001101111
00000000000000000000000000010011
00000010100000000000000001101111
00000000000000000000000000010011
00000010000000000000000001101111
00000000000000000000000000010011
00000001100000000000000001101111
00000000000000000000000000010011
00000001000000000000000001101111
11111110100001000010011110000011
00000000000101111000011110010011
11111110111101000010010000100011
11111110100001000010011110000011
11111110000001000010011100000011
00000000111101110000011110110011
00000000000001111100011110000011
00000000000001111001100001100011
11111110100001000010011110000011
11111110010001000010011100000011
11111100111101110111110011100011
11111110100001000010011110000011
11111110000001000010011100000011
00000000111101110000011010110011
11111110100001000010011110000011
11111110010001000010011100000011
01000000111101110000011110110011
00000000000101111000011110010011
00000000111100000000011000110011
00000000110100000000010110110011
00000001001000000000010100110011
00000000000000000000000000010011
11111110000001000010010100000011
00000000000000000000000000010011
11111110100001000010011110000011
11111110010001000010011100000011
01000000111101110000011110110011
00000000000101111000011110010011
00000000111100000000010100110011
00000010110000010010000010000011
00000010100000010010010000000011
00000010010000010010010010000011
00000010000000010010100100000011
00000011000000010000000100010011
00000000000000001000000001100111
11111110000000010000000100010011
00000000100000010010111000100011
00000010000000010000010000010011
00000000101000000000011110110011
00000000101100000000011100110011
00000000110000000000011010110011
00000000001100000000011000010011
00000010110001101111011000110011
11111110110001000010011000100011
11111110000001000000010110100011
11111110000001000000010100100011
11111110000001000000010010100011
11111110000001000000010000100011
11111110111101000010001000100011
11111110110001000010010110000011
00000000000100000000011000010011
00000000110001011000101001100011
11111110110001000010010110000011
00000000001000000000011000010011
00000000110001011000101001100011
00000010100000000000000001101111
00000000000001110100011000000011
11111110110001000000010010100011
00000001110000000000000001101111
00000000000001110100011000000011
11111110110001000000010100100011
00000000000101110000011000010011
00000000000001100100011000000011
11111110110001000000010010100011
00000000000000000000000000010011
11111110101101000100011000000011
00000000001001100101011000010011
00001111111101100111011000010011
11111110110001000010000000100011
11111110100001000100011000000011
00000000000001100001011001100011
11111110000001000010011000000011
00000010000001100000011001100011
00000000111100000000011000110011
00000000000101100000011110010011
00010000000000010000010110110111
00000000100001011000010100010011
11111110000001000010010110000011
00000000101101010000010110110011
00000000000001011100010110000011
00000000101101100000000000100011
00000000000100000000011000010011
11111110110001000000010000100011
11111110101101000100011000000011
00000000010001100001011000010011
00000011000001100111011000010011
11111110101001000100010110000011
00000000010001011101010110010011
00001111111101011111010110010011
00000000101101100110011000110011
11111110110001000010000000100011
11111110100001000100011000000011
00000000000001100001011001100011
11111110000001000010011000000011
00000010000001100000011001100011
00000000111100000000011000110011
00000000000101100000011110010011
00010000000000010000010110110111
00000000100001011000010100010011
11111110000001000010010110000011
00000000101101010000010110110011
00000000000001011100010110000011
00000000101101100000000000100011
00000000000100000000011000010011
11111110110001000000010000100011
11111110101001000100011000000011
00000000001001100001011000010011
00000011110001100111011000010011
11111110100101000100010110000011
00000000011001011101010110010011
00001111111101011111010110010011
00000000101101100110011000110011
11111110110001000010000000100011
11111110100001000100011000000011
00000000000001100001011001100011
11111110000001000010011000000011
00000010000001100000011001100011
00000000111100000000011000110011
00000000000101100000011110010011
00010000000000010000010110110111
00000000100001011000010100010011
11111110000001000010010110000011
00000000101101010000010110110011
00000000000001011100010110000011
00000000101101100000000000100011
00000000000100000000011000010011
11111110110001000000010000100011
11111110100101000100011000000011
00000011111101100111011000010011
11111110110001000010000000100011
11111110100001000100011000000011
00000000000001100001011001100011
11111110000001000010011000000011
00000010000001100000011001100011
00000000111100000000011000110011
00000000000101100000011110010011
00010000000000010000010110110111
00000000100001011000010100010011
11111110000001000010010110000011
00000000101101010000010110110011
00000000000001011100010110000011
00000000101101100000000000100011
00000000000100000000011000010011
11111110110001000000010000100011
11111110110001000010011000000011
00000100110101100111100001100011
11111110110001000010011000000011
00000000000101100000010110010011
11111110101101000010011000100011
00000000110001110000011000110011
00000000000001100100011000000011
11111110110001000000010110100011
11111110110001000010011000000011
00000000000101100000010110010011
11111110101101000010011000100011
00000000110001110000011000110011
00000000000001100100011000000011
11111110110001000000010100100011
11111110110001000010011000000011
00000000000101100000010110010011
11111110101101000010011000100011
00000000110001110000011000110011
00000000000001100100011000000011
11111110110001000000010010100011
11100111010111111111000001101111
00000000000000000000000000010011
00000000111100000000011100110011
00000000000001110000000000100011
11111110010001000010011110000011
00000000111100000000010100110011
00000001110000010010010000000011
00000010000000010000000100010011
00000000000000001000000001100111
