11111110000000010000000100010011
00000000100000010010111000100011
00000010000000010000010000010011
11111110101001000010011000100011
11111110101101000010010000100011
00000000110000000000011110110011
11111110111101000000001110100011
00000011100000000000000001101111
11111110110001000010011110000011
00000000000101111000011100010011
11111110111001000010011000100011
00000000000001111100011100000011
11111110011101000100011110000011
00000000111101110100011110110011
00001111111101111111011110010011
00000000111100000000011100110011
00010000000000010000011110110111
00000000000001111000011110010011
00000000111001111000011110110011
00000000000001111100011110000011
11111110111101000000001110100011
11111110100001000010011110000011
11111111111101111000011100010011
11111110111001000010010000100011
11111100000001111001000011100011
11111110011101000100011110000011
00000000111100000000010100110011
00000001110000010010010000000011
00000010000000010000000100010011
00000000000000001000000001100111
