11111101000000010000000100010011
00000010000100010010011000100011
00000010100000010010010000100011
00000011000000010000010000010011
11111100101001000010111000100011
11111100101101000010110000100011
00000000000000000000000000010011
00000000101000000000011110110011
11111110111101000010011000100011
11111110110001000010011100000011
11111111111100000000011110010011
00000000111101110000100001100011
11111110110001000010011110000011
00000010000001111000011001100011
00000101000000000000000001101111
00010000000000010000011110110111
00000000000001111000010110010011
00010000000000010000011110110111
00010010100001111000010100010011
00000000000000000000000000010011
00000000000000000000000000010011
00000000101000000000011110110011
00000000000001111010011110000011
00001000010000000000000001101111
11111101100001000010011110000011
11111101110001000010011100000011
00000000111001111010000000100011
11111101100001000010010110000011
11111101110001000010010100000011
00000000000000000000000000010011
00000000000000000000000000010011
00000000101000000000011110110011
00000000000001111010011110000011
00000101110000000000000001101111
11111110010001000000011110010011
00000000000000000000011000010011
00000000111100000000010110110011
11111110110001000010010100000011
00000000000000000000000000010011
00000000101000000000011100110011
11111110110001000010011110000011
00000010111001111000010001100011
00010000000000010000011110110111
00000001000001111000010110010011
00010000000000010000011110110111
00010010100001111000010100010011
00000000000000000000000000010011
00000000000000000000000000010011
00000000101000000000011110110011
00000000000001111010011110000011
00000001100000000000000001101111
11111110010001000010011110000011
01000000100001111101011110010011
00001111111101111111011110010011
11111110111101000010010000100011
11111110100001000010011110000011
00000000111100000000010100110011
00000010110000010010000010000011
00000010100000010010010000000011
00000011000000010000000100010011
00000000000000001000000001100111
11111110000000010000000100010011
00000000000100010010111000100011
00000000100000010010110000100011
00000010000000010000010000010011
00010000000000010000011110110111
00000010010001111000010100010011
00000000000000000000000000010011
11111110101001000010011000100011
11111110110001000010011110000011
00000000000001111001100001100011
00010000000000010000011110110111
00000011000001111000011110010011
11111110111101000010011000100011
11111110110001000010011110000011
00000000111100000000010100110011
00000001110000010010000010000011
00000001100000010010010000000011
00000010000000010000000100010011
00000000000000001000000001100111
11111110000000010000000100010011
00000000000100010010111000100011
00000000100000010010110000100011
00000010000000010000010000010011
00010000000000010000011110110111
00000011100001111000010100010011
00000000000000000000000000010011
11111110101001000010011000100011
11111110110001000010011110000011
00000000000001111001100001100011
00010000000000010000011110110111
00000100010001111000011110010011
11111110111101000010011000100011
11111110110001000010011110000011
00000000111100000000010100110011
00000001110000010010000010000011
00000001100000010010010000000011
00000010000000010000000100010011
00000000000000001000000001100111
11111110000000010000000100010011
00000000000100010010111000100011
00000000100000010010110000100011
00000010000000010000010000010011
00010000000000010000011110110111
00000100110001111000010100010011
00000000000000000000000000010011
11111110101001000010011000100011
11111110110001000010011110000011
00000000000001111001100001100011
00010000000000010000011110110111
00000110000001111000011110010011
11111110111101000010011000100011
11111110110001000010011110000011
00000000111100000000010100110011
00000001110000010010000010000011
00000001100000010010010000000011
00000010000000010000000100010011
00000000000000001000000001100111
11111110000000010000000100010011
00000000000100010010111000100011
00000000100000010010110000100011
00000010000000010000010000010011
11111110101001000010011000100011
00000000000000000000000000010011
00000000101000000000011110110011
11111110110001000010010110000011
00000000111100000000010100110011
00000000000000000000000000010011
00000000101000000000011110110011
00000000111100000000010100110011
00000001110000010010000010000011
00000001100000010010010000000011
00000010000000010000000100010011
00000000000000001000000001100111
11111110000000010000000100010011
00000000000100010010111000100011
00000000100000010010110000100011
00000010000000010000010000010011
11111110101001000010011000100011
00000000000000000000000000010011
00000000101000000000011110110011
11111110110001000010010110000011
00000000111100000000010100110011
00000000000000000000000000010011
00000000101000000000011110110011
00000000111100000000010100110011
00000001110000010010000010000011
00000001100000010010010000000011
00000010000000010000000100010011
00000000000000001000000001100111
11111010000000010000000100010011
00000010000100010010111000100011
00000010100000010010110000100011
00000100000000010000010000010011
11111100101001000010011000100011
00000000101101000010001000100011
00000000110001000010010000100011
00000000110101000010011000100011
00000000111001000010100000100011
00000000111101000010101000100011
00000001000001000010110000100011
00000001000101000010111000100011
00010000000000000000010110010011
00000000010000000000010100010011
00000000000000000000000000010011
11111110101001000010010000100011
01000000000000000000011000010011
00000000000000000000010110010011
11111110100001000010010100000011
00000000000000000000000000010011
00000010000001000000011110010011
11111100111101000010010000100011
11111100100001000010011110000011
11111110010001111000011110010011
11111100111101000010111000100011
00000000000100000000011110010011
11111110111101000010011000100011
11111110110001000010011100000011
00001111111100000000011110010011
00000010111001111101010001100011
00010000000000000000011010010011
11111110110001000010011000000011
00010000000000010000011110110111
00000111000001111000010110010011
00010000000000010000011110110111
00010011100001111000010100010011
00000000000000000000000000010011
00000000110000000000011110010011
00000110100000000000000001101111
11111101110001000010011110000011
00000000010001111000011100010011
11111100111001000010111000100011
00000000000001111010011110000011
11111110111101000010001000100011
11111110110001000010011110000011
00000000001001111001011110010011
11111110100001000010011100000011
00000000111101110000011110110011
11111110010001000010011100000011
00000000111001111010000000100011
11111110110001000010011110000011
00000000000101111000011100010011
11111110111001000010011000100011
00000000001001111001011110010011
11111110100001000010011100000011
00000000111101110000011110110011
00000000000001111010011110000011
11111000000001111001010011100011
11111110100001000010010100000011
00000000000000000000000000010011
11111110101001000010000000100011
11111110100001000010010100000011
00000000000000000000000000010011
11111110000001000010011110000011
00000000111100000000010100110011
00000011110000010010000010000011
00000011100000010010010000000011
00000110000000010000000100010011
00000000000000001000000001100111
11111010000000010000000100010011
00000010000100010010111000100011
00000010100000010010110000100011
00000100000000010000010000010011
11111100101001000010011000100011
00000000101101000010001000100011
00000000110001000010010000100011
00000000110101000010011000100011
00000000111001000010100000100011
00000000111101000010101000100011
00000001000001000010110000100011
00000001000101000010111000100011
00010000000000000000010110010011
00000000010000000000010100010011
00000000000000000000000000010011
11111110101001000010010000100011
01000000000000000000011000010011
00000000000000000000010110010011
11111110100001000010010100000011
00000000000000000000000000010011
00000010000001000000011110010011
11111100111101000010010000100011
11111100100001000010011110000011
11111110010001111000011110010011
11111100111101000010111000100011
00000000000100000000011110010011
11111110111101000010011000100011
11111110110001000010011100000011
00001111111100000000011110010011
00000010111001111101010001100011
00010000000000000000011010010011
11111110110001000010011000000011
00010000000000010000011110110111
00000111000001111000010110010011
00010000000000010000011110110111
00010100010001111000010100010011
00000000000000000000000000010011
00000000110000000000011110010011
00000110100000000000000001101111
11111101110001000010011110000011
00000000010001111000011100010011
11111100111001000010111000100011
00000000000001111010011110000011
11111110111101000010001000100011
11111110110001000010011110000011
00000000001001111001011110010011
11111110100001000010011100000011
00000000111101110000011110110011
11111110010001000010011100000011
00000000111001111010000000100011
11111110110001000010011110000011
00000000000101111000011100010011
11111110111001000010011000100011
00000000001001111001011110010011
11111110100001000010011100000011
00000000111101110000011110110011
00000000000001111010011110000011
11111000000001111001010011100011
11111110100001000010010100000011
00000000000000000000000000010011
11111110101001000010000000100011
11111110100001000010010100000011
00000000000000000000000000010011
11111110000001000010011110000011
00000000111100000000010100110011
00000011110000010010000010000011
00000011100000010010010000000011
00000110000000010000000100010011
00000000000000001000000001100111
11111101000000010000000100010011
00000010000100010010011000100011
00000010100000010010010000100011
00000011000000010000010000010011
11111100101001000010111000100011
11111101110001000010011110000011
11111110111101000010011000100011
11111110110001000010011110000011
00000000000001111010011110000011
00000100000001111000010001100011
11111110110001000010011110000011
00000000010001111000011100010011
11111110111001000010011000100011
00000000000001111010011110000011
00000000111100000000010110110011
00010000000000010000011110110111
00001001000001111000010100010011
00000000000000000000000000010011
00000010010000000000000001101111
11111110110001000010011110000011
00000000010001111000011100010011
11111110111001000010011000100011
00000000000001111010011110000011
00000000111100000000010110110011
00010000000000010000011110110111
00001001010001111000010100010011
00000000000000000000000000010011
11111110110001000010011110000011
00000000000001111010011110000011
11111100000001111001110011100011
00010000000000010000011110110111
00001001110001111000010100010011
00000000000000000000000000010011
00000000000000000000011110010011
00000000111100000000010100110011
00000010110000010010000010000011
00000010100000010010010000000011
00000011000000010000000100010011
00000000000000001000000001100111
11111110000000010000000100010011
00000000000100010010111000100011
00000000100000010010110000100011
00000010000000010000010000010011
11111110101001000010011000100011
11111110101101000010010000100011
11111110110001000010001000100011
11111110100001000010011110000011
00000000000001111010011100000011
00001111111100000000011110010011
00000010111001111101010001100011
00000000000000000000000000010011
00000000101000000000011100110011
00000000011100000000011110010011
00000000111101110010000000100011
00010000000000010000011110110111
00001010000001111000010110010011
00010000000000010000011110110111
00010101100001111000010100010011
00000000000000000000000000010011
11111110100001000010011110000011
00000000000001111010011110000011
00000000000101111000011010010011
11111110100001000010011100000011
00000000110101110010000000100011
00000000001001111001011110010011
11111110110001000010011100000011
00000000111101110000011110110011
11111110010001000010011100000011
00000000111001111010000000100011
00000000000000000000000000010011
00000001110000010010000010000011
00000001100000010010010000000011
00000010000000010000000100010011
00000000000000001000000001100111
10111101000000010000000100010011
01000010000100010010011000100011
01000010100000010010010000100011
01000011000000010000010000010011
10111100101001000010111000100011
11111110000001000010010000100011
10111101110001000010011100000011
00000000000000000001011110110111
00000000000001111000011110010011
00000000111101110000011110110011
11100010000001111010011110000011
00000010000001111001010001100011
00000000000000000000000000010011
00000000101000000000011100110011
00000001011000000000011110010011
00000000111101110010000000100011
00010000000000010000011110110111
00001011010001111000010110010011
00010000000000010000011110110111
00010101000001111000010100010011
00000000000000000000000000010011
10111101110001000010011100000011
00000000000000000001011110110111
00000000000001111000011110010011
00000000111101110000011110110011
11100010010001111010011110000011
00000010000001111001010001100011
00000000000000000000000000010011
00000000101000000000011100110011
00000001011000000000011110010011
00000000111101110010000000100011
00010000000000010000011110110111
00001100110001111000010110010011
00010000000000010000011110110111
00010101000001111000010100010011
00000000000000000000000000010011
00000000000000000000000000010011
00000000101000000000011010110011
11111110100001000000011100010011
10111110100001000000011110010011
00000000110100000000011000110011
00000000111000000000010110110011
00000000111100000000010100110011
00000000000000000000000000010011
11111110100001000000011010010011
10111110100001000000011100010011
00010000000000010000011110110111
00001110100001111000011000010011
00000000110100000000010110110011
00000000111000000000010100110011
00000000000000000000000000010011
11111110100001000000011010010011
10111110100001000000011100010011
00010000000000010000011110110111
00001111010001111000011000010011
00000000110100000000010110110011
00000000111000000000010100110011
00000000000000000000000000010011
11111110100001000000011010010011
10111110100001000000011100010011
00010000000000010000011110110111
00010000010001111000011000010011
00000000110100000000010110110011
00000000111000000000010100110011
00000000000000000000000000010011
00000000000000000000000000010011
00000000101000000000011010110011
11111110100001000000011100010011
10111110100001000000011110010011
00000000110100000000011000110011
00000000111000000000010110110011
00000000111100000000010100110011
00000000000000000000000000010011
11111110100001000000011010010011
10111110100001000000011100010011
00010000000000010000011110110111
00010000100001111000011000010011
00000000110100000000010110110011
00000000111000000000010100110011
00000000000000000000000000010011
10111101110001000010011100000011
00000000000000000001011110110111
00000000000001111000011110010011
00000000111101110000011110110011
11100010000001111010011010000011
11111110100001000000011100010011
10111110100001000000011110010011
00000000110100000000011000110011
00000000111000000000010110110011
00000000111100000000010100110011
00000000000000000000000000010011
11111110100001000000011010010011
10111110100001000000011100010011
00010000000000010000011110110111
00010000110001111000011000010011
00000000110100000000010110110011
00000000111000000000010100110011
00000000000000000000000000010011
10111101110001000010011100000011
00000000000000000001011110110111
00000000000001111000011110010011
00000000111101110000011110110011
11100010010001111010011010000011
11111110100001000000011100010011
10111110100001000000011110010011
00000000110100000000011000110011
00000000111000000000010110110011
00000000111100000000010100110011
00000000000000000000000000010011
11111110100001000000011010010011
10111110100001000000011100010011
00010000000000010000011110110111
00010001000001111000011000010011
00000000110100000000010110110011
00000000111000000000010100110011
00000000000000000000000000010011
00000000000000000000000000010011
00000000101000000000011010110011
11111110100001000000011100010011
10111110100001000000011110010011
00000000110100000000011000110011
00000000111000000000010110110011
00000000111100000000010100110011
00000000000000000000000000010011
10111101110001000010011100000011
00000000000000000001011110110111
00000000000001111000011110010011
10100001010001111000011110010011
00000000111101110000011110110011
11111110111101000010011000100011
00000010110000000000000001101111
11111110110001000010011110000011
00000000010001111000011100010011
11111110111001000010011000100011
00000000000001111010011010000011
11111110100001000000011100010011
10111110100001000000011110010011
00000000110100000000011000110011
00000000111000000000010110110011
00000000111100000000010100110011
00000000000000000000000000010011
11111110110001000010011110000011
00000000000001111010011110000011
11111100000001111001100011100011
11111110100001000000011010010011
10111110100001000000011100010011
00010000000000010000011110110111
00010001010001111000011000010011
00000000110100000000010110110011
00000000111000000000010100110011
00000000000000000000000000010011
11111110100001000000011010010011
10111110100001000000011100010011
00010000000000010000011110110111
00010001100001111000011000010011
00000000110100000000010110110011
00000000111000000000010100110011
00000000000000000000000000010011
10111101110001000010011110000011
01100001000001111000011110010011
11111110111101000010011000100011
00000010110000000000000001101111
11111110110001000010011110000011
00000000010001111000011100010011
11111110111001000010011000100011
00000000000001111010011010000011
11111110100001000000011100010011
10111110100001000000011110010011
00000000110100000000011000110011
00000000111000000000010110110011
00000000111100000000010100110011
00000000000000000000000000010011
11111110110001000010011110000011
00000000000001111010011110000011
11111100000001111001100011100011
10111101110001000010011110000011
00000000000001111010011110000011
00000000000001111000110001100011
10111110100001000000011110010011
00000000111100000000010100110011
00000000000000000000000000010011
00000000101000000000011110110011
00000001010000000000000001101111
10111110100001000000011110010011
00000000111100000000010100110011
00000000000000000000000000010011
00000000101000000000011110110011
00000000111100000000010100110011
01000010110000010010000010000011
01000010100000010010010000000011
01000011000000010000000100010011
00000000000000001000000001100111
