11111110000000010000000100010011
00000000100000010010111000100011
00000010000000010000010000010011
11111110101001000010011000100011
11111110110001000010011110000011
00000000000001111010001000100011
11111110110001000010011110000011
00000000010001111010011100000011
11111110110001000010011110000011
00000000111001111010000000100011
11111110110001000010011110000011
01100111010001010010011100110111
00000000000001110000011100010011
00110000000101110000011100010011
00000000111001111010010000100011
11111110110001000010011110000011
11101111110011011011011100110111
00000000000001110000011100010011
10111000100101110000011100010011
00000000111001111010011000100011
11111110110001000010011110000011
10011000101110101110011100110111
00000000000001110000011100010011
11001111111001110000011100010011
00000000111001111010100000100011
11111110110001000010011110000011
00010000001100100101011100110111
00000000000001110000011100010011
01000111011001110000011100010011
00000000111001111010101000100011
00000000000000000000000000010011
00000001110000010010010000000011
00000010000000010000000100010011
00000000000000001000000001100111
11111001000000010000000100010011
00000110000100010010011000100011
00000110100000010010010000100011
00000111000000010000010000010011
11111000101001000010111000100011
11111000101101000010110000100011
11111000110001000010101000100011
11111001110001000010011110000011
00000000000001111010011110000011
00000000001101111101011110010011
00000011111101111111011110010011
11111110111101000010011000100011
11111001110001000010011110000011
00000000000001111010011100000011
11111001010001000010011110000011
00000000001101111001011110010011
00000000111101110000011100110011
11111001110001000010011110000011
00000000000001111010011110000011
00000000111101110111110001100011
11111001110001000010011110000011
00000000010001111010011110000011
00000000000101111000011100010011
11111001110001000010011110000011
00000000111001111010001000100011
11111001110001000010011110000011
00000000000001111010011100000011
11111001010001000010011110000011
00000000001101111001011110010011
00000000111101110000011100110011
11111001110001000010011110000011
00000000111001111010000000100011
11111001110001000010011110000011
00000000010001111010011100000011
11111001010001000010011110000011
00000001110101111101011110010011
00000000111101110000011100110011
11111001110001000010011110000011
00000000111001111010001000100011
00001111110000000000000001101111
11111001100001000010011100000011
00000000000101110000011110010011
11111000111101000010110000100011
11111110110001000010011110000011
00000000000101111000011010010011
11111110110101000010011000100011
00000000000001110100011100000011
11111001110001000010011010000011
00000000111101101000011110110011
00000000111001111000110000100011
11111110110001000010011100000011
00000100000000000000011110010011
00001100111101110001010001100011
11111110000001000010010000100011
11111110000001000010001000100011
00001001010000000000000001101111
11111110010001000010011110000011
00000000001101111000011110010011
11111001110001000010011100000011
00000000111101110000011110110011
00000001100001111100011110000011
00000001100001111001011100010011
11111110010001000010011110000011
00000000001001111000011110010011
11111001110001000010011010000011
00000000111101101000011110110011
00000001100001111100011110000011
00000001000001111001011110010011
00000000111101110110011100110011
11111110010001000010011110000011
00000000000101111000011110010011
11111001110001000010011010000011
00000000111101101000011110110011
00000001100001111100011110000011
00000000100001111001011110010011
00000000111101110110011110110011
11111001110001000010011010000011
11111110010001000010011100000011
00000000111001101000011100110011
00000001100001110100011100000011
00000000111001111110011100110011
11111110100001000010011110000011
00000000001001111001011110010011
11111111000001000000011010010011
00000000111101101000011110110011
11111010111001111010101000100011
11111110100001000010011110000011
00000000000101111000011110010011
11111110111101000010010000100011
11111110010001000010011110000011
00000000010001111000011110010011
11111110111101000010001000100011
11111110100001000010011100000011
00000000111100000000011110010011
11110110111001111111010011100011
11111001110001000010011110000011
00000000100001111000011110010011
11111010010001000000011100010011
00000000111000000000010110110011
00000000111100000000010100110011
00000000000000000000000000010011
11111110000001000010011000100011
11111001010001000010011110000011
11111111111101111000011100010011
11111000111001000010101000100011
11101110000001111001111011100011
00000000000000000000000000010011
00000000000000000000000000010011
00000110110000010010000010000011
00000110100000010010010000000011
00000111000000010000000100010011
00000000000000001000000001100111
11111001000000010000000100010011
00000110000100010010011000100011
00000110100000010010010000100011
00000111000000010000010000010011
11111000101001000010111000100011
11111000101101000010110000100011
11111001100001000010011110000011
00000000000001111010011110000011
11111100111101000010110000100011
11111001100001000010011110000011
00000000010001111010011110000011
11111100111101000010111000100011
11111001100001000010011110000011
00000000000001111010011110000011
00000000001101111101011110010011
00000011111101111111011110010011
11111110111101000010001000100011
11111110010001000010011100000011
00000011011100000000011110010011
00000000111001111100101001100011
00000011100000000000011100010011
11111110010001000010011110000011
01000000111101110000011110110011
00000001000000000000000001101111
00000111100000000000011100010011
11111110010001000010011110000011
01000000111101110000011110110011
11111110111101000010000000100011
11111110000001000010011000000011
00010000000000010000011110110111
00000000000001111000010110010011
11111001100001000010010100000011
00000000000000000000000000010011
11111110000001000010011000100011
11111110000001000010010000100011
00001001010000000000000001101111
11111110100001000010011110000011
00000000001101111000011110010011
11111001100001000010011100000011
00000000111101110000011110110011
00000001100001111100011110000011
00000001100001111001011100010011
11111110100001000010011110000011
00000000001001111000011110010011
11111001100001000010011010000011
00000000111101101000011110110011
00000001100001111100011110000011
00000001000001111001011110010011
00000000111101110110011100110011
11111110100001000010011110000011
00000000000101111000011110010011
11111001100001000010011010000011
00000000111101101000011110110011
00000001100001111100011110000011
00000000100001111001011110010011
00000000111101110110011110110011
11111001100001000010011010000011
11111110100001000010011100000011
00000000111001101000011100110011
00000001100001110100011100000011
00000000111001111110011100110011
11111110110001000010011110000011
00000000001001111001011110010011
11111111000001000000011010010011
00000000111101101000011110110011
11111010111001111010100000100011
11111110110001000010011110000011
00000000000101111000011110010011
11111110111101000010011000100011
11111110100001000010011110000011
00000000010001111000011110010011
11111110111101000010010000100011
11111110110001000010011100000011
00000000110100000000011110010011
11110110111001111111010011100011
11111001100001000010011110000011
00000000100001111000011110010011
11111010000001000000011100010011
00000000111000000000010110110011
00000000111100000000010100110011
00000000000000000000000000010011
11111110000001000010011000100011
11111110000001000010010000100011
00001101010000000000000001101111
11111001100001000010011100000011
11111110110001000010011110000011
00000000001001111001011110010011
00000000111101110000011110110011
00000000100001111010011110000011
00001111111101111111011100010011
11111001100001000010011010000011
11111110100001000010011110000011
00000000111101101000011110110011
00000100111001111000110000100011
11111001100001000010011100000011
11111110110001000010011110000011
00000000001001111001011110010011
00000000111101110000011110110011
00000000100001111010011110000011
00000000100001111101011100010011
11111110100001000010011110000011
00000000000101111000011110010011
00001111111101110111011100010011
11111001100001000010011010000011
00000000111101101000011110110011
00000100111001111000110000100011
11111001100001000010011100000011
11111110110001000010011110000011
00000000001001111001011110010011
00000000111101110000011110110011
00000000100001111010011110000011
00000001000001111101011100010011
11111110100001000010011110000011
00000000001001111000011110010011
00001111111101110111011100010011
11111001100001000010011010000011
00000000111101101000011110110011
00000100111001111000110000100011
11111001100001000010011100000011
11111110110001000010011110000011
00000000001001111001011110010011
00000000111101110000011110110011
00000000100001111010011110000011
00000001100001111101011100010011
11111110100001000010011110000011
00000000001101111000011110010011
00001111111101110111011100010011
11111001100001000010011010000011
00000000111101101000011110110011
00000100111001111000110000100011
11111110110001000010011110000011
00000000000101111000011110010011
11111110111101000010011000100011
11111110100001000010011110000011
00000000010001111000011110010011
11111110111101000010010000100011
11111110110001000010011100000011
00000000001100000000011110010011
11110010111001111111010011100011
11111001100001000010011110000011
00000101100001111000011110010011
00000001000000000000011000010011
00000000111100000000010110110011
11111001110001000010010100000011
00000000000000000000000000010011
00000000000000000000000000010011
00000110110000010010000010000011
00000110100000010010010000000011
00000111000000010000000100010011
00000000000000001000000001100111
11111101000000010000000100010011
00000010100000010010011000100011
00000011000000010000010000010011
11111100101001000010111000100011
11111100101101000010110000100011
11111101110001000010011110000011
00000000000001111010011110000011
11111110111101000010011000100011
11111101110001000010011110000011
00000000010001111010011110000011
11111110111101000010010000100011
11111101110001000010011110000011
00000000100001111010011110000011
11111110111101000010001000100011
11111101110001000010011110000011
00000000110001111010011110000011
11111110111101000010000000100011
11111110100001000010011100000011
11111110010001000010011110000011
00000000111101110111011100110011
11111110100001000010011110000011
11111111111101111100011010010011
11111110000001000010011110000011
00000000111101101111011110110011
00000000111101110110011100110011
11111101100001000010011110000011
00000000000001111010011110000011
00000000111101110000011100110011
11111110110001000010011110000011
00000000111101110000011100110011
11010111011010101010011110110111
00000000000001111000011110010011
01000111100001111000011110010011
00000000111101110000011110110011
11111110111101000010011000100011
11111110110001000010011110000011
00000000011101111001011100010011
00000001100101111101011110010011
00000000111101110110011110110011
11111110111101000010011000100011
11111110110001000010011100000011
11111110100001000010011110000011
00000000111101110000011110110011
11111110111101000010011000100011
11111110110001000010011100000011
11111110100001000010011110000011
00000000111101110111011100110011
11111110110001000010011110000011
11111111111101111100011010010011
11111110010001000010011110000011
00000000111101101111011110110011
00000000111101110110011100110011
11111101100001000010011110000011
00000000010001111000011110010011
00000000000001111010011110000011
00000000111101110000011100110011
11111110000001000010011110000011
00000000111101110000011100110011
11101000110001111011011110110111
00000000000001111000011110010011
01110101011001111000011110010011
00000000111101110000011110110011
11111110111101000010000000100011
11111110000001000010011110000011
00000000110001111001011100010011
00000001010001111101011110010011
00000000111101110110011110110011
11111110111101000010000000100011
11111110000001000010011100000011
11111110110001000010011110000011
00000000111101110000011110110011
11111110111101000010000000100011
11111110000001000010011100000011
11111110110001000010011110000011
00000000111101110111011100110011
11111110000001000010011110000011
11111111111101111100011010010011
11111110100001000010011110000011
00000000111101101111011110110011
00000000111101110110011100110011
11111101100001000010011110000011
00000000100001111000011110010011
00000000000001111010011110000011
00000000111101110000011100110011
11111110010001000010011110000011
00000000111101110000011100110011
00100100001000000111011110110111
00000000000001111000011110010011
00001101101101111000011110010011
00000000111101110000011110110011
11111110111101000010001000100011
11111110010001000010011110000011
00000000111101111101011100010011
00000001000101111001011110010011
00000000111101110110011110110011
11111110111101000010001000100011
11111110010001000010011100000011
11111110000001000010011110000011
00000000111101110000011110110011
11111110111101000010001000100011
11111110010001000010011100000011
11111110000001000010011110000011
00000000111101110111011100110011
11111110010001000010011110000011
11111111111101111100011010010011
11111110110001000010011110000011
00000000111101101111011110110011
00000000111101110110011100110011
11111101100001000010011110000011
00000000110001111000011110010011
00000000000001111010011110000011
00000000111101110000011100110011
11111110100001000010011110000011
00000000111101110000011100110011
11000001101111011101011110110111
00000000000001111000011110010011
11101110111001111000011110010011
00000000111101110000011110110011
11111110111101000010010000100011
11111110100001000010011110000011
00000000101001111101011100010011
00000001011001111001011110010011
00000000111101110110011110110011
11111110111101000010010000100011
11111110100001000010011100000011
11111110010001000010011110000011
00000000111101110000011110110011
11111110111101000010010000100011
11111110100001000010011100000011
11111110010001000010011110000011
00000000111101110111011100110011
11111110100001000010011110000011
11111111111101111100011010010011
11111110000001000010011110000011
00000000111101101111011110110011
00000000111101110110011100110011
11111101100001000010011110000011
00000001000001111000011110010011
00000000000001111010011110000011
00000000111101110000011100110011
11111110110001000010011110000011
00000000111101110000011100110011
11110101011111000001011110110111
00000000000001111000011110010011
11111010111101111000011110010011
00000000111101110000011110110011
11111110111101000010011000100011
11111110110001000010011110000011
00000000011101111001011100010011
00000001100101111101011110010011
00000000111101110110011110110011
11111110111101000010011000100011
11111110110001000010011100000011
11111110100001000010011110000011
00000000111101110000011110110011
11111110111101000010011000100011
11111110110001000010011100000011
11111110100001000010011110000011
00000000111101110111011100110011
11111110110001000010011110000011
11111111111101111100011010010011
11111110010001000010011110000011
00000000111101101111011110110011
00000000111101110110011100110011
11111101100001000010011110000011
00000001010001111000011110010011
00000000000001111010011110000011
00000000111101110000011100110011
11111110000001000010011110000011
00000000111101110000011100110011
01000111100001111100011110110111
00000000000001111000011110010011
01100010101001111000011110010011
00000000111101110000011110110011
11111110111101000010000000100011
11111110000001000010011110000011
00000000110001111001011100010011
00000001010001111101011110010011
00000000111101110110011110110011
11111110111101000010000000100011
11111110000001000010011100000011
11111110110001000010011110000011
00000000111101110000011110110011
11111110111101000010000000100011
11111110000001000010011100000011
11111110110001000010011110000011
00000000111101110111011100110011
11111110000001000010011110000011
11111111111101111100011010010011
11111110100001000010011110000011
00000000111101101111011110110011
00000000111101110110011100110011
11111101100001000010011110000011
00000001100001111000011110010011
00000000000001111010011110000011
00000000111101110000011100110011
11111110010001000010011110000011
00000000111101110000011100110011
10101000001100000100011110110111
00000000000001111000011110010011
01100001001101111000011110010011
00000000111101110000011110110011
11111110111101000010001000100011
11111110010001000010011110000011
00000000111101111101011100010011
00000001000101111001011110010011
00000000111101110110011110110011
11111110111101000010001000100011
11111110010001000010011100000011
11111110000001000010011110000011
00000000111101110000011110110011
11111110111101000010001000100011
11111110010001000010011100000011
11111110000001000010011110000011
00000000111101110111011100110011
11111110010001000010011110000011
11111111111101111100011010010011
11111110110001000010011110000011
00000000111101101111011110110011
00000000111101110110011100110011
11111101100001000010011110000011
00000001110001111000011110010011
00000000000001111010011110000011
00000000111101110000011100110011
11111110100001000010011110000011
00000000111101110000011100110011
11111101010001101001011110110111
00000000000001111000011110010011
01010000000101111000011110010011
00000000111101110000011110110011
11111110111101000010010000100011
11111110100001000010011110000011
00000000101001111101011100010011
00000001011001111001011110010011
00000000111101110110011110110011
11111110111101000010010000100011
11111110100001000010011100000011
11111110010001000010011110000011
00000000111101110000011110110011
11111110111101000010010000100011
11111110100001000010011100000011
11111110010001000010011110000011
00000000111101110111011100110011
11111110100001000010011110000011
11111111111101111100011010010011
11111110000001000010011110000011
00000000111101101111011110110011
00000000111101110110011100110011
11111101100001000010011110000011
00000010000001111000011110010011
00000000000001111010011110000011
00000000111101110000011100110011
11111110110001000010011110000011
00000000111101110000011100110011
01101001100000001010011110110111
00000000000001111000011110010011
10001101100001111000011110010011
00000000111101110000011110110011
11111110111101000010011000100011
11111110110001000010011110000011
00000000011101111001011100010011
00000001100101111101011110010011
00000000111101110110011110110011
11111110111101000010011000100011
11111110110001000010011100000011
11111110100001000010011110000011
00000000111101110000011110110011
11111110111101000010011000100011
11111110110001000010011100000011
11111110100001000010011110000011
00000000111101110111011100110011
11111110110001000010011110000011
11111111111101111100011010010011
11111110010001000010011110000011
00000000111101101111011110110011
00000000111101110110011100110011
11111101100001000010011110000011
00000010010001111000011110010011
00000000000001111010011110000011
00000000111101110000011100110011
11111110000001000010011110000011
00000000111101110000011100110011
10001011010001001111011110110111
00000000000001111000011110010011
01111010111101111000011110010011
00000000111101110000011110110011
11111110111101000010000000100011
11111110000001000010011110000011
00000000110001111001011100010011
00000001010001111101011110010011
00000000111101110110011110110011
11111110111101000010000000100011
11111110000001000010011100000011
11111110110001000010011110000011
00000000111101110000011110110011
11111110111101000010000000100011
11111110000001000010011100000011
11111110110001000010011110000011
00000000111101110111011100110011
11111110000001000010011110000011
11111111111101111100011010010011
11111110100001000010011110000011
00000000111101101111011110110011
00000000111101110110011100110011
11111101100001000010011110000011
00000010100001111000011110010011
00000000000001111010011110000011
00000000111101110000011100110011
11111110010001000010011110000011
00000000111101110000011100110011
11111111111111110110011110110111
00000000000001111000011110010011
10111011000101111000011110010011
00000000111101110000011110110011
11111110111101000010001000100011
11111110010001000010011110000011
00000000111101111101011100010011
00000001000101111001011110010011
00000000111101110110011110110011
11111110111101000010001000100011
11111110010001000010011100000011
11111110000001000010011110000011
00000000111101110000011110110011
11111110111101000010001000100011
11111110010001000010011100000011
11111110000001000010011110000011
00000000111101110111011100110011
11111110010001000010011110000011
11111111111101111100011010010011
11111110110001000010011110000011
00000000111101101111011110110011
00000000111101110110011100110011
11111101100001000010011110000011
00000010110001111000011110010011
00000000000001111010011110000011
00000000111101110000011100110011
11111110100001000010011110000011
00000000111101110000011100110011
10001001010111001101011110110111
00000000000001111000011110010011
01111011111001111000011110010011
00000000111101110000011110110011
11111110111101000010010000100011
11111110100001000010011110000011
00000000101001111101011100010011
00000001011001111001011110010011
00000000111101110110011110110011
11111110111101000010010000100011
11111110100001000010011100000011
11111110010001000010011110000011
00000000111101110000011110110011
11111110111101000010010000100011
11111110100001000010011100000011
11111110010001000010011110000011
00000000111101110111011100110011
11111110100001000010011110000011
11111111111101111100011010010011
11111110000001000010011110000011
00000000111101101111011110110011
00000000111101110110011100110011
11111101100001000010011110000011
00000011000001111000011110010011
00000000000001111010011110000011
00000000111101110000011100110011
11111110110001000010011110000011
00000000111101110000011100110011
01101011100100000001011110110111
00000000000001111000011110010011
00010010001001111000011110010011
00000000111101110000011110110011
11111110111101000010011000100011
11111110110001000010011110000011
00000000011101111001011100010011
00000001100101111101011110010011
00000000111101110110011110110011
11111110111101000010011000100011
11111110110001000010011100000011
11111110100001000010011110000011
00000000111101110000011110110011
11111110111101000010011000100011
11111110110001000010011100000011
11111110100001000010011110000011
00000000111101110111011100110011
11111110110001000010011110000011
11111111111101111100011010010011
11111110010001000010011110000011
00000000111101101111011110110011
00000000111101110110011100110011
11111101100001000010011110000011
00000011010001111000011110010011
00000000000001111010011110000011
00000000111101110000011100110011
11111110000001000010011110000011
00000000111101110000011100110011
11111101100110000111011110110111
00000000000001111000011110010011
00011001001101111000011110010011
00000000111101110000011110110011
11111110111101000010000000100011
11111110000001000010011110000011
00000000110001111001011100010011
00000001010001111101011110010011
00000000111101110110011110110011
11111110111101000010000000100011
11111110000001000010011100000011
11111110110001000010011110000011
00000000111101110000011110110011
11111110111101000010000000100011
11111110000001000010011100000011
11111110110001000010011110000011
00000000111101110111011100110011
11111110000001000010011110000011
11111111111101111100011010010011
11111110100001000010011110000011
00000000111101101111011110110011
00000000111101110110011100110011
11111101100001000010011110000011
00000011100001111000011110010011
00000000000001111010011110000011
00000000111101110000011100110011
11111110010001000010011110000011
00000000111101110000011100110011
10100110011110010100011110110111
00000000000001111000011110010011
00111000111001111000011110010011
00000000111101110000011110110011
11111110111101000010001000100011
11111110010001000010011110000011
00000000111101111101011100010011
00000001000101111001011110010011
00000000111101110110011110110011
11111110111101000010001000100011
11111110010001000010011100000011
11111110000001000010011110000011
00000000111101110000011110110011
11111110111101000010001000100011
11111110010001000010011100000011
11111110000001000010011110000011
00000000111101110111011100110011
11111110010001000010011110000011
11111111111101111100011010010011
11111110110001000010011110000011
00000000111101101111011110110011
00000000111101110110011100110011
11111101100001000010011110000011
00000011110001111000011110010011
00000000000001111010011110000011
00000000111101110000011100110011
11111110100001000010011110000011
00000000111101110000011100110011
01001001101101000001011110110111
00000000000001111000011110010011
10000010000101111000011110010011
00000000111101110000011110110011
11111110111101000010010000100011
11111110100001000010011110000011
00000000101001111101011100010011
00000001011001111001011110010011
00000000111101110110011110110011
11111110111101000010010000100011
11111110100001000010011100000011
11111110010001000010011110000011
00000000111101110000011110110011
11111110111101000010010000100011
11111110100001000010011100000011
11111110000001000010011110000011
00000000111101110111011100110011
11111110000001000010011110000011
11111111111101111100011010010011
11111110010001000010011110000011
00000000111101101111011110110011
00000000111101110110011100110011
11111101100001000010011110000011
00000000010001111000011110010011
00000000000001111010011110000011
00000000111101110000011100110011
11111110110001000010011110000011
00000000111101110000011100110011
11110110000111100010011110110111
00000000000001111000011110010011
01010110001001111000011110010011
00000000111101110000011110110011
11111110111101000010011000100011
11111110110001000010011110000011
00000000010101111001011100010011
00000001101101111101011110010011
00000000111101110110011110110011
11111110111101000010011000100011
11111110110001000010011100000011
11111110100001000010011110000011
00000000111101110000011110110011
11111110111101000010011000100011
11111110110001000010011100000011
11111110010001000010011110000011
00000000111101110111011100110011
11111110010001000010011110000011
11111111111101111100011010010011
11111110100001000010011110000011
00000000111101101111011110110011
00000000111101110110011100110011
11111101100001000010011110000011
00000001100001111000011110010011
00000000000001111010011110000011
00000000111101110000011100110011
11111110000001000010011110000011
00000000111101110000011100110011
11000000010000001011011110110111
00000000000001111000011110010011
00110100000001111000011110010011
00000000111101110000011110110011
11111110111101000010000000100011
11111110000001000010011110000011
00000000100101111001011100010011
00000001011101111101011110010011
00000000111101110110011110110011
11111110111101000010000000100011
11111110000001000010011100000011
11111110110001000010011110000011
00000000111101110000011110110011
11111110111101000010000000100011
11111110000001000010011100000011
11111110100001000010011110000011
00000000111101110111011100110011
11111110100001000010011110000011
11111111111101111100011010010011
11111110110001000010011110000011
00000000111101101111011110110011
00000000111101110110011100110011
11111101100001000010011110000011
00000010110001111000011110010011
00000000000001111010011110000011
00000000111101110000011100110011
11111110010001000010011110000011
00000000111101110000011100110011
00100110010111100110011110110111
00000000000001111000011110010011
10100101000101111000011110010011
00000000111101110000011110110011
11111110111101000010001000100011
11111110010001000010011110000011
00000000111001111001011100010011
00000001001001111101011110010011
00000000111101110110011110110011
11111110111101000010001000100011
11111110010001000010011100000011
11111110000001000010011110000011
00000000111101110000011110110011
11111110111101000010001000100011
11111110010001000010011100000011
11111110110001000010011110000011
00000000111101110111011100110011
11111110110001000010011110000011
11111111111101111100011010010011
11111110000001000010011110000011
00000000111101101111011110110011
00000000111101110110011100110011
11111101100001000010011110000011
00000000000001111010011110000011
00000000111101110000011100110011
11111110100001000010011110000011
00000000111101110000011100110011
11101001101101101100011110110111
00000000000001111000011110010011
01111010101001111000011110010011
00000000111101110000011110110011
11111110111101000010010000100011
11111110100001000010011110000011
00000000110001111101011100010011
00000001010001111001011110010011
00000000111101110110011110110011
11111110111101000010010000100011
11111110100001000010011100000011
11111110010001000010011110000011
00000000111101110000011110110011
11111110111101000010010000100011
11111110100001000010011100000011
11111110000001000010011110000011
00000000111101110111011100110011
11111110000001000010011110000011
11111111111101111100011010010011
11111110010001000010011110000011
00000000111101101111011110110011
00000000111101110110011100110011
11111101100001000010011110000011
00000001010001111000011110010011
00000000000001111010011110000011
00000000111101110000011100110011
11111110110001000010011110000011
00000000111101110000011100110011
11010110001011110001011110110111
00000000000001111000011110010011
00000101110101111000011110010011
00000000111101110000011110110011
11111110111101000010011000100011
11111110110001000010011110000011
00000000010101111001011100010011
00000001101101111101011110010011
00000000111101110110011110110011
11111110111101000010011000100011
11111110110001000010011100000011
11111110100001000010011110000011
00000000111101110000011110110011
11111110111101000010011000100011
11111110110001000010011100000011
11111110010001000010011110000011
00000000111101110111011100110011
11111110010001000010011110000011
11111111111101111100011010010011
11111110100001000010011110000011
00000000111101101111011110110011
00000000111101110110011100110011
11111101100001000010011110000011
00000010100001111000011110010011
00000000000001111010011110000011
00000000111101110000011100110011
11111110000001000010011110000011
00000000111101110000011100110011
00000010010001000001011110110111
00000000000001111000011110010011
01000101001101111000011110010011
00000000111101110000011110110011
11111110111101000010000000100011
11111110000001000010011110000011
00000000100101111001011100010011
00000001011101111101011110010011
00000000111101110110011110110011
11111110111101000010000000100011
11111110000001000010011100000011
11111110110001000010011110000011
00000000111101110000011110110011
11111110111101000010000000100011
11111110000001000010011100000011
11111110100001000010011110000011
00000000111101110111011100110011
11111110100001000010011110000011
11111111111101111100011010010011
11111110110001000010011110000011
00000000111101101111011110110011
00000000111101110110011100110011
11111101100001000010011110000011
00000011110001111000011110010011
00000000000001111010011110000011
00000000111101110000011100110011
11111110010001000010011110000011
00000000111101110000011100110011
11011000101000011110011110110111
00000000000001111000011110010011
01101000000101111000011110010011
00000000111101110000011110110011
11111110111101000010001000100011
11111110010001000010011110000011
00000000111001111001011100010011
00000001001001111101011110010011
00000000111101110110011110110011
11111110111101000010001000100011
11111110010001000010011100000011
11111110000001000010011110000011
00000000111101110000011110110011
11111110111101000010001000100011
11111110010001000010011100000011
11111110110001000010011110000011
00000000111101110111011100110011
11111110110001000010011110000011
11111111111101111100011010010011
11111110000001000010011110000011
00000000111101101111011110110011
00000000111101110110011100110011
11111101100001000010011110000011
00000001000001111000011110010011
00000000000001111010011110000011
00000000111101110000011100110011
11111110100001000010011110000011
00000000111101110000011100110011
11100111110101000000011110110111
00000000000001111000011110010011
10111100100001111000011110010011
00000000111101110000011110110011
11111110111101000010010000100011
11111110100001000010011110000011
00000000110001111101011100010011
00000001010001111001011110010011
00000000111101110110011110110011
11111110111101000010010000100011
11111110100001000010011100000011
11111110010001000010011110000011
00000000111101110000011110110011
11111110111101000010010000100011
11111110100001000010011100000011
11111110000001000010011110000011
00000000111101110111011100110011
11111110000001000010011110000011
11111111111101111100011010010011
11111110010001000010011110000011
00000000111101101111011110110011
00000000111101110110011100110011
11111101100001000010011110000011
00000010010001111000011110010011
00000000000001111010011110000011
00000000111101110000011100110011
11111110110001000010011110000011
00000000111101110000011100110011
00100001111000011101011110110111
00000000000001111000011110010011
11011110011001111000011110010011
00000000111101110000011110110011
11111110111101000010011000100011
11111110110001000010011110000011
00000000010101111001011100010011
00000001101101111101011110010011
00000000111101110110011110110011
11111110111101000010011000100011
11111110110001000010011100000011
11111110100001000010011110000011
00000000111101110000011110110011
11111110111101000010011000100011
11111110110001000010011100000011
11111110010001000010011110000011
00000000111101110111011100110011
11111110010001000010011110000011
11111111111101111100011010010011
11111110100001000010011110000011
00000000111101101111011110110011
00000000111101110110011100110011
11111101100001000010011110000011
00000011100001111000011110010011
00000000000001111010011110000011
00000000111101110000011100110011
11111110000001000010011110000011
00000000111101110000011100110011
11000011001101110000011110110111
00000000000001111000011110010011
01111101011001111000011110010011
00000000111101110000011110110011
11111110111101000010000000100011
11111110000001000010011110000011
00000000100101111001011100010011
00000001011101111101011110010011
00000000111101110110011110110011
11111110111101000010000000100011
11111110000001000010011100000011
11111110110001000010011110000011
00000000111101110000011110110011
11111110111101000010000000100011
11111110000001000010011100000011
11111110100001000010011110000011
00000000111101110111011100110011
11111110100001000010011110000011
11111111111101111100011010010011
11111110110001000010011110000011
00000000111101101111011110110011
00000000111101110110011100110011
11111101100001000010011110000011
00000000110001111000011110010011
00000000000001111010011110000011
00000000111101110000011100110011
11111110010001000010011110000011
00000000111101110000011100110011
11110100110101010001011110110111
00000000000001111000011110010011
11011000011101111000011110010011
00000000111101110000011110110011
11111110111101000010001000100011
11111110010001000010011110000011
00000000111001111001011100010011
00000001001001111101011110010011
00000000111101110110011110110011
11111110111101000010001000100011
11111110010001000010011100000011
11111110000001000010011110000011
00000000111101110000011110110011
11111110111101000010001000100011
11111110010001000010011100000011
11111110110001000010011110000011
00000000111101110111011100110011
11111110110001000010011110000011
11111111111101111100011010010011
11111110000001000010011110000011
00000000111101101111011110110011
00000000111101110110011100110011
11111101100001000010011110000011
00000010000001111000011110010011
00000000000001111010011110000011
00000000111101110000011100110011
11111110100001000010011110000011
00000000111101110000011100110011
01000101010110100001011110110111
00000000000001111000011110010011
01001110110101111000011110010011
00000000111101110000011110110011
11111110111101000010010000100011
11111110100001000010011110000011
00000000110001111101011100010011
00000001010001111001011110010011
00000000111101110110011110110011
11111110111101000010010000100011
11111110100001000010011100000011
11111110010001000010011110000011
00000000111101110000011110110011
11111110111101000010010000100011
11111110100001000010011100000011
11111110000001000010011110000011
00000000111101110111011100110011
11111110000001000010011110000011
11111111111101111100011010010011
11111110010001000010011110000011
00000000111101101111011110110011
00000000111101110110011100110011
11111101100001000010011110000011
00000011010001111000011110010011
00000000000001111010011110000011
00000000111101110000011100110011
11111110110001000010011110000011
00000000111101110000011100110011
10101001111000111111011110110111
00000000000001111000011110010011
10010000010101111000011110010011
00000000111101110000011110110011
11111110111101000010011000100011
11111110110001000010011110000011
00000000010101111001011100010011
00000001101101111101011110010011
00000000111101110110011110110011
11111110111101000010011000100011
11111110110001000010011100000011
11111110100001000010011110000011
00000000111101110000011110110011
11111110111101000010011000100011
11111110110001000010011100000011
11111110010001000010011110000011
00000000111101110111011100110011
11111110010001000010011110000011
11111111111101111100011010010011
11111110100001000010011110000011
00000000111101101111011110110011
00000000111101110110011100110011
11111101100001000010011110000011
00000000100001111000011110010011
00000000000001111010011110000011
00000000111101110000011100110011
11111110000001000010011110000011
00000000111101110000011100110011
11111100111011111010011110110111
00000000000001111000011110010011
00111111100001111000011110010011
00000000111101110000011110110011
11111110111101000010000000100011
11111110000001000010011110000011
00000000100101111001011100010011
00000001011101111101011110010011
00000000111101110110011110110011
11111110111101000010000000100011
11111110000001000010011100000011
11111110110001000010011110000011
00000000111101110000011110110011
11111110111101000010000000100011
11111110000001000010011100000011
11111110100001000010011110000011
00000000111101110111011100110011
11111110100001000010011110000011
11111111111101111100011010010011
11111110110001000010011110000011
00000000111101101111011110110011
00000000111101110110011100110011
11111101100001000010011110000011
00000001110001111000011110010011
00000000000001111010011110000011
00000000111101110000011100110011
11111110010001000010011110000011
00000000111101110000011100110011
01100111011011110000011110110111
00000000000001111000011110010011
00101101100101111000011110010011
00000000111101110000011110110011
11111110111101000010001000100011
11111110010001000010011110000011
00000000111001111001011100010011
00000001001001111101011110010011
00000000111101110110011110110011
11111110111101000010001000100011
11111110010001000010011100000011
11111110000001000010011110000011
00000000111101110000011110110011
11111110111101000010001000100011
11111110010001000010011100000011
11111110110001000010011110000011
00000000111101110111011100110011
11111110110001000010011110000011
11111111111101111100011010010011
11111110000001000010011110000011
00000000111101101111011110110011
00000000111101110110011100110011
11111101100001000010011110000011
00000011000001111000011110010011
00000000000001111010011110000011
00000000111101110000011100110011
11111110100001000010011110000011
00000000111101110000011100110011
10001101001010100101011110110111
00000000000001111000011110010011
11001000101001111000011110010011
00000000111101110000011110110011
11111110111101000010010000100011
11111110100001000010011110000011
00000000110001111101011100010011
00000001010001111001011110010011
00000000111101110110011110110011
11111110111101000010010000100011
11111110100001000010011100000011
11111110010001000010011110000011
00000000111101110000011110110011
11111110111101000010010000100011
11111110100001000010011100000011
11111110010001000010011110000011
00000000111101110100011100110011
11111110000001000010011110000011
00000000111101110100011100110011
11111101100001000010011110000011
00000001010001111000011110010011
00000000000001111010011110000011
00000000111101110000011100110011
11111110110001000010011110000011
00000000111101110000011100110011
11111111111110100100011110110111
00000000000001111000011110010011
10010100001001111000011110010011
00000000111101110000011110110011
11111110111101000010011000100011
11111110110001000010011110000011
00000000010001111001011100010011
00000001110001111101011110010011
00000000111101110110011110110011
11111110111101000010011000100011
11111110110001000010011100000011
11111110100001000010011110000011
00000000111101110000011110110011
11111110111101000010011000100011
11111110110001000010011100000011
11111110100001000010011110000011
00000000111101110100011100110011
11111110010001000010011110000011
00000000111101110100011100110011
11111101100001000010011110000011
00000010000001111000011110010011
00000000000001111010011110000011
00000000111101110000011100110011
11111110000001000010011110000011
00000000111101110000011100110011
10000111011100011111011110110111
00000000000001111000011110010011
01101000000101111000011110010011
00000000111101110000011110110011
11111110111101000010000000100011
11111110000001000010011110000011
00000000101101111001011100010011
00000001010101111101011110010011
00000000111101110110011110110011
11111110111101000010000000100011
11111110000001000010011100000011
11111110110001000010011110000011
00000000111101110000011110110011
11111110111101000010000000100011
11111110000001000010011100000011
11111110110001000010011110000011
00000000111101110100011100110011
11111110100001000010011110000011
00000000111101110100011100110011
11111101100001000010011110000011
00000010110001111000011110010011
00000000000001111010011110000011
00000000111101110000011100110011
11111110010001000010011110000011
00000000111101110000011100110011
01101101100111010110011110110111
00000000000001111000011110010011
00010010001001111000011110010011
00000000111101110000011110110011
11111110111101000010001000100011
11111110010001000010011110000011
00000001000001111001011100010011
00000001000001111101011110010011
00000000111101110110011110110011
11111110111101000010001000100011
11111110010001000010011100000011
11111110000001000010011110000011
00000000111101110000011110110011
11111110111101000010001000100011
11111110010001000010011100000011
11111110000001000010011110000011
00000000111101110100011100110011
11111110110001000010011110000011
00000000111101110100011100110011
11111101100001000010011110000011
00000011100001111000011110010011
00000000000001111010011110000011
00000000111101110000011100110011
11111110100001000010011110000011
00000000111101110000011100110011
11111101111001010100011110110111
00000000000001111000011110010011
10000000110001111000011110010011
00000000111101110000011110110011
11111110111101000010010000100011
11111110100001000010011110000011
00000000100101111101011100010011
00000001011101111001011110010011
00000000111101110110011110110011
11111110111101000010010000100011
11111110100001000010011100000011
11111110010001000010011110000011
00000000111101110000011110110011
11111110111101000010010000100011
11111110100001000010011100000011
11111110010001000010011110000011
00000000111101110100011100110011
11111110000001000010011110000011
00000000111101110100011100110011
11111101100001000010011110000011
00000000010001111000011110010011
00000000000001111010011110000011
00000000111101110000011100110011
11111110110001000010011110000011
00000000111101110000011100110011
10100100101111101111011110110111
00000000000001111000011110010011
10100100010001111000011110010011
00000000111101110000011110110011
11111110111101000010011000100011
11111110110001000010011110000011
00000000010001111001011100010011
00000001110001111101011110010011
00000000111101110110011110110011
11111110111101000010011000100011
11111110110001000010011100000011
11111110100001000010011110000011
00000000111101110000011110110011
11111110111101000010011000100011
11111110110001000010011100000011
11111110100001000010011110000011
00000000111101110100011100110011
11111110010001000010011110000011
00000000111101110100011100110011
11111101100001000010011110000011
00000001000001111000011110010011
00000000000001111010011110000011
00000000111101110000011100110011
11111110000001000010011110000011
00000000111101110000011100110011
01001011110111101101011110110111
00000000000001111000011110010011
11111010100101111000011110010011
00000000111101110000011110110011
11111110111101000010000000100011
11111110000001000010011110000011
00000000101101111001011100010011
00000001010101111101011110010011
00000000111101110110011110110011
11111110111101000010000000100011
11111110000001000010011100000011
11111110110001000010011110000011
00000000111101110000011110110011
11111110111101000010000000100011
11111110000001000010011100000011
11111110110001000010011110000011
00000000111101110100011100110011
11111110100001000010011110000011
00000000111101110100011100110011
11111101100001000010011110000011
00000001110001111000011110010011
00000000000001111010011110000011
00000000111101110000011100110011
11111110010001000010011110000011
00000000111101110000011100110011
11110110101110110101011110110111
00000000000001111000011110010011
10110110000001111000011110010011
00000000111101110000011110110011
11111110111101000010001000100011
11111110010001000010011110000011
00000001000001111001011100010011
00000001000001111101011110010011
00000000111101110110011110110011
11111110111101000010001000100011
11111110010001000010011100000011
11111110000001000010011110000011
00000000111101110000011110110011
11111110111101000010001000100011
11111110010001000010011100000011
11111110000001000010011110000011
00000000111101110100011100110011
11111110110001000010011110000011
00000000111101110100011100110011
11111101100001000010011110000011
00000010100001111000011110010011
00000000000001111010011110000011
00000000111101110000011100110011
11111110100001000010011110000011
00000000111101110000011100110011
10111110101111111100011110110111
00000000000001111000011110010011
11000111000001111000011110010011
00000000111101110000011110110011
11111110111101000010010000100011
11111110100001000010011110000011
00000000100101111101011100010011
00000001011101111001011110010011
00000000111101110110011110110011
11111110111101000010010000100011
11111110100001000010011100000011
11111110010001000010011110000011
00000000111101110000011110110011
11111110111101000010010000100011
11111110100001000010011100000011
11111110010001000010011110000011
00000000111101110100011100110011
11111110000001000010011110000011
00000000111101110100011100110011
11111101100001000010011110000011
00000011010001111000011110010011
00000000000001111010011110000011
00000000111101110000011100110011
11111110110001000010011110000011
00000000111101110000011100110011
00101000100110111000011110110111
00000000000001111000011110010011
11101100011001111000011110010011
00000000111101110000011110110011
11111110111101000010011000100011
11111110110001000010011110000011
00000000010001111001011100010011
00000001110001111101011110010011
00000000111101110110011110110011
11111110111101000010011000100011
11111110110001000010011100000011
11111110100001000010011110000011
00000000111101110000011110110011
11111110111101000010011000100011
11111110110001000010011100000011
11111110100001000010011110000011
00000000111101110100011100110011
11111110010001000010011110000011
00000000111101110100011100110011
11111101100001000010011110000011
00000000000001111010011110000011
00000000111101110000011100110011
11111110000001000010011110000011
00000000111101110000011100110011
11101010101000010010011110110111
00000000000001111000011110010011
01111111101001111000011110010011
00000000111101110000011110110011
11111110111101000010000000100011
11111110000001000010011110000011
00000000101101111001011100010011
00000001010101111101011110010011
00000000111101110110011110110011
11111110111101000010000000100011
11111110000001000010011100000011
11111110110001000010011110000011
00000000111101110000011110110011
11111110111101000010000000100011
11111110000001000010011100000011
11111110110001000010011110000011
00000000111101110100011100110011
11111110100001000010011110000011
00000000111101110100011100110011
11111101100001000010011110000011
00000000110001111000011110010011
00000000000001111010011110000011
00000000111101110000011100110011
11111110010001000010011110000011
00000000111101110000011100110011
11010100111011110011011110110111
00000000000001111000011110010011
00001000010101111000011110010011
00000000111101110000011110110011
11111110111101000010001000100011
11111110010001000010011110000011
00000001000001111001011100010011
00000001000001111101011110010011
00000000111101110110011110110011
11111110111101000010001000100011
11111110010001000010011100000011
11111110000001000010011110000011
00000000111101110000011110110011
11111110111101000010001000100011
11111110010001000010011100000011
11111110000001000010011110000011
00000000111101110100011100110011
11111110110001000010011110000011
00000000111101110100011100110011
11111101100001000010011110000011
00000001100001111000011110010011
00000000000001111010011110000011
00000000111101110000011100110011
11111110100001000010011110000011
00000000111101110000011100110011
00000100100010000010011110110111
00000000000001111000011110010011
11010000010101111000011110010011
00000000111101110000011110110011
11111110111101000010010000100011
11111110100001000010011110000011
00000000100101111101011100010011
00000001011101111001011110010011
00000000111101110110011110110011
11111110111101000010010000100011
11111110100001000010011100000011
11111110010001000010011110000011
00000000111101110000011110110011
11111110111101000010010000100011
11111110100001000010011100000011
11111110010001000010011110000011
00000000111101110100011100110011
11111110000001000010011110000011
00000000111101110100011100110011
11111101100001000010011110000011
00000010010001111000011110010011
00000000000001111010011110000011
00000000111101110000011100110011
11111110110001000010011110000011
00000000111101110000011100110011
11011001110101001101011110110111
00000000000001111000011110010011
00000011100101111000011110010011
00000000111101110000011110110011
11111110111101000010011000100011
11111110110001000010011110000011
00000000010001111001011100010011
00000001110001111101011110010011
00000000111101110110011110110011
11111110111101000010011000100011
11111110110001000010011100000011
11111110100001000010011110000011
00000000111101110000011110110011
11111110111101000010011000100011
11111110110001000010011100000011
11111110100001000010011110000011
00000000111101110100011100110011
11111110010001000010011110000011
00000000111101110100011100110011
11111101100001000010011110000011
00000011000001111000011110010011
00000000000001111010011110000011
00000000111101110000011100110011
11111110000001000010011110000011
00000000111101110000011100110011
11100110110110111010011110110111
00000000000001111000011110010011
10011110010101111000011110010011
00000000111101110000011110110011
11111110111101000010000000100011
11111110000001000010011110000011
00000000101101111001011100010011
00000001010101111101011110010011
00000000111101110110011110110011
11111110111101000010000000100011
11111110000001000010011100000011
11111110110001000010011110000011
00000000111101110000011110110011
11111110111101000010000000100011
11111110000001000010011100000011
11111110110001000010011110000011
00000000111101110100011100110011
11111110100001000010011110000011
00000000111101110100011100110011
11111101100001000010011110000011
00000011110001111000011110010011
00000000000001111010011110000011
00000000111101110000011100110011
11111110010001000010011110000011
00000000111101110000011100110011
00011111101000101000011110110111
00000000000001111000011110010011
11001111100001111000011110010011
00000000111101110000011110110011
11111110111101000010001000100011
11111110010001000010011110000011
00000001000001111001011100010011
00000001000001111101011110010011
00000000111101110110011110110011
11111110111101000010001000100011
11111110010001000010011100000011
11111110000001000010011110000011
00000000111101110000011110110011
11111110111101000010001000100011
11111110010001000010011100000011
11111110000001000010011110000011
00000000111101110100011100110011
11111110110001000010011110000011
00000000111101110100011100110011
11111101100001000010011110000011
00000000100001111000011110010011
00000000000001111010011110000011
00000000111101110000011100110011
11111110100001000010011110000011
00000000111101110000011100110011
11000100101011000101011110110111
00000000000001111000011110010011
01100110010101111000011110010011
00000000111101110000011110110011
11111110111101000010010000100011
11111110100001000010011110000011
00000000100101111101011100010011
00000001011101111001011110010011
00000000111101110110011110110011
11111110111101000010010000100011
11111110100001000010011100000011
11111110010001000010011110000011
00000000111101110000011110110011
11111110111101000010010000100011
11111110000001000010011110000011
11111111111101111100011100010011
11111110100001000010011110000011
00000000111101110110011100110011
11111110010001000010011110000011
00000000111101110100011100110011
11111101100001000010011110000011
00000000000001111010011110000011
00000000111101110000011100110011
11111110110001000010011110000011
00000000111101110000011100110011
11110100001010010010011110110111
00000000000001111000011110010011
00100100010001111000011110010011
00000000111101110000011110110011
11111110111101000010011000100011
11111110110001000010011110000011
00000000011001111001011100010011
00000001101001111101011110010011
00000000111101110110011110110011
11111110111101000010011000100011
11111110110001000010011100000011
11111110100001000010011110000011
00000000111101110000011110110011
11111110111101000010011000100011
11111110010001000010011110000011
11111111111101111100011100010011
11111110110001000010011110000011
00000000111101110110011100110011
11111110100001000010011110000011
00000000111101110100011100110011
11111101100001000010011110000011
00000001110001111000011110010011
00000000000001111010011110000011
00000000111101110000011100110011
11111110000001000010011110000011
00000000111101110000011100110011
01000011001010110000011110110111
00000000000001111000011110010011
11111001011101111000011110010011
00000000111101110000011110110011
11111110111101000010000000100011
11111110000001000010011110000011
00000000101001111001011100010011
00000001011001111101011110010011
00000000111101110110011110110011
11111110111101000010000000100011
11111110000001000010011100000011
11111110110001000010011110000011
00000000111101110000011110110011
11111110111101000010000000100011
11111110100001000010011110000011
11111111111101111100011100010011
11111110000001000010011110000011
00000000111101110110011100110011
11111110110001000010011110000011
00000000111101110100011100110011
11111101100001000010011110000011
00000011100001111000011110010011
00000000000001111010011110000011
00000000111101110000011100110011
11111110010001000010011110000011
00000000111101110000011100110011
10101011100101000010011110110111
00000000000001111000011110010011
00111010011101111000011110010011
00000000111101110000011110110011
11111110111101000010001000100011
11111110010001000010011110000011
00000000111101111001011100010011
00000001000101111101011110010011
00000000111101110110011110110011
11111110111101000010001000100011
11111110010001000010011100000011
11111110000001000010011110000011
00000000111101110000011110110011
11111110111101000010001000100011
11111110110001000010011110000011
11111111111101111100011100010011
11111110010001000010011110000011
00000000111101110110011100110011
11111110000001000010011110000011
00000000111101110100011100110011
11111101100001000010011110000011
00000001010001111000011110010011
00000000000001111010011110000011
00000000111101110000011100110011
11111110100001000010011110000011
00000000111101110000011100110011
11111100100100111010011110110111
00000000000001111000011110010011
00000011100101111000011110010011
00000000111101110000011110110011
11111110111101000010010000100011
11111110100001000010011110000011
00000000101101111101011100010011
00000001010101111001011110010011
00000000111101110110011110110011
11111110111101000010010000100011
11111110100001000010011100000011
11111110010001000010011110000011
00000000111101110000011110110011
11111110111101000010010000100011
11111110000001000010011110000011
11111111111101111100011100010011
11111110100001000010011110000011
00000000111101110110011100110011
11111110010001000010011110000011
00000000111101110100011100110011
11111101100001000010011110000011
00000011000001111000011110010011
00000000000001111010011110000011
00000000111101110000011100110011
11111110110001000010011110000011
00000000111101110000011100110011
01100101010110110110011110110111
00000000000001111000011110010011
10011100001101111000011110010011
00000000111101110000011110110011
11111110111101000010011000100011
11111110110001000010011110000011
00000000011001111001011100010011
00000001101001111101011110010011
00000000111101110110011110110011
11111110111101000010011000100011
11111110110001000010011100000011
11111110100001000010011110000011
00000000111101110000011110110011
11111110111101000010011000100011
11111110010001000010011110000011
11111111111101111100011100010011
11111110110001000010011110000011
00000000111101110110011100110011
11111110100001000010011110000011
00000000111101110100011100110011
11111101100001000010011110000011
00000000110001111000011110010011
00000000000001111010011110000011
00000000111101110000011100110011
11111110000001000010011110000011
00000000111101110000011100110011
10001111000011001101011110110111
00000000000001111000011110010011
11001001001001111000011110010011
00000000111101110000011110110011
11111110111101000010000000100011
11111110000001000010011110000011
00000000101001111001011100010011
00000001011001111101011110010011
00000000111101110110011110110011
11111110111101000010000000100011
11111110000001000010011100000011
11111110110001000010011110000011
00000000111101110000011110110011
11111110111101000010000000100011
11111110100001000010011110000011
11111111111101111100011100010011
11111110000001000010011110000011
00000000111101110110011100110011
11111110110001000010011110000011
00000000111101110100011100110011
11111101100001000010011110000011
00000010100001111000011110010011
00000000000001111010011110000011
00000000111101110000011100110011
11111110010001000010011110000011
00000000111101110000011100110011
11111111111011111111011110110111
00000000000001111000011110010011
01000111110101111000011110010011
00000000111101110000011110110011
11111110111101000010001000100011
11111110010001000010011110000011
00000000111101111001011100010011
00000001000101111101011110010011
00000000111101110110011110110011
11111110111101000010001000100011
11111110010001000010011100000011
11111110000001000010011110000011
00000000111101110000011110110011
11111110111101000010001000100011
11111110110001000010011110000011
11111111111101111100011100010011
11111110010001000010011110000011
00000000111101110110011100110011
11111110000001000010011110000011
00000000111101110100011100110011
11111101100001000010011110000011
00000000010001111000011110010011
00000000000001111010011110000011
00000000111101110000011100110011
11111110100001000010011110000011
00000000111101110000011100110011
10000101100001000110011110110111
00000000000001111000011110010011
11011101000101111000011110010011
00000000111101110000011110110011
11111110111101000010010000100011
11111110100001000010011110000011
00000000101101111101011100010011
00000001010101111001011110010011
00000000111101110110011110110011
11111110111101000010010000100011
11111110100001000010011100000011
11111110010001000010011110000011
00000000111101110000011110110011
11111110111101000010010000100011
11111110000001000010011110000011
11111111111101111100011100010011
11111110100001000010011110000011
00000000111101110110011100110011
11111110010001000010011110000011
00000000111101110100011100110011
11111101100001000010011110000011
00000010000001111000011110010011
00000000000001111010011110000011
00000000111101110000011100110011
11111110110001000010011110000011
00000000111101110000011100110011
01101111101010001000011110110111
00000000000001111000011110010011
11100100111101111000011110010011
00000000111101110000011110110011
11111110111101000010011000100011
11111110110001000010011110000011
00000000011001111001011100010011
00000001101001111101011110010011
00000000111101110110011110110011
11111110111101000010011000100011
11111110110001000010011100000011
11111110100001000010011110000011
00000000111101110000011110110011
11111110111101000010011000100011
11111110010001000010011110000011
11111111111101111100011100010011
11111110110001000010011110000011
00000000111101110110011100110011
11111110100001000010011110000011
00000000111101110100011100110011
11111101100001000010011110000011
00000011110001111000011110010011
00000000000001111010011110000011
00000000111101110000011100110011
11111110000001000010011110000011
00000000111101110000011100110011
11111110001011001110011110110111
00000000000001111000011110010011
01101110000001111000011110010011
00000000111101110000011110110011
11111110111101000010000000100011
11111110000001000010011110000011
00000000101001111001011100010011
00000001011001111101011110010011
00000000111101110110011110110011
11111110111101000010000000100011
11111110000001000010011100000011
11111110110001000010011110000011
00000000111101110000011110110011
11111110111101000010000000100011
11111110100001000010011110000011
11111111111101111100011100010011
11111110000001000010011110000011
00000000111101110110011100110011
11111110110001000010011110000011
00000000111101110100011100110011
11111101100001000010011110000011
00000001100001111000011110010011
00000000000001111010011110000011
00000000111101110000011100110011
11111110010001000010011110000011
00000000111101110000011100110011
10100011000000010100011110110111
00000000000001111000011110010011
00110001010001111000011110010011
00000000111101110000011110110011
11111110111101000010001000100011
11111110010001000010011110000011
00000000111101111001011100010011
00000001000101111101011110010011
00000000111101110110011110110011
11111110111101000010001000100011
11111110010001000010011100000011
11111110000001000010011110000011
00000000111101110000011110110011
11111110111101000010001000100011
11111110110001000010011110000011
11111111111101111100011100010011
11111110010001000010011110000011
00000000111101110110011100110011
11111110000001000010011110000011
00000000111101110100011100110011
11111101100001000010011110000011
00000011010001111000011110010011
00000000000001111010011110000011
00000000111101110000011100110011
11111110100001000010011110000011
00000000111101110000011100110011
01001110000010000001011110110111
00000000000001111000011110010011
00011010000101111000011110010011
00000000111101110000011110110011
11111110111101000010010000100011
11111110100001000010011110000011
00000000101101111101011100010011
00000001010101111001011110010011
00000000111101110110011110110011
11111110111101000010010000100011
11111110100001000010011100000011
11111110010001000010011110000011
00000000111101110000011110110011
11111110111101000010010000100011
11111110000001000010011110000011
11111111111101111100011100010011
11111110100001000010011110000011
00000000111101110110011100110011
11111110010001000010011110000011
00000000111101110100011100110011
11111101100001000010011110000011
00000001000001111000011110010011
00000000000001111010011110000011
00000000111101110000011100110011
11111110110001000010011110000011
00000000111101110000011100110011
11110111010100111000011110110111
00000000000001111000011110010011
11101000001001111000011110010011
00000000111101110000011110110011
11111110111101000010011000100011
11111110110001000010011110000011
00000000011001111001011100010011
00000001101001111101011110010011
00000000111101110110011110110011
11111110111101000010011000100011
11111110110001000010011100000011
11111110100001000010011110000011
00000000111101110000011110110011
11111110111101000010011000100011
11111110010001000010011110000011
11111111111101111100011100010011
11111110110001000010011110000011
00000000111101110110011100110011
11111110100001000010011110000011
00000000111101110100011100110011
11111101100001000010011110000011
00000010110001111000011110010011
00000000000001111010011110000011
00000000111101110000011100110011
11111110000001000010011110000011
00000000111101110000011100110011
10111101001110101111011110110111
00000000000001111000011110010011
00100011010101111000011110010011
00000000111101110000011110110011
11111110111101000010000000100011
11111110000001000010011110000011
00000000101001111001011100010011
00000001011001111101011110010011
00000000111101110110011110110011
11111110111101000010000000100011
11111110000001000010011100000011
11111110110001000010011110000011
00000000111101110000011110110011
11111110111101000010000000100011
11111110100001000010011110000011
11111111111101111100011100010011
11111110000001000010011110000011
00000000111101110110011100110011
11111110110001000010011110000011
00000000111101110100011100110011
11111101100001000010011110000011
00000000100001111000011110010011
00000000000001111010011110000011
00000000111101110000011100110011
11111110010001000010011110000011
00000000111101110000011100110011
00101010110101111101011110110111
00000000000001111000011110010011
00101011101101111000011110010011
00000000111101110000011110110011
11111110111101000010001000100011
11111110010001000010011110000011
00000000111101111001011100010011
00000001000101111101011110010011
00000000111101110110011110110011
11111110111101000010001000100011
11111110010001000010011100000011
11111110000001000010011110000011
00000000111101110000011110110011
11111110111101000010001000100011
11111110110001000010011110000011
11111111111101111100011100010011
11111110010001000010011110000011
00000000111101110110011100110011
11111110000001000010011110000011
00000000111101110100011100110011
11111101100001000010011110000011
00000010010001111000011110010011
00000000000001111010011110000011
00000000111101110000011100110011
11111110100001000010011110000011
00000000111101110000011100110011
11101011100001101101011110110111
00000000000001111000011110010011
00111001000101111000011110010011
00000000111101110000011110110011
11111110111101000010010000100011
11111110100001000010011110000011
00000000101101111101011100010011
00000001010101111001011110010011
00000000111101110110011110110011
11111110111101000010010000100011
11111110100001000010011100000011
11111110010001000010011110000011
00000000111101110000011110110011
11111110111101000010010000100011
11111101110001000010011110000011
00000000000001111010011100000011
11111110110001000010011110000011
00000000111101110000011100110011
11111101110001000010011110000011
00000000111001111010000000100011
11111101110001000010011110000011
00000000010001111000011110010011
00000000000001111010011010000011
11111101110001000010011110000011
00000000010001111000011110010011
11111110100001000010011100000011
00000000111001101000011100110011
00000000111001111010000000100011
11111101110001000010011110000011
00000000100001111000011110010011
00000000000001111010011010000011
11111101110001000010011110000011
00000000100001111000011110010011
11111110010001000010011100000011
00000000111001101000011100110011
00000000111001111010000000100011
11111101110001000010011110000011
00000000110001111000011110010011
00000000000001111010011010000011
11111101110001000010011110000011
00000000110001111000011110010011
11111110000001000010011100000011
00000000111001101000011100110011
00000000111001111010000000100011
00000000000000000000000000010011
00000010110000010010010000000011
00000011000000010000000100010011
00000000000000001000000001100111
