11111110000000010000000100010011
00000000100000010010111000100011
00000010000000010000010000010011
11111110101001000010011000100011
11111110101101000010010000100011
00000001110000000000000001101111
11111110110001000010011110000011
00000000000101111000011110010011
11111110111101000010011000100011
11111110100001000010011110000011
00000000000101111000011110010011
11111110111101000010010000100011
11111110110001000010011110000011
00000000000001111100011100000011
11111110100001000010011110000011
00000000000001111100011110000011
00000000111101110001100001100011
11111110110001000010011110000011
00000000000001111100011110000011
11111100000001111001011011100011
11111110110001000010011110000011
00000000000001111100011110000011
00000000000001111000100001100011
11111110100001000010011110000011
00000000000001111100011110000011
00000000000001111001011001100011
00000000000100000000011110010011
00000000100000000000000001101111
00000000000000000000011110010011
00000000111100000000010100110011
00000001110000010010010000000011
00000010000000010000000100010011
00000000000000001000000001100111
11111101000000010000000100010011
00000010100000010010011000100011
00000011000000010000010000010011
11111100101001000010111000100011
11111100101101000010110000100011
11111110000001000010011000100011
00000001000000000000000001101111
11111110110001000010011110000011
00000000000101111000011110010011
11111110111101000010011000100011
11111110110001000010011100000011
00101011101100000000011110010011
00000010111001111110101001100011
11111101110001000010011100000011
11111110110001000010011110000011
00000000111101110000011110110011
00000000000001111100011110000011
11111100000001111001110011100011
00000001110000000000000001101111
11111110110001000010011110000011
00000000000101111000011110010011
11111110111101000010011000100011
11111101100001000010011110000011
00000000000101111000011110010011
11111100111101000010110000100011
11111110110001000010011100000011
00101011101000000000011110010011
00000010111001111110001001100011
11111101110001000010011100000011
11111110110001000010011110000011
00000000111101110000011110110011
11111101100001000010011100000011
00000000000001110100011100000011
00000000111001111000000000100011
00000000000001111100011110000011
11111100000001111001000011100011
11111101110001000010011110000011
00101011101101111000011110010011
00000000000001111000000000100011
00000000000000000000000000010011
00000010110000010010010000000011
00000011000000010000000100010011
00000000000000001000000001100111
11111101000000010000000100010011
00000010100000010010011000100011
00000011000000010000010000010011
11111100101001000010111000100011
11111100101101000010110000100011
11111100110001000010101000100011
11111100110101000010100000100011
11111101000001000010011110000011
00000000111100000100011001100011
00000000000100000000011110010011
11111100111101000010100000100011
11111110000001000010011000100011
00000001110000000000000001101111
11111101110001000010011110000011
00000000000001111100011110000011
00001010000001111000010001100011
11111101110001000010011110000011
00000000000101111000011110010011
11111100111101000010111000100011
11111101110001000010011110000011
00000000000001111100011100000011
00000010000000000000011110010011
11111100111101110000111011100011
11111110110001000010011110000011
00000000001001111001011110010011
11111101100001000010011100000011
00000000111101110000011110110011
11111101110001000010011100000011
00000000111001111010000000100011
11111110110001000010011110000011
00000000000101111000011110010011
11111110111101000010011000100011
11111110110001000010011100000011
11111101000001000010011110000011
00000110111101110000001001100011
00000001110000000000000001101111
11111101110001000010011110000011
00000000000001111100011110000011
00000100000001111000111001100011
11111101110001000010011110000011
00000000000101111000011110010011
11111100111101000010111000100011
11111101110001000010011110000011
00000000000001111100011100000011
00000010000000000000011110010011
11111100111101110001111011100011
11111110110001000010011100000011
01000000000000000000011110110111
00000000000001111000011110010011
11111111111101111000011110010011
00000000111101110000011110110011
00000000001001111001011110010011
11111101010001000010011100000011
00000000111101110000011110110011
11111101110001000010011100000011
00000000111001111010000000100011
11110110110111111111000001101111
00000000000000000000000000010011
00000010000000000000000001101111
00000000000000000000000000010011
00000001100000000000000001101111
00000000000000000000000000010011
00000001000000000000000001101111
11111101110001000010011110000011
00000000000101111000011110010011
11111100111101000010111000100011
11111101110001000010011110000011
00000000000001111100011110000011
11111110000001111001011011100011
11111110110001000010011110000011
11111110111101000010010000100011
00000010100000000000000001101111
11111110100001000010011110000011
00000000001001111001011110010011
11111101100001000010011100000011
00000000111101110000011110110011
11111101110001000010011100000011
00000000111001111010000000100011
11111110100001000010011110000011
00000000000101111000011110010011
11111110111101000010010000100011
11111110100001000010011100000011
11111101000001000010011110000011
11111100111101110100101011100011
11111110110001000010011110000011
00000000111100000000010100110011
00000010110000010010010000000011
00000011000000010000000100010011
00000000000000001000000001100111
11111101000000010000000100010011
00000010100000010010011000100011
00000011000000010000010000010011
11111100101001000010111000100011
11111100101101000010110000100011
11111100110001000010101000100011
11111110000001000010011000100011
00000010100000000000000001101111
11111110110001000010011110000011
00000000001001111001011110010011
11111101110001000010011100000011
00000000111101110000011110110011
00000000000001111010011110000011
00000000000001111000000000100011
11111110110001000010011110000011
00000000000101111000011110010011
11111110111101000010011000100011
11111101100001000010011110000011
11111111111101111000011110010011
11111110110001000010011100000011
00000100111101110101000001100011
11111101010001000010011110000011
11111111111101111000011110010011
11111110110001000010011100000011
11111100111101110100000011100011
00000010110000000000000001101111
11111110110001000010011110000011
00000000001001111001011110010011
11111101110001000010011100000011
00000000111101110000011110110011
00000000000001111010011110000011
00000010000000000000011100010011
00000000111001111000000000100011
11111110110001000010011110000011
00000000000101111000011110010011
11111110111101000010011000100011
11111101100001000010011110000011
11111111111101111000011110010011
11111110110001000010011100000011
11111100111101110100011011100011
00000000000000000000000000010011
00000000000000000000000000010011
00000010110000010010010000000011
00000011000000010000000100010011
00000000000000001000000001100111
11111101000000010000000100010011
00000010100000010010011000100011
00000011000000010000010000010011
11111100101001000010111000100011
11111110000001000010011000100011
11111110000001000010010000100011
00001000000000000000000001101111
11111101110001000010011110000011
00000000000001111100011100000011
00000010111100000000011110010011
00000000111001111111101001100011
11111101110001000010011110000011
00000000000001111100011100000011
00000011100100000000011110010011
00000000111001111111011001100011
11111111111100000000011110010011
00000110100000000000000001101111
11111110110001000010011100000011
00000000111000000000011110110011
00000000001001111001011110010011
00000000111001111000011110110011
00000000000101111001011110010011
00000000111100000000011100110011
11111101110001000010011110000011
00000000000001111100011110000011
11111101000001111000011110010011
00000000111101110000011110110011
11111110111101000010011000100011
11111110110001000010011100000011
11111110100001000010011110000011
00000000111101110101011001100011
11111111111000000000011110010011
00000010100000000000000001101111
11111110110001000010011110000011
11111110111101000010010000100011
11111101110001000010011110000011
00000000000101111000011110010011
11111100111101000010111000100011
11111101110001000010011110000011
00000000000001111100011110000011
11110110000001111001111011100011
11111110110001000010011110000011
00000000111100000000010100110011
00000010110000010010010000000011
00000011000000010000000100010011
00000000000000001000000001100111
