11110100000000010000000100010011
00001010000100010010111000100011
00001010100000010010110000100011
00001010100100010010101000100011
00001100000000010000010000010011
11110100101001000010011000100011
11110100101101000010010000100011
11110100110001000010001000100011
11110100110101000010000000100011
11111110000001000010010000100011
11110100100001000010011110000011
00000000000001111010011100000011
00000011111100000000011110010011
00000000111001111100011001100011
00000000000000000000011110010011
00111110010000000000000001101111
11111110000001000010011000100011
00001011000000000000000001101111
11111110110001000010010100000011
00000000000000000000000000010011
11111110101001000010001000100011
11111110010001000010011110000011
00000000110001111010011100000011
11110100100001000010011110000011
00000000000001111010011110000011
00001000111101110001001001100011
11111110010001000010011110000011
00000001010001111010011100000011
11110100010001000010011110000011
00000000000001111010011110000011
00000110111101110001100001100011
11111110010001000010011110000011
00000001000001111010011100000011
11110100100001000010011110000011
00000000010001111010011010000011
11110100100001000010011110000011
00000000000001111010011110000011
00000000111100000000011000110011
00000000110100000000010110110011
00000000111000000000010100110011
00000000000000000000000000010011
00000000101000000000011110110011
00000100000001111001000001100011
11111110010001000010011110000011
00000001100001111010011100000011
11110100010001000010011110000011
00000000010001111010011010000011
11110100010001000010011110000011
00000000000001111010011110000011
00000000111100000000011000110011
00000000110100000000010110110011
00000000111000000000010100110011
00000000000000000000000000010011
00000000101000000000011110110011
00000000000001111001100001100011
00000000000100000000011110010011
11111110111101000010010000100011
00000010000000000000000001101111
11111110110001000010011110000011
00000000000101111000011110010011
11111110111101000010011000100011
00000000000000000000000000010011
00000000101000000000011100110011
11111110110001000010011110000011
11110100111001111100010011100011
11111110100001000010011110000011
00000000000001111001011001100011
00000000000000000000011110010011
00110001000000000000000001101111
01101000110000000000010100010011
00000000000000000000000000010011
00000000101000000000011110110011
11111110111101000010000000100011
11111110000001000010011110000011
00000000000001111001011001100011
00000000000000000000011110010011
00101111000000000000000001101111
11111110000001000010011110000011
00001111000001111000011110010011
00000010000000000000011000010011
11110100110001000010010110000011
00000000111100000000010100110011
00000000000000000000000000010011
11111110000001000010011110000011
00000011100001111000011110010011
00000000111100000000010100110011
00000000000000000000000000010011
11110100100001000010011110000011
00000000000001111010011100000011
11111110000001000010011110000011
00000000111001111010000000100011
11111110000001000010011110000011
00010100110001111000011100010011
11111110000001000010011110000011
00000000111001111010001000100011
11110100100001000010011110000011
00000000010001111010011010000011
11111110000001000010011110000011
00000000010001111010011100000011
11111110000001000010011110000011
00000000000001111010011110000011
00000000111100000000011000110011
00000000110100000000010110110011
00000000111000000000010100110011
00000000000000000000000000010011
11110101110001000000011110010011
00000000111100000000010100110011
00000000000000000000000000010011
11111110000001000010011110000011
00000000010001111010011100000011
11111110000001000010011110000011
00000000000001111010011110000011
00000000111100000000011010110011
11110101110001000000011110010011
00000000110100000000011000110011
00000000111000000000010110110011
00000000111100000000010100110011
00000000000000000000000000010011
11110101110001000000011100010011
11111100110001000000011110010011
00000000111000000000010110110011
00000000111100000000010100110011
00000000000000000000000000010011
11110100010001000010011110000011
00000000000001111010011100000011
11111110000001000010011110000011
00000000111001111010010000100011
11111110000001000010011110000011
00100100110001111000011100010011
11111110000001000010011110000011
00000000111001111010011000100011
11110100010001000010011110000011
00000000010001111010011010000011
11111110000001000010011110000011
00000000110001111010011100000011
11111110000001000010011110000011
00000000100001111010011110000011
00000000111100000000011000110011
00000000110100000000010110110011
00000000111000000000010100110011
00000000000000000000000000010011
11110101110001000000011110010011
00000000111100000000010100110011
00000000000000000000000000010011
11111110000001000010011110000011
00000000110001111010011100000011
11111110000001000010011110000011
00000000100001111010011110000011
00000000111100000000011010110011
11110101110001000000011110010011
00000000110100000000011000110011
00000000111000000000010110110011
00000000111100000000010100110011
00000000000000000000000000010011
11110101110001000000011100010011
11111011100001000000011110010011
00000000111000000000010110110011
00000000111100000000010100110011
00000000000000000000000000010011
11111110000001000010011000100011
00000100100000000000000001101111
11111110110001000010011110000011
11111111000001000000011100010011
00000000111101110000011110110011
11111101110001111100011100000011
11111110110001000010011110000011
11111111000001000000011010010011
00000000111101101000011110110011
11111100100001111100011110000011
00000000111101110100011110110011
00001111111101111111011100010011
11111110110001000010011110000011
11111111000001000000011010010011
00000000111101101000011110110011
11111100111001111000111000100011
11111110110001000010011110000011
00000000000101111000011110010011
11111110111101000010011000100011
11111110110001000010011100000011
00000001001100000000011110010011
11111010111001111111101011100011
11111110000001000010011110000011
00000011100001111000011110010011
11111100110001000000011100010011
00000001010000000000011000010011
00000000111000000000010110110011
00000000111100000000010100110011
00000000000000000000000000010011
11110101110001000000011110010011
00000000111100000000010100110011
00000000000000000000000000010011
11111110000001000010011110000011
00001111000001111000010010010011
11111110000001000010011110000011
00001111000001111000011110010011
00000000111100000000010100110011
00000000000000000000000000010011
00000000101000000000011100110011
11110101110001000000011110010011
00000000111000000000011000110011
00000000100100000000010110110011
00000000111100000000010100110011
00000000000000000000000000010011
11110101110001000000011100010011
11111100110001000000011110010011
00000000111000000000010110110011
00000000111100000000010100110011
00000000000000000000000000010011
11111110000001000010011110000011
00000011100001111000011110010011
11111100110001000000011100010011
00000001010000000000011000010011
00000000111000000000010110110011
00000000111100000000010100110011
00000000000000000000000000010011
11110100000001000010011110000011
00000000000001111010011100000011
11111110000001000010011110000011
00000000111001111010100000100011
11111110000001000010011110000011
00110100110001111000011100010011
11111110000001000010011110000011
00000000111001111010101000100011
11110100000001000010011110000011
00000000010001111010011010000011
11111110000001000010011110000011
00000001010001111010011100000011
11111110000001000010011110000011
00000001000001111010011110000011
00000000111100000000011000110011
00000000110100000000010110110011
00000000111000000000010100110011
00000000000000000000000000010011
11111110000001000010011110000011
00000011100001111000011100010011
11111110000001000010011110000011
00000001010001111010011010000011
11111110000001000010011110000011
00000001000001111010011110000011
00000000111100000000011000110011
00000000110100000000010110110011
00000000111000000000010100110011
00000000000000000000000000010011
11111110000001000010011110000011
01010110110001111000011100010011
11111110000001000010011110000011
00000000111001111010111000100011
11111110000001000010011110000011
01011000110001111000011100010011
11111110000001000010011110000011
00000010111001111010001000100011
11111110000001000010011110000011
00110110110001111000011100010011
11111110000001000010011110000011
00000010111001111010011000100011
11111110000001000010011110000011
01000110110001111000011100010011
11111110000001000010011110000011
00000010111001111010101000100011
11111110000001000010011110000011
00001001010001111000011110010011
00000000111100000000010100110011
00000000000000000000000000010011
11111110000001000010011110000011
00000000111100000000010100110011
00001011110000010010000010000011
00001011100000010010010000000011
00001011010000010010010010000011
00001100000000010000000100010011
00000000000000001000000001100111
11111101000000010000000100010011
00000010000100010010011000100011
00000010100000010010010000100011
00000011000000010000010000010011
11111100101001000010111000100011
11111101110001000010011110000011
00000000000001111010011100000011
00000001111100000000011110010011
00000000111001111100110001100011
11111101110001000010011110000011
00000000000001111010011100000011
11111101110001000010011110000011
00000000111001111010110000100011
00000001000000000000000001101111
11111101110001000010011110000011
00000010000000000000011100010011
00000000111001111010110000100011
11111101110001000010011110000011
00000001110001111010011100000011
11111101110001000010011110000011
00000001100001111010011110000011
00000000111100000000010110110011
00000000111000000000010100110011
00000000000000000000000000010011
11111101110001000010011110000011
00000001110001111010011100000011
11111101110001000010011110000011
00000001100001111010011110000011
00000000111100000000010110110011
00000000111000000000010100110011
00000000000000000000000000010011
11111110101001000010011000100011
11111101110001000010011110000011
00000000010001111010011100000011
11111101110001000010011110000011
00000000000001111010011110000011
00000000111100000000010110110011
00000000111000000000010100110011
00000000000000000000000000010011
11111110101001000010010000100011
11111101110001000010011110000011
00000000110001111010011100000011
11111101110001000010011110000011
00000000100001111010011110000011
00000000111100000000010110110011
00000000111000000000010100110011
00000000000000000000000000010011
11111110101001000010001000100011
00000000000000000000010100010011
00000000000000000000000000010011
11111110101001000010000000100011
11111110100001000010011010000011
11111110110001000010011000000011
11111110010001000010010110000011
11111110000001000010010100000011
00000000000000000000000000010011
11111101110001000010011110000011
00000010010001111010011110000011
00000000111100000000010110110011
11111110000001000010010100000011
00000000000000000000000000010011
00000000101000000000011100110011
11111101110001000010011110000011
00000010111001111010000000100011
11111110000001000010010100000011
00000000000000000000000000010011
11111110110001000010010100000011
00000000000000000000000000010011
11111110010001000010010100000011
00000000000000000000000000010011
11111110100001000010010100000011
00000000000000000000000000010011
11111101110001000010011110000011
00000011100001111000011100010011
11111101110001000010011110000011
00000010010001111010011010000011
11111101110001000010011110000011
00000010000001111010011110000011
00000000111100000000011000110011
00000000110100000000010110110011
00000000111000000000010100110011
00000000000000000000000000010011
11111101110001000010011110000011
00001001010001111000011100010011
11111101110001000010011110000011
00000010010001111010011010000011
11111101110001000010011110000011
00000010000001111010011110000011
00000000111100000000011000110011
00000000110100000000010110110011
00000000111000000000010100110011
00000000000000000000000000010011
11111101110001000010011110000011
00000010000001111000011110010011
00000000111100000000010100110011
00000010110000010010000010000011
00000010100000010010010000000011
00000011000000010000000100010011
00000000000000001000000001100111
11110110000000010000000100010011
00001000000100010010111000100011
00001000100000010010110000100011
00001000100100010010101000100011
00001010000000010000010000010011
11110110101001000010011000100011
11110110101101000010010000100011
11110110110001000010011110000011
00000000010001111010011100000011
11110110110001000010011110000011
00000000000001111010011110000011
00000000111100000000010110110011
00000000111000000000010100110011
00000000000000000000000000010011
11111110101001000010011000100011
11110110110001000010011110000011
00000000110001111010011100000011
11110110110001000010011110000011
00000000100001111010011110000011
00000000111100000000010110110011
00000000111000000000010100110011
00000000000000000000000000010011
11111110101001000010010000100011
11111000010001000000011110010011
00000000111100000000010100110011
00000000000000000000000000010011
11110110110001000010011110000011
00001111000001111000010010010011
11110110110001000010011110000011
00001111000001111000011110010011
00000000111100000000010100110011
00000000000000000000000000010011
00000000101000000000011100110011
11111000010001000000011110010011
00000000111000000000011000110011
00000000100100000000010110110011
00000000111100000000010100110011
00000000000000000000000000010011
11111000010001000000011100010011
00000000000100000000011000010011
00010000000000010000011110110111
00000000000001111000010110010011
00000000111000000000010100110011
00000000000000000000000000010011
11110110100001000010010100000011
00000000000000000000000000010011
00000000101000000000011100110011
11111000010001000000011110010011
00000000111000000000011000110011
11110110100001000010010110000011
00000000111100000000010100110011
00000000000000000000000000010011
11111000010001000000011100010011
11110111000001000000011110010011
00000000111000000000010110110011
00000000111100000000010100110011
00000000000000000000000000010011
11111000010001000000011110010011
00000000111100000000010100110011
00000000000000000000000000010011
11110110110001000010011110000011
00000001010001111010011100000011
11110110110001000010011110000011
00000001000001111010011110000011
00000000111100000000011010110011
11111000010001000000011110010011
00000000110100000000011000110011
00000000111000000000010110110011
00000000111100000000010100110011
00000000000000000000000000010011
11110111000001000000011100010011
11111000010001000000011110010011
00000001010000000000011000010011
00000000111000000000010110110011
00000000111100000000010100110011
00000000000000000000000000010011
11111000010001000000011100010011
11110111000001000000011110010011
00000000111000000000010110110011
00000000111100000000010100110011
00000000000000000000000000010011
11110111000001000000011110010011
00000001010000000000010110010011
00000000111100000000010100110011
00000000000000000000000000010011
11111110101001000010001000100011
00000000000000000000010100010011
00000000000000000000000000010011
11111110101001000010000000100011
11111110110001000010011010000011
11111110010001000010011000000011
11111110100001000010010110000011
11111110000001000010010100000011
00000000000000000000000000010011
11110110110001000010011110000011
00000010110001111010011110000011
00000000111100000000010110110011
11111110010001000010010100000011
00000000000000000000000000010011
00000000101000000000011100110011
11110110110001000010011110000011
00000010111001111010010000100011
11111110010001000010010100000011
00000000000000000000000000010011
11110110110001000010011110000011
00000011010001111010011110000011
00000000111100000000010110110011
11111110000001000010010100000011
00000000000000000000000000010011
00000000101000000000011100110011
11110110110001000010011110000011
00000010111001111010100000100011
11111110000001000010010100000011
00000000000000000000000000010011
00000000000000000000000000010011
00001001110000010010000010000011
00001001100000010010010000000011
00001001010000010010010010000011
00001010000000010000000100010011
00000000000000001000000001100111
11100100000000010000000100010011
00011010000100010010111000100011
00011010100000010010110000100011
00011100000000010000010000010011
11100100101001000010011000100011
11100100101101000010010000100011
11100101110001000000011110010011
00000000111100000000010100110011
00000000000000000000000000010011
11100100100001000010011110000011
00000000010001111010011100000011
11100100100001000010011110000011
00000000000001111010011110000011
00000000111100000000011010110011
11100101110001000000011110010011
00000000110100000000011000110011
00000000111000000000010110110011
00000000111100000000010100110011
00000000000000000000000000010011
11100101110001000000011100010011
11101011100001000000011110010011
00000000111000000000010110110011
00000000111100000000010100110011
00000000000000000000000000010011
11101011100001000100011110000011
00000001100001111001011100010011
11101011100101000100011110000011
00000001000001111001011110010011
00000000111101110110011100110011
11101011101001000100011110000011
00000000100001111001011110010011
00000000111101110110011110110011
11101011101101000100011100000011
00000000111001111110011110110011
11111110111101000010011000100011
11111110110001000010011110000011
00000000000001111001011001100011
00000000000000000000011110010011
00101001000000000000000001101111
11100100110001000010011110000011
00000011100001111000011100010011
11100100100001000010011110000011
00000000010001111010011010000011
11100100100001000010011110000011
00000000000001111010011110000011
00000000111100000000011000110011
00000000110100000000010110110011
00000000111000000000010100110011
00000000000000000000000000010011
11100100100001000010011110000011
00000000010001111010011100000011
11100100100001000010011110000011
00000000000001111010011110000011
00000000111100000000010110110011
00000000111000000000010100110011
00000000000000000000000000010011
11111110101001000010010000100011
11100100110001000010011110000011
00000000010001111010011100000011
11100100110001000010011110000011
00000000000001111010011110000011
00000000111100000000010110110011
00000000111000000000010100110011
00000000000000000000000000010011
11111110101001000010001000100011
11111110010001000010010110000011
11111110100001000010010100000011
00000000000000000000000000010011
00000000101000000000011110110011
00000000000001111101110001100011
00000000000000000000010110010011
11111110100001000010010100000011
00000000000000000000000000010011
00000000101000000000011110110011
00000000000001111001111001100011
11111110100001000010010100000011
00000000000000000000000000010011
11111110010001000010010100000011
00000000000000000000000000010011
00000000000000000000011110010011
00011110100000000000000001101111
11100100110001000010011110000011
00000011010001111010011100000011
11100100110001000010011110000011
00000011000001111010011110000011
00000000111100000000010110110011
00000000111000000000010100110011
00000000000000000000000000010011
11111110101001000010000000100011
11111110000001000010010110000011
11111110100001000010010100000011
00000000000000000000000000010011
00000000101000000000011110110011
00000000000001111101101001100011
11111110010001000010011000000011
11111110100001000010010110000011
11111110100001000010010100000011
00000000000000000000000000010011
11111110000001000010011000000011
11111110100001000010010110000011
11111110100001000010010100000011
00000000000000000000000000010011
11111110000001000010010100000011
00000000000000000000000000010011
11100100110001000010011110000011
00000001110001111010011100000011
11100100110001000010011110000011
00000001100001111010011110000011
00000000111100000000010110110011
00000000111000000000010100110011
00000000000000000000000000010011
11111100101001000010111000100011
11100100110001000010011110000011
00000010110001111010011100000011
11100100110001000010011110000011
00000010100001111010011110000011
00000000111100000000010110110011
00000000111000000000010100110011
00000000000000000000000000010011
11111100101001000010110000100011
00000000000000000000010100010011
00000000000000000000000000010011
11111100101001000010101000100011
11111110110001000010011000000011
11111101100001000010010110000011
11111101010001000010010100000011
00000000000000000000000000010011
11111101110001000010011000000011
11111101010001000010010110000011
11111101010001000010010100000011
00000000000000000000000000010011
11111101100001000010010100000011
00000000000000000000000000010011
11111101110001000010010100000011
00000000000000000000000000010011
00000000000000000000010100010011
00000000000000000000000000010011
11111100101001000010100000100011
11111110010001000010011010000011
11111101010001000010011000000011
11111110100001000010010110000011
11111101000001000010010100000011
00000000000000000000000000010011
11101100110001000000011110010011
00000000111100000000010110110011
11111101000001000010010100000011
00000000000000000000000000010011
00000000101000000000011110110011
11111100111101000010011000100011
11111101000001000010010100000011
00000000000000000000000000010011
11111101010001000010010100000011
00000000000000000000000000010011
11111110100001000010010100000011
00000000000000000000000000010011
11111110010001000010010100000011
00000000000000000000000000010011
11100100110001000010011110000011
00010001000001111000011110010011
11101100110001000000011100010011
11111100110001000010011000000011
00000000111000000000010110110011
00000000111100000000010100110011
00000000000000000000000000010011
11101100110001000000011110010011
11111100110001000010011000000011
00000000000000000000010110010011
00000000111100000000010100110011
00000000000000000000000000010011
11100100110001000010011110000011
00000011100001111000011100010011
11100100110001000010011110000011
00010001000001111000011110010011
00000010100000000000011000010011
00000000111100000000010110110011
00000000111000000000010100110011
00000000000000000000000000010011
11100100110001000010011110000011
00010011100001111000011100010011
11100100110001000010011110000011
00000011100001111000011110010011
00000000111100000000010110110011
00000000111000000000010100110011
00000000000000000000000000010011
11100100110001000010011110000011
00001001010001111000011100010011
11100100110001000010011110000011
00010011100001111000011110010011
00000001010000000000011000010011
00000000111100000000010110110011
00000000111000000000010100110011
00000000000000000000000000010011
11100100110001000010011110000011
00001001010001111000011100010011
11100100110001000010011110000011
00010001000001111000011110010011
00000010100000000000011000010011
00000000111100000000010110110011
00000000111000000000010100110011
00000000000000000000000000010011
11100100110001000010011110000011
00010001000001111000011110010011
00000000111100000000010100110011
00011011110000010010000010000011
00011011100000010010010000000011
00011100000000010000000100010011
00000000000000001000000001100111
11111100000000010000000100010011
00000010000100010010111000100011
00000010100000010010110000100011
00000100000000010000010000010011
11111100101001000010011000100011
11111100101101000010010000100011
11111100110001000010011110000011
00001001010001111000011100010011
11111101110001000000011110010011
00000000111000000000010110110011
00000000111100000000010100110011
00000000000000000000000000010011
11111101110001000000011110010011
00000001010000000000011000010011
11111100100001000010010110000011
00000000111100000000010100110011
00000000000000000000000000010011
00000000101000000000011110110011
00000000111100000000010100110011
00000011110000010010000010000011
00000011100000010010010000000011
00000100000000010000000100010011
00000000000000001000000001100111
11111110000000010000000100010011
00000000100000010010111000100011
00000010000000010000010000010011
11111110101001000010011000100011
11111110110001000010011110000011
00010011100001111000011110010011
00000000111100000000010100110011
00000001110000010010010000000011
00000010000000010000000100010011
00000000000000001000000001100111
11111110000000010000000100010011
00000000000100010010111000100011
00000000100000010010110000100011
00000010000000010000010000010011
11111110101001000010011000100011
11111110110001000010011110000011
01010110110001111000011110010011
00000010000000000000011000010011
00000000000000000000010110010011
00000000111100000000010100110011
00000000000000000000000000010011
11111110110001000010011110000011
00110110110001111000011110010011
00010000000000000000011000010011
00000000000000000000010110010011
00000000111100000000010100110011
00000000000000000000000000010011
11111110110001000010011110000011
01000110110001111000011110010011
00010000000000000000011000010011
00000000000000000000010110010011
00000000111100000000010100110011
00000000000000000000000000010011
11111110110001000010011110000011
00010001000001111000011110010011
00000010100000000000011000010011
00000000000000000000010110010011
00000000111100000000010100110011
00000000000000000000000000010011
11111110110001000010010100000011
00000000000000000000000000010011
00000000000000000000000000010011
00000001110000010010000010000011
00000001100000010010010000000011
00000010000000010000000100010011
00000000000000001000000001100111
