11111100000000010000000100010011
00000010000100010010111000100011
00000010100000010010110000100011
00000100000000010000010000010011
11111100101001000010111000100011
11111100101101000010110000100011
11111100110001000010101000100011
11111100110101000010100000100011
11111100111001000010011000100011
11111100111101000010010000100011
00000001100000000000010100010011
00000000000000000000000000010011
00000000101000000000011110110011
11111110111101000010011000100011
11111110110001000010011110000011
11111101110001000010011100000011
00000000111001111010000000100011
11111110110001000010011110000011
11111101100001000010011100000011
00000000111001111010001000100011
11111110110001000010011110000011
11111101010001000010011100000011
00000000111001111010010000100011
11111110110001000010011110000011
11111101000001000010011100000011
00000000111001111010011000100011
11111110110001000010011110000011
11111100110001000010011100000011
00000000111001111010100000100011
11111110110001000010011110000011
11111100100001000010011100000011
00000000111001111010101000100011
11111100100001000010010100000011
00000000000000000000000000010011
11111110110001000010011110000011
00000000111100000000010100110011
00000011110000010010000010000011
00000011100000010010010000000011
00000100000000010000000100010011
00000000000000001000000001100111
11111110000000010000000100010011
00000000000100010010111000100011
00000000100000010010110000100011
00000010000000010000010000010011
11111110101001000010011000100011
11111110110001000010011110000011
00000001010001111010011110000011
00000000000001111000101001100011
11111110110001000010011110000011
00000001010001111010011110000011
00000000111100000000010100110011
00000000000000000000000000010011
11111110110001000010011110000011
00000000000001111010011110000011
00000010000001111000000001100011
11111110110001000010011110000011
00000001000001111010011110000011
00000000000001111001101001100011
11111110110001000010011110000011
00000000000001111010011110000011
00000000111100000000010100110011
00000000000000000000000000010011
11111110110001000010010100000011
00000000000000000000000000010011
00000000000000000000000000010011
00000001110000010010000010000011
00000001100000010010010000000011
00000010000000010000000100010011
00000000000000001000000001100111
