11111110000000010000000100010011
00000000000100010010111000100011
00000000100000010010110000100011
00000010000000010000010000010011
11111110101001000010011000100011
11111110101101000010010000100011
11111110110001000010011110000011
00010010010001111010011100000011
11111110100001000010011110000011
00000000111101110000011100110011
11111110110001000010011110000011
00010010111001111010001000100011
11111110110001000010011110000011
00010010010001111010011100000011
00111111111100000000011110010011
00000110111001111101010001100011
11111110110001000010011110000011
00000000100001111010011010000011
11111110110001000010011110000011
00010010100001111000011100010011
11111110110001000010011110000011
00010010000001111010011110000011
00000000111100000000011000110011
01000000000000000000010110010011
00000000111000000000010100110011
00000000000001101000000011100111
11111110110001000010011110000011
00010010100001111000011010010011
11111110110001000010011110000011
00010010100001111000011110010011
01000000000001111000010110010011
11111110110001000010011110000011
00010010010001111010011110000011
11000000000001111000011100010011
11111110110001000010011110000011
00010010111001111010001000100011
11111110110001000010011110000011
00010010010001111010011110000011
00000000111100000000011000110011
00000000110100000000010100110011
00000000000000000000000000010011
00000000000000000000000000010011
00000001110000010010000010000011
00000001100000010010010000000011
00000010000000010000000100010011
00000000000000001000000001100111
11101101000000010000000100010011
00010010000100010010011000100011
00010010100000010010010000100011
00010011000000010000010000010011
11101100101001000010111000100011
11101101110001000010011110000011
00010001000001111010011100000011
00000000001100000000011110010011
00000110111001111101000001100011
11101101110001000010011110000011
00010010100001111000011110010011
11101101110001000010011100000011
00010010010001110010011100000011
00000000111001111000011100110011
11101101110001000010011110000011
00010001000001111010011000000011
11101101110001000010011110000011
00010000110001111010011110000011
00000000111100000000011010110011
00010000000000010000011110110111
00000000000001111000010110010011
00000000111000000000010100110011
00000000000000000000000000010011
11111110101001000010010000100011
11111110100001000010011110000011
00000000111100000100011001100011
11111111111100000000011110010011
00000111100000000000000001101111
11111110100001000010010110000011
11101101110001000010010100000011
00000000000000000000000000010011
00000101010000000000000001101111
11111110000001000010011000100011
00000011110000000000000001101111
11101101110001000010011110000011
00010000110001111010011100000011
11101101110001000010011110000011
00010010010001111010011110000011
00001111111101110111011100010011
11101101110001000010011010000011
00000000111101101000011110110011
00010010111001111000010000100011
00000000000100000000010110010011
11101101110001000010010100000011
00000000000000000000000000010011
11111110110001000010011110000011
00000000000101111000011110010011
11111110111101000010011000100011
11101101110001000010011110000011
00010001000001111010011110000011
11111110110001000010011100000011
11111010111101110100111011100011
11101101110001000010011110000011
00010000000001111010011000100011
11101101110001000010011110000011
00010000000001111010100000100011
00000000000000000000011110010011
00000000111100000000010100110011
00010010110000010010000010000011
00010010100000010010010000000011
00010011000000010000000100010011
00000000000000001000000001100111
11111110000000010000000100010011
00000000000100010010111000100011
00000000100000010010110000100011
00000010000000010000010000010011
11111110101001000010011000100011
11111110101101000010010000100011
11111110100001000010011110000011
00000000000001111100100001100011
11111110100001000010011100000011
00000011111100000000011110010011
00000000111001111101010001100011
11111110000001000010010000100011
11111110100001000010011110000011
00000011111101111000011110010011
11111110111101000010010000100011
11111110110001000010011110000011
00010000110001111010011110000011
11111110100001000010011100000011
00000000111101110001111001100011
11111110110001000010011110000011
00010001000001111010011110000011
00000000000101111000011100010011
11111110110001000010011110000011
00010000111001111010100000100011
00000010010000000000000001101111
11111110110001000010010100000011
00000000000000000000000000010011
11111110110001000010011110000011
11111110100001000010011100000011
00010000111001111010011000100011
11111110110001000010011110000011
00000000000100000000011100010011
00010000111001111010100000100011
00000000000000000000000000010011
00000001110000010010000010000011
00000001100000010010010000000011
00000010000000010000000100010011
00000000000000001000000001100111
11111101000000010000000100010011
00000010000100010010011000100011
00000010100000010010010000100011
00000011000000010000010000010011
11111100101001000010111000100011
11111100101101000010110000100011
11111100110001000010101000100011
11111101110001000010011110000011
00010001010001111010011110000011
11111101010001000010011100000011
00000100111101110000110001100011
11111101110001000010011110000011
00010010100001111000011110010011
11111101110001000010011100000011
00010010010001110010011100000011
00000000111001111000011010110011
11111101110001000010011100000011
11111101010001000010011110000011
00000000111101110000011110110011
00000000110001111100011110000011
00000000111100000000011000110011
00010000000000010000011110110111
00000000100001111000010110010011
00000000110100000000010100110011
00000000000000000000000000010011
11111110101001000010011000100011
11111110110001000010010110000011
11111101110001000010010100000011
00000000000000000000000000010011
11111101110001000010011110000011
11111101010001000010011100000011
00010000111001111010101000100011
00000000000000000000000000010011
00000010110000010010000010000011
00000010100000010010010000000011
00000011000000010000000100010011
00000000000000001000000001100111
11111101000000010000000100010011
00000010000100010010011000100011
00000010100000010010010000100011
00000011000000010000010000010011
11111100101001000010111000100011
00000001110000000000000001101111
11111110110001000010011110000011
00000000000001111010011100000011
11111101110001000010011110000011
00010000111001111010111000100011
11111110110001000010010100000011
00000000000000000000000000010011
11111101110001000010011110000011
00010001110001111010011110000011
11111110111101000010011000100011
11111110110001000010011110000011
11111100000001111001110011100011
00000000000000000000000000010011
00000000000000000000000000010011
00000010110000010010000010000011
00000010100000010010010000000011
00000011000000010000000100010011
00000000000000001000000001100111
11111101000000010000000100010011
00000010100000010010011000100011
00000011000000010000010000010011
11111100101001000010111000100011
11111100101101000010110000100011
11111101110001000010011110000011
00010001100001111010011110000011
11111110111101000010011000100011
11111110110001000010011100000011
11111101100001000010011110000011
00000100111101110001010001100011
11111101100001000010011110000011
00000000000001111010011100000011
11111101110001000010011110000011
00010000111001111010110000100011
00000100000000000000000001101111
11111110110001000010011110000011
00000000000001111010011110000011
11111101100001000010011100000011
00000000111101110001110001100011
11111101100001000010011110000011
00000000000001111010011100000011
11111110110001000010011110000011
00000000111001111010000000100011
00000001110000000000000001101111
11111110110001000010011110000011
00000000000001111010011110000011
11111110111101000010011000100011
11111110110001000010011110000011
00000000000001111010011110000011
11111100000001111001010011100011
11111101110001000010011110000011
00010001110001111010011100000011
11111101100001000010011110000011
00000000111001111010000000100011
11111101110001000010011110000011
11111101100001000010011100000011
00010000111001111010111000100011
00000000000000000000000000010011
00000010110000010010010000000011
00000011000000010000000100010011
00000000000000001000000001100111
11111011000000010000000100010011
00000100000100010010011000100011
00000100100000010010010000100011
00000101000000010000010000010011
11111100101001000010011000100011
11111100101101000010010000100011
11111100110001000010001000100011
11111100110101000010000000100011
11111010111001000010111000100011
11111100110001000010011110000011
00010001110001111010011110000011
11111110111101000010011000100011
11111110110001000010011110000011
00000000000001111000110001100011
11111110110001000010011110000011
00000000000001111010011100000011
11111100110001000010011110000011
00010000111001111010111000100011
00000010010000000000000001101111
00000001010000000000010100010011
00000000000000000000000000010011
00000000101000000000011110110011
11111110111101000010011000100011
11111110110001000010011110000011
00000000000001111001011001100011
11111111111100000000011110010011
00001110100000000000000001101111
11111110110001000010011110000011
11111100100001000010011100000011
00000000111001111010001000100011
11111110110001000010011110000011
11111100010001000010011100000011
00000000111001111010010000100011
11111110110001000010011110000011
11111100000001000010011100000011
00000000111001111010011000100011
11111110110001000010011110000011
11111011110001000010011100000011
00000000111001111010100000100011
11111100110001000010011110000011
00010001100001111010011110000011
11111100111101000010101000100011
11111101010001000000011110010011
11111110111101000010010000100011
00000101100000000000000001101111
11111110110001000010011110000011
00000000100001111010011100000011
11111110100001000010011110000011
00000000000001111010011110000011
00000000100001111010011110000011
00000100111101110100100001100011
11111110110001000010011110000011
00000000100001111010011100000011
11111110100001000010011110000011
00000000000001111010011110000011
00000000100001111010011110000011
00000000111101110001111001100011
11111110110001000010011110000011
00000000110001111010011100000011
11111110100001000010011110000011
00000000000001111010011110000011
00000000110001111010011110000011
00000010111001111100010001100011
11111110100001000010011110000011
00000000000001111010011110000011
11111110111101000010010000100011
11111110100001000010011110000011
00000000000001111010011110000011
11111010000001111001001011100011
00000001000000000000000001101111
00000000000000000000000000010011
00000000100000000000000001101111
00000000000000000000000000010011
11111110100001000010011110000011
00000000000001111010011100000011
11111110110001000010011110000011
00000000111001111010000000100011
11111110100001000010011110000011
11111110110001000010011100000011
00000000111001111010000000100011
11111101010001000010011100000011
11111100110001000010011110000011
00010000111001111010110000100011
00000000000000000000011110010011
00000000111100000000010100110011
00000100110000010010000010000011
00000100100000010010010000000011
00000101000000010000000100010011
00000000000000001000000001100111
11111101000000010000000100010011
00000010000100010010011000100011
00000010100000010010010000100011
00000011000000010000010000010011
11111100101001000010111000100011
11111100101101000010110000100011
11111100110001000010101000100011
11111100110101000010100000100011
11111110000001000010011000100011
00010011000000000000000001101111
11111110110001000010011110000011
11111101000001000010011100000011
00000000111101110000011110110011
00000000000001111100011110000011
00010000000001111000011001100011
11111110110001000010011110000011
00000000000101111000011110010011
11111110111101000010010000100011
00001011010000000000000001101111
11111110100001000010011110000011
11111101000001000010011100000011
00000000111101110000011110110011
00000000000001111100011110000011
00001000000001111001100001100011
00000000000100000000011110010011
11111110111101000010001000100011
00000011000000000000000001101111
11111110100001000010011100000011
11111110010001000010011110000011
00000000111101110000011110110011
00000000111100000000011100110011
11111101000001000010011110000011
00000000111001111000011110110011
00000000000001111100011110000011
00000010000001111001010001100011
11111110010001000010011110000011
00000000000101111000011110010011
11111110111101000010001000100011
11111110100001000010011100000011
11111110010001000010011110000011
00000000111101110000011110110011
11111101010001000010011100000011
11111100111001111100001011100011
00000000100000000000000001101111
00000000000000000000000000010011
11111110010001000010011100000011
00000000100100000000011110010011
00000100111001111100011001100011
11111110100001000010011100000011
11111110010001000010011110000011
00000000111101110000011110110011
11111101010001000010011100000011
00000010111001111101110001100011
11111110100001000010011100000011
11111110010001000010011110000011
00000000111101110000011110110011
11111111111101111000011110010011
11111110111101000010010000100011
00000000100000000000000001101111
00000000000000000000000000010011
11111110100001000010011110000011
00000000000101111000011110010011
11111110111101000010010000100011
11111110100001000010011100000011
11111101010001000010011110000011
11110100111101110100010011100011
11111101000001000010011100000011
11111110100001000010011010000011
11111110110001000010011000000011
11111101100001000010010110000011
11111101110001000010010100000011
00000000000000000000000000010011
11111110101001000010000000100011
11111110000001000010011110000011
00000000000001111000011001100011
11111110000001000010011110000011
00000011010000000000000001101111
11111110100001000010011110000011
11111111111101111000011110010011
11111110111101000010011000100011
00000000100000000000000001101111
00000000000000000000000000010011
11111110110001000010011110000011
00000000000101111000011110010011
11111110111101000010011000100011
11111110110001000010011100000011
11111101010001000010011110000011
11101100111101110100011011100011
00000000000000000000011110010011
00000000111100000000010100110011
00000010110000010010000010000011
00000010100000010010010000000011
00000011000000010000000100010011
00000000000000001000000001100111
11111101000000010000000100010011
00000010000100010010011000100011
00000010100000010010010000100011
00000011000000010000010000010011
11111110101001000010011000100011
11111110101101000010010000100011
11111110110001000010001000100011
11111110110101000010000000100011
11111100111001000010111000100011
11111100111101000010110000100011
11111101110001000010011100000011
00000000001000000000011110010011
00000000111101110001100001100011
11111101100001000010011100000011
11111111111100000000011110010011
00000100111101110001001001100011
11111110000001000010011110000011
00000000010001111010011110000011
00000000111100000000011000110011
11111110100001000010010110000011
11111110110001000010010100000011
00000000000000000000000000010011
00000010100000000000000001101111
11111110010001000010011100000011
11111101100001000010011110000011
00000000111101110000100001100011
00000000000000000000010110010011
11111110110001000010010100000011
00000000000000000000000000010011
11111110010001000010011110000011
00000000000101111000011110010011
11111110111101000010001000100011
11111110000001000010011110000011
00000000100001111010011110000011
11111110010001000010011100000011
11111100111101110100100011100011
00000011110000000000000001101111
11111110010001000010011100000011
11111101100001000010011110000011
00000010111101110000001001100011
11111110000001000010011110000011
00000001000001111010011100000011
11111110010001000010011110000011
00000000111101110000011110110011
00000000000001111100011110000011
00000000111100000000010110110011
11111110110001000010010100000011
00000000000000000000000000010011
11111110010001000010011110000011
00000000000101111000011110010011
11111110111101000010001000100011
11111110000001000010011110000011
00000000110001111010011110000011
11111110010001000010011100000011
11111010111101110100111011100011
11111110110001000010010100000011
00000000000000000000000000010011
11111110010001000010011110000011
00000000111100000000010100110011
00000010110000010010000010000011
00000010100000010010010000000011
00000011000000010000000100010011
00000000000000001000000001100111
11011010000000010000000100010011
00100100000100010010111000100011
00100100100000010010110000100011
00100110000000010000010000010011
11011010101001000010011000100011
11011010101101000010010000100011
11111111111100000000011110010011
11111100111101000010101000100011
11011010110001000010011110000011
00000000010001111010011110000011
11111100111101000010100000100011
11011010110001000010011110000011
00000000100001111010011110000011
11111100111101000010011000100011
11011010100001000010011110000011
00010010000001111010001000100011
11011010110001000010011110000011
00000001010001111010011110000011
00000001000001111010011110000011
11111100111101000010010000100011
11111100100001000010011110000011
00000000111100000100011001100011
11111111111100000000011110010011
01101000110000000000000001101111
11011010110001000010011110000011
00000001010001111010011110000011
00000010110001111010011110000011
11111100111101000010101000100011
11111100100001000010011100000011
11111101000001000010011110000011
00000010111101110000011110110011
11111100111101000010001000100011
11011010100001000010011110000011
11111111111100000000011100010011
00010000111001111010101000100011
11111100010001000010011110000011
00000000000100000000010110010011
00000000111100000000010100110011
00000000000000000000000000010011
00000000101000000000011110110011
11111100111101000010000000100011
11111100000001000010011110000011
00000000000001111001011001100011
11111111111100000000011110010011
01100011100000000000000001101111
11111110000001000010000000100011
00000100100000000000000001101111
11111110000001000010011110000011
00001111111101111111011100010011
11111110000001000010011110000011
11111111000001000000011010010011
00000000111101101000011110110011
11101100111001111000010000100011
11111110000001000010011110000011
11111111000001000000011100010011
00000000111101110000011110110011
11101100100001111100011100000011
11011010100001000010011010000011
11111110000001000010011110000011
00000000111101101000011110110011
00000000111001111000011000100011
11111110000001000010011110000011
00000000000101111000011110010011
11111110111101000010000000100011
11111110000001000010011100000011
11111100100001000010011110000011
11111010111101110100101011100011
11011010100001000010011110000011
00000000010001111100011110000011
00000010000001111000001001100011
11011010100001000010011110000011
00010010100001111000011100010011
00010000000000010000011110110111
00000000110001111000010110010011
00000000111000000000010100110011
00000000000000000000000000010011
11111100101001000010110000100011
00000010000000000000000001101111
11011010100001000010011110000011
00010010100001111000011100010011
00010000000000010000011110110111
00000001100001111000010110010011
00000000111000000000010100110011
00000000000000000000000000010011
11111100101001000010110000100011
11111101100001000010011110000011
00000000111100000100011001100011
11111111111100000000011110010011
01011000100000000000000001101111
11111101100001000010010110000011
11011010100001000010010100000011
00000000000000000000000000010011
11011010100001000010011110000011
00010010100001111000011110010011
11011010100001000010011100000011
00010010010001110010011100000011
00000000111001111000011100110011
11111100110001000010011010000011
11111101000001000010011000000011
00010000000000010000011110110111
00000010010001111000010110010011
00000000111000000000010100110011
00000000000000000000000000010011
11111100101001000010110000100011
11111101100001000010011110000011
00000000111100000100011001100011
11111111111100000000011110010011
01010011110000000000000001101111
11111101100001000010010110000011
11011010100001000010010100000011
00000000000000000000000000010011
11111100100001000010011100000011
00000000001000000000011110010011
00000000111101110001100001100011
11111101010001000010011100000011
11111111111100000000011110010011
00010110111101110001101001100011
11111110000001000010000000100011
00010011110000000000000001101111
11011010100001000010011110000011
00010010100001111000011110010011
11011010100001000010011100000011
00010010010001110010011100000011
00000000111001111000010100110011
11011010100001000010011100000011
11111110000001000010011110000011
00000000111101110000011110110011
00000000110001111100011110000011
00000000111100000000100000110011
11011010110001000010011110000011
00000001010001111010011110000011
00000000010001111010011010000011
11111110000001000010011100000011
00000000111000000000011110110011
00000000000101111001011110010011
00000000111001111000011110110011
00000000111101101000011110110011
00000000000001111100011110000011
00000000111100000000011100110011
00000110010000000000011110010011
00000010111101110000011110110011
00000111111101111000011100010011
00001111111100000000011110010011
00000010111101110100011000110011
11011010110001000010011110000011
00000001010001111010011110000011
00000000010001111010011010000011
11111110000001000010011100000011
00000000111000000000011110110011
00000000000101111001011110010011
00000000111001111000011110110011
00000000000101111000011110010011
00000000111101101000011110110011
00000000000001111100011110000011
00000000111100000000011100110011
00000110010000000000011110010011
00000010111101110000011110110011
00000111111101111000011100010011
00001111111100000000011110010011
00000010111101110100010110110011
11011010110001000010011110000011
00000001010001111010011110000011
00000000010001111010011010000011
11111110000001000010011100000011
00000000111000000000011110110011
00000000000101111001011110010011
00000000111001111000011110110011
00000000001001111000011110010011
00000000111101101000011110110011
00000000000001111100011110000011
00000000111100000000011100110011
00000110010000000000011110010011
00000010111101110000011110110011
00000111111101111000011100010011
00001111111100000000011110010011
00000010111101110100011110110011
00000000101100000000011100110011
00000000110000000000011010110011
00000001000000000000011000110011
00010000000000010000010110110111
00000011000001011000010110010011
00000000000000000000000000010011
11111100101001000010110000100011
11111101100001000010011110000011
00000000111100000100011001100011
11111111111100000000011110010011
01000000000000000000000001101111
11111101100001000010010110000011
11011010100001000010010100000011
00000000000000000000000000010011
11111101100001000010011110000011
00000000111100000100011001100011
11111111111100000000011110010011
00111110010000000000000001101111
11111110000001000010011110000011
00000000000101111000011110010011
11111110111101000010000000100011
11111110000001000010011100000011
11111100100001000010011110000011
11101100111101110100000011100011
11011010100001000010011110000011
00010010010001111010011110000011
11011010100001000010011100000011
00000000111101110000011110110011
00000000101000000000011100010011
00010010111001111000010000100011
00000000000100000000010110010011
11011010100001000010010100000011
00000000000000000000000000010011
11111110000001000010001000100011
11111110010001000010011110000011
11111110111101000010010000100011
00101011100000000000000001101111
11111110000001000010011000100011
00001100110000000000000001101111
11011010110001000010011110000011
00000000000001111010011110000011
11111110100001000010011010000011
11111101000001000010011100000011
00000010111001101000011010110011
11111110110001000010011100000011
00000000111001101000011100110011
00000000111001111000011110110011
00000000000001111100011110000011
11111010111101000010110000100011
11111011100001000010011110000011
00001000000001111100100001100011
11111011100001000010011100000011
11111100100001000010011110000011
00001000111101110101001001100011
11111011100001000010011100000011
11111101010001000010011110000011
00000110111101110000110001100011
11111011100001000010011100000011
11111101000001000010011110000011
00000010111101110000011100110011
11111110110001000010011110000011
00000000111101110000011110110011
00000000111100000000011100110011
11111100000001000010011110000011
00000000111001111000011110110011
00000000000001111100011110000011
00000001100001111001011100010011
01000001100001110101011100010011
11111110010001000010011110000011
00000000000100000000011010010011
00000000111101101001011110110011
00000001100001111001011110010011
01000001100001111101011110010011
00000000111101110110011110110011
00000001100001111001011010010011
01000001100001101101011010010011
11111011100001000010011100000011
11111101000001000010011110000011
00000010111101110000011100110011
11111110110001000010011110000011
00000000111101110000011110110011
00000000111100000000011100110011
11111100000001000010011110000011
00000000111001111000011110110011
00001111111101101111011100010011
00000000111001111000000000100011
11111110110001000010011110000011
00000000000101111000011110010011
11111110111101000010011000100011
11111110110001000010011100000011
11111101000001000010011110000011
11110010111101110100100011100011
11111110010001000010011110000011
00000000000101111000011110010011
11111110111101000010001000100011
11111110010001000010011100000011
00000000010100000000011110010011
00000000111001111100101001100011
11111110100001000010011110000011
00000000000101111000011110010011
11111100110001000010011100000011
00011010111001111100001001100011
11111110000001000010000000100011
00000101000000000000000001101111
11111110000001000010011100000011
11111101000001000010011110000011
00000010111101110000011110110011
00000000111100000000011100110011
11111100000001000010011110000011
00000000111001111000011110110011
00000000111100000000011010110011
11111101000001000010011000000011
11111110000001000010010110000011
11011010100001000010010100000011
00000000000000000000000000010011
11111010101001000010111000100011
11111011110001000010011110000011
00000000000001111000011001100011
11111011110001000010011110000011
00100100110000000000000001101111
11111110000001000010011110000011
00000000000101111000011110010011
11111110111101000010000000100011
11111110000001000010011100000011
11111100100001000010011110000011
11111010111101110100011011100011
11111110000001000010011000100011
00001101100000000000000001101111
11111101110001000010011110000011
00000000100001111010011110000011
11111110110001000010011100000011
00000010111001111101011001100011
11011010100001000010011110000011
00010010010001111010011110000011
11011010100001000010011100000011
00000000111101110000011110110011
00000010010000000000011100010011
00010010111001111000010000100011
00000000000100000000010110010011
11011010100001000010010100000011
00000000000000000000000000010011
11111110000001000010011000100011
11111101010001000010011110000011
11111100100001000010011100000011
11111101110001000010011010000011
11111110110001000010011000000011
11011010110001000010010110000011
11011010100001000010010100000011
00000000000000000000000000010011
11111110101001000010011000100011
11111101110001000010010110000011
11011010100001000010010100000011
00000000000000000000000000010011
11011010100001000010011110000011
00010001100001111010011110000011
11111100111101000010111000100011
00000101110000000000000001101111
11111101110001000010011110000011
00000000100001111010011110000011
11111110110001000010011100000011
00000000111001111101101001100011
11111101110001000010011110000011
00000000000001111010011110000011
11111100111101000010111000100011
00000011110000000000000001101111
11111101010001000010011110000011
11111100100001000010011100000011
11111101110001000010011010000011
11111110110001000010011000000011
11011010110001000010010110000011
11011010100001000010010100000011
00000000000000000000000000010011
11111110101001000010011000100011
11111101110001000010010110000011
11011010100001000010010100000011
00000000000000000000000000010011
11011010100001000010011110000011
00010001100001111010011110000011
11111100111101000010111000100011
11111101110001000010011110000011
11111010000001111001001011100011
11011010100001000010011110000011
00010001100001111010011110000011
11111100111101000010111000100011
11111101110001000010011110000011
11110000000001111001111011100011
11011010100001000010011110000011
00010010010001111010011110000011
11011010100001000010011100000011
00000000111101110000011110110011
00000010110100000000011100010011
00010010111001111000010000100011
00000000000100000000010110010011
11011010100001000010010100000011
00000000000000000000000000010011
11111101100001000010011110000011
00000000111100000100011001100011
11111111111100000000011110010011
00010001000000000000000001101111
11111110000001000010001000100011
11111100010001000010011110000011
00000000111100000000011000110011
00000000000000000000010110010011
11111100000001000010010100000011
00000000000000000000000000010011
00000000100000000000000001101111
00000000000000000000000000010011
11111110100001000010011110000011
00000000000101111000011110010011
11111110111101000010010000100011
11111110100001000010011100000011
11111100110001000010011110000011
11010100111101110100001011100011
11011010100001000010011110000011
00000000010001111100011110000011
00000010000001111000011001100011
11011010100001000010011110000011
00010010010001111010011110000011
11011010100001000010011100000011
00000000111101110000011110110011
11111001110000000000011100010011
00010010111001111000010000100011
00000000000100000000010110010011
11011010100001000010010100000011
00000000000000000000000000010011
00000100010000000000000001101111
11011010100001000010011110000011
00010010010001111010011110000011
11011010100001000010011100000011
00000000111101110000011110110011
00000001101100000000011100010011
00010010111001111000010000100011
11011010100001000010011110000011
00010010010001111010011110000011
00000000000101111000011110010011
11011010100001000010011100000011
00000000111101110000011110110011
00000101110000000000011100010011
00010010111001111000010000100011
00000000001000000000010110010011
11011010100001000010010100000011
00000000000000000000000000010011
11111101100001000010011110000011
00000000111100000100011001100011
11111111111100000000011110010011
00000101010000000000000001101111
11011010100001000010011110000011
00010010010001111010011110000011
00000010111100000101101001100011
11011010100001000010011110000011
00000000100001111010100000000011
11011010100001000010011110000011
00010010100001111000011100010011
11011010100001000010011110000011
00010010010001111010011010000011
11011010100001000010011110000011
00010010000001111010011110000011
00000000111100000000011000110011
00000000110100000000010110110011
00000000111000000000010100110011
00000000000010000000000011100111
11011010100001000010010100000011
00000000000000000000000000010011
11111100000001000010010100000011
00000000000000000000000000010011
00000000000000000000011110010011
00000000111100000000010100110011
00100101110000010010000010000011
00100101100000010010010000000011
00100110000000010000000100010011
00000000000000001000000001100111
11111100000000010000000100010011
00000010000100010010111000100011
00000010100000010010110000100011
00000100000000010000010000010011
11111100101001000010111000100011
11111100101101000010110000100011
11111100110001000010101000100011
11111100110101000010100000100011
11111100111001000010011000100011
11111100111101000010010000100011
11111100110001000010011110000011
00000000000100000000011100010011
11111101000001000010011010000011
11111101010001000010011000000011
11111101100001000010010110000011
11111101110001000010010100000011
00000000000000000000000000010011
11111110101001000010011000100011
11111110110001000010011110000011
00000000000001111001011001100011
11111111111100000000011110010011
00000011100000000000000001101111
11111110110001000010010100000011
00000000000000000000000000010011
11111110101001000010010000100011
11111110100001000010011110000011
00000000000001111000011001100011
11111110100001000010011110000011
00000001110000000000000001101111
11111100100001000010010110000011
11111110110001000010010100000011
00000000000000000000000000010011
11111110110001000010010100000011
00000000000000000000000000010011
00000000000000000000011110010011
00000000111100000000010100110011
00000011110000010010000010000011
00000011100000010010010000000011
00000100000000010000000100010011
00000000000000001000000001100111
