11111100000000010000000100010011
00000010100000010010111000100011
00000100000000010000010000010011
11111100101001000010110000100011
11111100101101000010111000100011
11111100110001000010101000100011
11111100111001000010011000100011
11111100111101000010010000100011
11111101000001000010001000100011
00000000110100000000011110110011
11111100111101000000100110100011
11111100010001000010011110000011
00000000000001111001011001100011
11111110100001000000011110010011
11111100111101000010001000100011
11111100010001000010011110000011
00000000000001111010000000100011
11111100110001000010011110000011
00000000000001111000101001100011
11111100100001000010011110000011
00000000000001111001011001100011
00000000000100000000011110010011
00100001100000000000000001101111
11111101010001000010011110000011
00000000000001111000100001100011
11111101010001000010011100000011
00000000100000000000011110010011
00000000111001111111011001100011
00000000010000000000011110010011
00011111110000000000000001101111
11111101010001000010011110000011
00000000000100000000011100010011
00000000111101110001011110110011
00001111111101111111011110010011
11111111111101111000011110010011
11111110111101000000011110100011
11111101001101000100011100000011
11111110111101000100011110000011
00000000111101110111011110110011
00001111111101111111011110010011
00000000000001111000011001100011
00000000010000000000011110010011
00011100100000000000000001101111
11111110111101000100011110000011
00001111111101111111011110010011
00000000111100000000111000110011
00000000000000000000111010010011
11111101110001000010011110000011
00000001110100000000011100110011
00000000111001111110111001100011
11111101110001000010011110000011
00000001110100000000011100110011
00000100111001111001001001100011
11111101100001000010011110000011
00000001110000000000011100110011
00000010111001111111110001100011
11111100110001000010011110000011
00000000000001111000111001100011
11111101100001000100011100000011
11111101001101000100011110000011
00000000111101110110011110110011
00001111111101111111011100010011
11111100110001000010011110000011
00000000111001111000000000100011
11111100010001000010011110000011
00000000000100000000011100010011
00000000111001111010000000100011
00000000000000000000011110010011
00010110000000000000000001101111
11111100110001000010011110000011
00000010000001111000101001100011
11111101001101000100011100000011
11111110111101000100011110000011
00000000111101110110011110110011
00001111111101111111011100010011
11111100110001000010011110000011
00000000111001111000000000100011
11111100110001000010011110000011
00000000000101111000011110010011
11111100111101000010011000100011
11111100100001000010011110000011
11111111111101111000011110010011
11111100111101000010010000100011
11111100010001000010011110000011
00000000000001111010011110000011
00000000000101111000011100010011
11111100010001000010011110000011
00000000111001111010000000100011
11111110111101000100011110000011
00001111111101111111011110010011
00000000111100000000001100110011
00000000000000000000001110010011
11111101100001000010011000000011
11111101110001000010011010000011
01000000011001100000011100110011
00000000111000000000010110110011
00000000101101100011010110110011
01000000011101101000011110110011
01000000101101111000011010110011
00000000110100000000011110110011
11111100111001000010110000100011
11111100111101000010111000100011
00001000000000000000000001101111
11111100110001000010011110000011
00000100000001111000000001100011
11111100100001000010011110000011
00000000000001111001011001100011
00000000000100000000011110010011
00001100000000000000000001101111
11111101100001000100011110000011
11111000000001111110011110010011
00001111111101111111011100010011
11111100110001000010011110000011
00000000111001111000000000100011
11111100110001000010011110000011
00000000000101111000011110010011
11111100111101000010011000100011
11111100100001000010011110000011
11111111111101111000011110010011
11111100111101000010010000100011
11111100010001000010011110000011
00000000000001111010011110000011
00000000000101111000011100010011
11111100010001000010011110000011
00000000111001111010000000100011
11111101110001000010011110000011
00000001100101111001011110010011
11111101100001000010011100000011
00000000011101110101011100010011
00000000111101110110011110110011
11111100111101000010110000100011
11111101110001000010011110000011
00000000011101111101011110010011
11111100111101000010111000100011
11111101110001000010011110000011
11111000000001111001000011100011
11111101110001000010011110000011
00000000000001111001100001100011
11111101100001000010011100000011
00000111111100000000011110010011
11110110111001111110011011100011
11111100110001000010011110000011
00000010000001111000000001100011
11111100100001000010011110000011
00000000000001111001011001100011
00000000000100000000011110010011
00000010100000000000000001101111
11111101100001000100011100000011
11111100110001000010011110000011
00000000111001111000000000100011
11111100010001000010011110000011
00000000000001111010011110000011
00000000000101111000011100010011
11111100010001000010011110000011
00000000111001111010000000100011
00000000000000000000011110010011
00000000111100000000010100110011
00000011110000010010010000000011
00000100000000010000000100010011
00000000000000001000000001100111
11111001000000010000000100010011
00000110100000010010011000100011
00000111001000010010010000100011
00000111001100010010001000100011
00000111010000010010000000100011
00000101010100010010111000100011
00000111000000010000010000010011
11111010101001000010011000100011
11111010101101000010010000100011
11111010110001000010001000100011
11111010110101000010000000100011
11111000111001000010111000100011
11111000111101000010110000100011
11111001110001000010011110000011
00000000000001111001011001100011
11111100000001000000011110010011
11111000111101000010111000100011
11111010010001000010011110000011
00000000000001111001011001100011
11111011110001000000011110010011
11111010111101000010001000100011
11111010010001000010011110000011
00000000000001111010000000100011
11111010100001000010011110000011
00000000000001111001011001100011
00000000001000000000011110010011
00100110010000000000000001101111
11111010000001000010011110000011
00000000000001111000100001100011
11111010000001000010011100000011
00000000100000000000011110010011
00000000111001111111011001100011
00000000010000000000011110010011
00100100100000000000000001101111
11111010000001000010011110000011
00000000000100000000011100010011
00000000111101110001011110110011
00001111111101111111011110010011
11111111111101111000011110010011
11111100111101000000101110100011
11111010110001000010011110000011
00000000000001111100011110000011
11111100111101000000101100100011
11111010110001000010011110000011
00000000000101111000011110010011
11111010111101000010011000100011
11111010010001000010011110000011
00000000000001111010011110000011
00000000000101111000011100010011
11111010010001000010011110000011
00000000111001111010000000100011
11111010100001000010011110000011
11111111111101111000011110010011
11111010111101000010010000100011
11111101011001000100011100000011
11111101011101000100011110000011
00000000111101110111011110110011
00001111111101111111011110010011
00000000111100000000101000110011
00000000000000000000101010010011
11111001110001000010011110000011
00000001010001111010000000100011
00000001010101111010001000100011
11111001100001000010011110000011
00000010000001111000010001100011
11111001110001000010011110000011
00000000000001111010011100000011
00000000010001111010011110000011
00001111111101110111011100010011
11111101011001000100011110000011
00000000111101110100011110110011
00001111111101111111011100010011
11111001100001000010011110000011
00000000111001111000000000100011
11111001110001000010011110000011
00000000000001111010011100000011
00000000010001111010011110000011
11111101011101000100011010000011
00001111111101101111011010010011
00000000110100000000100100110011
00000000000000000000100110010011
00000001001100000000011000110011
00000000111100000000011010110011
00010110110001101110111001100011
00000001001100000000011000110011
00000000111100000000011010110011
00000000110101100001100001100011
00000001001000000000011010110011
00000000111000000000011110110011
00010110110101111110001001100011
00000000000100000000011100010011
00000000000000000000011110010011
11111100111001000010110000100011
11111100111101000010111000100011
11111010100001000010011110000011
00000000000001111001011001100011
00000000001000000000011110010011
00010100100000000000000001101111
11111010110001000010011110000011
00000000000001111100011110000011
11111100111101000000101100100011
11111010110001000010011110000011
00000000000101111000011110010011
11111010111101000010011000100011
11111010010001000010011110000011
00000000000001111010011110000011
00000000000101111000011100010011
11111010010001000010011110000011
00000000111001111010000000100011
11111010100001000010011110000011
11111111111101111000011110010011
11111010111101000010010000100011
11111101011001000100011110000011
00001111111101111111011110010011
00000000111100000000111100110011
00000000000000000000111110010011
00000111111111110111100000010011
00000000000011111111100010010011
11111101110001000010011110000011
00000011000001111000011100110011
11111101100001000010011110000011
00000011000101111000011110110011
00000000111101110000011100110011
11111101100001000010011110000011
00000011000001111000011010110011
00000011000001111011001110110011
00000000110100000000001100110011
00000000011101110000011110110011
00000000111100000000001110110011
11111100011001000010010000100011
11111100011101000010011000100011
11111100011001000010010000100011
11111100011101000010011000100011
11111001110001000010011110000011
00000000000001111010011100000011
00000000010001111010011110000011
11111111111101110100111000010011
11111111111101111100111010010011
11111100110001000010011110000011
00000001110100000000011100110011
00000000111101110110111001100011
11111100110001000010011110000011
00000001110100000000011100110011
00000000111001111001110001100011
11111100100001000010011110000011
00000001110000000000011100110011
00000000111101110111011001100011
00000000000100000000011110010011
00000111110000000000000001101111
11111001110001000010011110000011
00000000000001111010011100000011
00000000010001111010011110000011
11111100100001000010010100000011
11111100110001000010010110000011
00000000101001110000011000110011
00000000110000000000001010110011
00000000111000101011001010110011
00000000101101111000011010110011
00000000110100101000011110110011
00000000111100000000011010110011
00000000110000000000011100110011
00000000110100000000011110110011
11111001110001000010011010000011
00000000111001101010000000100011
00000000111101101010001000100011
11111101100001000010011110000011
00000001100101111101011110010011
11111101110001000010011100000011
00000000011101110001011100010011
00000000111101110110011110110011
11111100111101000010111000100011
11111101100001000010011110000011
00000000011101111001011110010011
11111100111101000010110000100011
11111101011001000000011110000011
00000000000001111101010001100011
11101011100111111111000001101111
00000000000000000000000000010011
00000000000000000000011110010011
00000000111100000000010100110011
00000110110000010010010000000011
00000110100000010010100100000011
00000110010000010010100110000011
00000110000000010010101000000011
00000101110000010010101010000011
00000111000000010000000100010011
00000000000000001000000001100111
11111101000000010000000100010011
00000010000100010010011000100011
00000010100000010010010000100011
00000011000000010000010000010011
11111110101001000010011000100011
11111110101101000010010000100011
11111110110001000010001000100011
11111110110101000010000000100011
11111100111001000010111000100011
11111100111101000010110000100011
11111101100001000010100000000011
11111101110001000010011110000011
11111110000001000010011100000011
00000000000000000000011010010011
11111110010001000010011000000011
11111110100001000010010110000011
11111110110001000010010100000011
00000000000000000000000000010011
00000000101000000000011110110011
00000000111100000000010100110011
00000010110000010010000010000011
00000010100000010010010000000011
00000011000000010000000100010011
00000000000000001000000001100111
11111101000000010000000100010011
00000010000100010010011000100011
00000010100000010010010000100011
00000011000000010000010000010011
11111110101001000010011000100011
11111110101101000010010000100011
11111110110001000010001000100011
11111110110101000010000000100011
11111100111001000010111000100011
11111100111101000010110000100011
11111101100001000010100000000011
11111101110001000010011110000011
11111110000001000010011100000011
00001000000000000000011010010011
11111110010001000010011000000011
11111110100001000010010110000011
11111110110001000010010100000011
00000000000000000000000000010011
00000000101000000000011110110011
00000000111100000000010100110011
00000010110000010010000010000011
00000010100000010010010000000011
00000011000000010000000100010011
00000000000000001000000001100111
11111100000000010000000100010011
00000010000100010010111000100011
00000010100000010010110000100011
00000011001000010010101000100011
00000011001100010010100000100011
00000100000000010000010000010011
11111100101001000010111000100011
11111100101101000010110000100011
11111100110001000010101000100011
11111100110101000010100000100011
11111100111001000010011000100011
11111100111101000010010000100011
11111101100001000010010110000011
11111101110001000010010100000011
00000000000000000000000000010011
11111110101001000010011000100011
11111110110001000010011100000011
11111101100001000010011110000011
00001100111101110111000001100011
11111110110001000010011110000011
00000000111100000000100100110011
00000000000000000000100110010011
11111110010001000000011110010011
00000000111100000000100000110011
11111100110001000010011110000011
11111101000001000010011100000011
00001000000000000000011010010011
00000000011100000000011000010011
00000001001000000000010100110011
00000001001100000000010110110011
00000000000000000000000000010011
11111110101001000010010000100011
11111110100001000010011110000011
00000000000001111000011001100011
11111110100001000010011110000011
00001010000000000000000001101111
11111110010001000010011100000011
11111101100001000010011110000011
00000000111101110000011110110011
11111100110001000010011100000011
00000000111101110111011001100011
00000000000100000000011110010011
00001000010000000000000001101111
11111110010001000010011110000011
11111101000001000010011100000011
00000000111101110000011010110011
11111110010001000010011110000011
11111100110001000010011100000011
01000000111101110000011100110011
11111110000001000000011110010011
11111101010001000010011000000011
11111101100001000010010110000011
11111101110001000010010100000011
00000000000000000000000000010011
11111110101001000010010000100011
11111110100001000010011110000011
00000000000001111000011001100011
11111110100001000010011110000011
00000100010000000000000001101111
11111110010001000010011100000011
11111110000001000010011110000011
00000000111101110000011100110011
11111100100001000010011110000011
00000000111001111010000000100011
00000000000000000000011110010011
00000010100000000000000001101111
11111100100001000010100000000011
11111100110001000010011110000011
11111101000001000010011100000011
00000000000000000000011010010011
11111101010001000010011000000011
11111101100001000010010110000011
11111101110001000010010100000011
00000000000000000000000000010011
00000000101000000000011110110011
00000000111100000000010100110011
00000011110000010010000010000011
00000011100000010010010000000011
00000011010000010010100100000011
00000011000000010010100110000011
00000100000000010000000100010011
00000000000000001000000001100111
11111011000000010000000100010011
00000100000100010010011000100011
00000100100000010010010000100011
00000101001000010010001000100011
00000101001100010010000000100011
00000101000000010000010000010011
11111100101001000010011000100011
11111100101101000010010000100011
11111100110001000010001000100011
11111100110101000010000000100011
11111010111001000010111000100011
11111010111101000010110000100011
11111100010001000010011110000011
00000000000001111001011001100011
11111101000001000000011110010011
11111100111101000010001000100011
11111101011101000000011110010011
11111101100001000000011100010011
11111110100001000000011000010011
00000000011100000000011010010011
11111100100001000010010110000011
11111100110001000010010100000011
00000000000000000000000000010011
11111110101001000010011000100011
11111110100001000010011100000011
11111100010001000010011110000011
00000000111001111010000000100011
11111110110001000010011110000011
00000000000001111000011001100011
11111110110001000010011110000011
00010000110000000000000001101111
11111101011101000100011110000011
00000001100001111001011110010011
01000001100001111101011110010011
00000110000001111101001001100011
11111110100001000010011110000011
11111100110001000010011100000011
00000000111101110000010100110011
11111110100001000010011110000011
11111100100001000010011100000011
01000000111101110000010110110011
11111110010001000000011000010011
11111011100001000010011110000011
11111011110001000010011100000011
11111100000001000010011010000011
00000000000000000000000000010011
11111110101001000010011000100011
11111100010001000010011110000011
00000000000001111010011100000011
11111110010001000010011110000011
00000000111101110000011100110011
11111100010001000010011110000011
00000000111001111010000000100011
11111110110001000010011110000011
00000000000001111000011001100011
11111110110001000010011110000011
00001010010000000000000001101111
00000000000000000000011110010011
00001001110000000000000001101111
11111011110001000010011110000011
00000000111100000000100100110011
00000000000000000000100110010011
11111101100001000010011100000011
11111101110001000010011110000011
00000000111100000000011000110011
00000001001100000000011010110011
00000000110001101110110001100011
00000000111100000000011000110011
00000001001100000000011010110011
00000000110101100001101001100011
00000001001000000000011110110011
00000000111001111111011001100011
00000000000100000000011110010011
00000110000000000000000001101111
11111110100001000010011110000011
11111100110001000010011100000011
00000000111101110000011010110011
11111101100001000010011100000011
11111101110001000010011110000011
00000000111000000000011110110011
00000000111100000000011000110011
11111100000001000010010110000011
00000000110100000000010100110011
00000000000000000000000000010011
11111100010001000010011110000011
00000000000001111010011010000011
11111101100001000010011100000011
11111101110001000010011110000011
00000000111000000000011110110011
00000000111101101000011100110011
11111100010001000010011110000011
00000000111001111010000000100011
11111101100001000010011100000011
11111101110001000010011110000011
11111011100001000010011110000011
00000000111001111010000000100011
00000000000000000000011110010011
00000000111100000000010100110011
00000100110000010010000010000011
00000100100000010010010000000011
00000100010000010010100100000011
00000100000000010010100110000011
00000101000000010000000100010011
00000000000000001000000001100111
11111011000000010000000100010011
00000100100000010010011000100011
00000101000000010000010000010011
11111100101001000010011000100011
11111100101101000010010000100011
11111100110001000010001000100011
11111100110101000010000000100011
11111010111001000010111000100011
11111010111101000010110000100011
00010000000000010001011110110111
10000000100001111000011110010011
00000000000001111010011110000011
11111110111101000010011000100011
11111011100001000010011110000011
00000000000001111001011001100011
11111110000001000000011110010011
11111010111101000010110000100011
11111100010001000010011110000011
00000000000001111001011001100011
11111101110001000000011110010011
11111100111101000010001000100011
11111100010001000010011110000011
00000000000001111010000000100011
11111100010001000010011110000011
00000000000001111010011100000011
11111011100001000010011110000011
00000000111001111010000000100011
11111100100001000010011110000011
00000000000001111001011001100011
00000000000000000000011110010011
00011100000000000000000001101111
11111100000001000010011110000011
00011000000001111000110001100011
11111011110001000010011110000011
00011000000001111001100001100011
00000000000100000000011110010011
00011010100000000000000001101111
11111100110001000010011110000011
00000000000001111100011110000011
11111110111101000000001110100011
11111100110001000010011110000011
00000000000101111000011110010011
11111100111101000010011000100011
11111100010001000010011110000011
00000000000001111010011110000011
00000000000101111000011100010011
11111100010001000010011110000011
00000000111001111010000000100011
11111100100001000010011110000011
11111111111101111000011110010011
11111100111101000010010000100011
11111000000000000000011110010011
11111110111101000000010010100011
00000111111100000000011110010011
11111110111101000000010000100011
00010011010000000000000001101111
11111110011101000100011100000011
11111110100101000100011110000011
00000000111101110111011110110011
00001111111101111111011110010011
11111110100101000100011100000011
00000000111101110001100001100011
11111110110001000010011110000011
11111110111101000001010100100011
00000001000000000000000001101111
11111110110001000010011110000011
00000001000001111101011110010011
11111110111101000001010100100011
11111110101001000001011110000011
00001100000001111101010001100011
11111110101001000101011100000011
00000000000000001000011110110111
00000000000001111000011110010011
11111111111101111000011110010011
00000000111101110111011110110011
11111110111101000001010100100011
11111110101001000101011100000011
00001111111100000000011110010011
00000000111001111111011001100011
00000000001100000000011110010011
00001111100000000000000001101111
11111100000001000010011110000011
00000010000001111000011001100011
11111110101001000101011110000011
00001111111101111111011100010011
11111100000001000010011110000011
00000000111001111000000000100011
11111100000001000010011110000011
00000000000101111000011110010011
11111100111101000010000000100011
11111011110001000010011110000011
11111111111101111000011110010011
11111010111101000010111000100011
11111011100001000010011110000011
00000000000001111010011110000011
00000000000101111000011100010011
11111011100001000010011110000011
00000000111001111010000000100011
11111100100001000010011110000011
00000010000001111001001001100011
11111110011101000100011100000011
11111110100001000100011110000011
00000000111101110111011110110011
00001111111101111111011110010011
11111110100001000100011100000011
00000000111101110001011001100011
11111110000001000010011000100011
00000111100000000000000001101111
11111100000001000010011110000011
00000000000001111000101001100011
11111011110001000010011110000011
00000000000001111001011001100011
00000000000100000000011110010011
00000111010000000000000001101111
00010000000000010001011110110111
10000000100001111000011110010011
00000000000001111010011110000011
11111110111101000010011000100011
00000010000000000000000001101111
11111110101001000101011110000011
00010000000000010001011100110111
10000000100001110000011100010011
00000000001001111001011110010011
00000000111101110000011110110011
00000000000001111010011110000011
11111110111101000010011000100011
11111110100101000100011110000011
00000000000101111101011110010011
11111110111101000000010010100011
11111110100001000100011110000011
00000000000101111101011110010011
11111110111101000000010000100011
11111110100101000100011110000011
11101100000001111001011011100011
11111100100001000010011110000011
11100110000001111001110011100011
00000000000000000000000000010011
11111110110001000010011110000011
00000000000001111000011001100011
00000000001000000000011110010011
00000000100000000000000001101111
00000000000000000000011110010011
00000000111100000000010100110011
00000100110000010010010000000011
00000101000000010000000100010011
00000000000000001000000001100111
11111010000000010000000100010011
00000100100000010010111000100011
00000110000000010000010000010011
11111010101001000010111000100011
11111010101101000010110000100011
11111010110001000010101000100011
11111010110101000010100000100011
11111010111001000010011000100011
11111010111101000010010000100011
00000000000000000000011100010011
00000000000000000000011110010011
11111110111001000010010000100011
11111110111101000010011000100011
11111110000001000000001110100011
11111010100001000010011110000011
00000000000001111001011001100011
11111100010001000000011110010011
11111010111101000010010000100011
11111011010001000010011110000011
00000000000001111001011001100011
11111100000001000000011110010011
11111010111101000010101000100011
11111011010001000010011110000011
00000000000001111010000000100011
11111011010001000010011110000011
00000000000001111010011100000011
11111010100001000010011110000011
00000000111001111010000000100011
00100010000000000000000001101111
11111011000001000010011110000011
00000000000001111000101001100011
11111010110001000010011110000011
00000000000001111001011001100011
00000000000100000000011110010011
00101101100000000000000001101111
11111011110001000010011110000011
00000000000001111100011110000011
00000000111100000000011010110011
00010000000000010000011110110111
00000000000001111000011100010011
00000000001101101001011110010011
00000000111101110000011110110011
00000000000001111010011100000011
11111100111001000010010000100011
00000000010001111010011110000011
11111100111101000010011000100011
11111011110001000010011110000011
00000000000101111000011110010011
11111010111101000010111000100011
11111011010001000010011110000011
00000000000001111010011110000011
00000000000101111000011100010011
11111011010001000010011110000011
00000000111001111010000000100011
11111011100001000010011110000011
11111111111101111000011110010011
11111010111101000010110000100011
11111100110001000100011110000011
11111110000001111000011100010011
00000000000001110100101001100011
11111110100001000010011110000011
00000000111001111001100010110011
00000000000000000000100000010011
00000010110000000000000001101111
11111110100001000010011100000011
00000000000101110101011010010011
00000001111100000000011100010011
01000000111101110000011100110011
00000000111001101101011100110011
11111110110001000010011010000011
00000000111101101001100010110011
00000001000101110110100010110011
11111110100001000010011100000011
00000000111101110001100000110011
11111100100001000010011110000011
00000000111100000000111100110011
00000000000000000000111110010011
00000001111010000110011110110011
11111110111101000010010000100011
00000001111110001110011110110011
11111110111101000010011000100011
11111100110001000100011100000011
11111110011101000100011110000011
00000000111101110000011110110011
11111110111101000000001110100011
00010011000000000000000001101111
11111011000001000010011110000011
00010000000001111000010001100011
11111110011101000100011110000011
11111111100001111000011110010011
11111110111101000000001100100011
11111110011001000100011110000011
11111110000001111000011100010011
00000000000001110100110001100011
00001111111100000000011110010011
00000000111001111001011110110011
11111100111101000010111000100011
11111100000001000010110000100011
00000011010000000000000001101111
00001111111100000000011100010011
00000000000101110101011010010011
00000001111100000000011100010011
01000000111101110000011100110011
00000000111001101101011100110011
00000000000000000000011010010011
00000000111101101001011010110011
00000000111001101110011100110011
11111100111001000010111000100011
00001111111100000000011100010011
00000000111101110001011110110011
11111100111101000010110000100011
11111110100001000010011100000011
11111101100001000010011110000011
00000000111101110111011110110011
11111100111101000010100000100011
11111110110001000010011100000011
11111101110001000010011110000011
00000000111101110111011110110011
11111100111101000010101000100011
11111110011001000100011110000011
11111110000001111000011100010011
00000000000001110100101001100011
11111101010001000010011110000011
00000000111001111101111000110011
00000000000000000000111010010011
00000010110000000000000001101111
11111101010001000010011100000011
00000000000101110001011010010011
00000001111100000000011100010011
01000000111101110000011100110011
00000000111001101001011100110011
11111101000001000010011010000011
00000000111101101101111000110011
00000001110001110110111000110011
11111101010001000010011100000011
00000000111101110101111010110011
00001111111111100111011100010011
11111011000001000010011110000011
00000000111001111000000000100011
11111011000001000010011110000011
00000000000101111000011110010011
11111010111101000010100000100011
11111010110001000010011110000011
11111111111101111000011110010011
11111010111101000010011000100011
11111110100001000010011100000011
11111101000001000010011110000011
00000000111101110100011110110011
11111110111101000010010000100011
11111110110001000010011100000011
11111101010001000010011110000011
00000000111101110100011110110011
11111110111101000010011000100011
11111010100001000010011110000011
00000000000001111010011110000011
00000000000101111000011100010011
11111010100001000010011110000011
00000000111001111010000000100011
11111110011101000100011110000011
11111111100001111000011110010011
11111110111101000000001110100011
11111110011101000100011100000011
00000000011100000000011110010011
11101100111001111110011011100011
11111011100001000010011110000011
11011110000001111001000011100011
11111110011101000100011110000011
00001100000001111000000001100011
11111011000001000010011110000011
00001010000001111000001001100011
11111110011101000100011110000011
00000000100000000000011100010011
01000000111101110000011110110011
11111110111101000000001100100011
11111110011001000100011110000011
00000000000100000000011100010011
00000000111101110001011110110011
11111111111101111000011110010011
11111100111101000010110000100011
01000001111101111101011110010011
11111100111101000010111000100011
11111110011001000100011110000011
11111110000001111000011100010011
00000000000001110100101001100011
11111110100001000010011110000011
00000000111001111001001110110011
00000000000000000000001100010011
00000010110000000000000001101111
11111110100001000010011100000011
00000000000101110101011010010011
00000001111100000000011100010011
01000000111101110000011100110011
00000000111001101101011100110011
11111110110001000010011010000011
00000000111101101001001110110011
00000000011101110110001110110011
11111110100001000010011100000011
00000000111101110001001100110011
00001111111100110111011100010011
11111101100001000100011110000011
00000000111101110110011110110011
00001111111101111111011100010011
11111011000001000010011110000011
00000000111001111000000000100011
11111011000001000010011110000011
00000000000101111000011110010011
11111010111101000010100000100011
11111010110001000010011110000011
11111111111101111000011110010011
11111010111101000010011000100011
11111010100001000010011110000011
00000000000001111010011110000011
00000000000101111000011100010011
11111010100001000010011110000011
00000000111001111010000000100011
00000000000000000000011110010011
00000000111100000000010100110011
00000101110000010010010000000011
00000110000000010000000100010011
00000000000000001000000001100111
11111101000000010000000100010011
00000010100000010010011000100011
00000011000000010000010000010011
11111100101001000010111000100011
11111100101101000010110000100011
00000000011100000000011110010011
11111110111101000010011000100011
00000100110000000000000001101111
11111101110001000010011110000011
00000000000001111100011110000011
00000000111100000000011010110011
00010000000000010000011110110111
00000000000001111000011100010011
00000000001101101001011110010011
00000000111101110000011110110011
00000000010001111100011110000011
00000000111100000000011100110011
11111110110001000010011110000011
00000000111001111000011110110011
11111110111101000010011000100011
11111101110001000010011110000011
00000000000101111000011110010011
11111100111101000010111000100011
11111101100001000010011110000011
11111111111101111000011110010011
11111100111101000010110000100011
11111101100001000010011110000011
11111010000001111001101011100011
11111110110001000010011110000011
00000000001101111101011110010011
00000000111100000000010100110011
00000010110000010010010000000011
00000011000000010000000100010011
00000000000000001000000001100111
