11111110000000010000000100010011
00000000000100010010111000100011
00000000100000010010110000100011
00000010000000010000010000010011
11111110100001000000011110010011
00000000010100000000011000010011
00000000111100000000010110110011
00000000000000000000010100010011
00000000000000000000000000010011
11111110100001000100011100000011
00000110001100000000011110010011
00000010111101110001110001100011
11111110100101000100011100000011
00000111001000000000011110010011
00000010111101110001011001100011
11111110101001000100011100000011
00000110000100000000011110010011
00000010111101110001000001100011
11111110101101000100011100000011
00000111001100000000011110010011
00000000111101110001101001100011
11111110110001000100011100000011
00000110100000000000011110010011
00000000111101110001010001100011
00000000000000000000000000010011
00000000000000000000011110010011
00000000111100000000010100110011
00000001110000010010000010000011
00000001100000010010010000000011
00000010000000010000000100010011
00000000000000001000000001100111
