11110111000000010000000100010011
00001000000100010010011000100011
00001000100000010010010000100011
00001001000000010000010000010011
11110110101001000010111000100011
11110110101101000010110000100011
00001001000000000000000001101111
11111000110001000000011110010011
00000110010000000000011000010011
00000000000000000000010110010011
00000000111100000000010100110011
00000000000000000000000000010011
11111000110001000000011110010011
00000110010000000000011000010011
00000000111100000000010110110011
00000000000000000000010100010011
00000000000000000000000000010011
11111000110001000100011100000011
00000110011000000000011110010011
00000100111101110001111001100011
00010000000000010000011110110111
00000000000001111000010100010011
00000000000000000000000000010011
11111000110101000100011100000011
00000110111100000000011110010011
00000100111101110001001001100011
00010000000000010000011110110111
00000000010001111000010100010011
00000000000000000000000000010011
11111000111001000100011100000011
00000110111100000000011110010011
00000010111101110001011001100011
00010000000000010000011110110111
00000000100001111000010100010011
00000000000000000000000000010011
11111000111101000100011100000011
00000010000100000000011110010011
00000000111101110001101001100011
00010000000000010000011110110111
00000001000001111000010100010011
00000000000000000000000000010011
00000000000000000000000000010011
00111110100000000000010100010011
00000000000000000000000000010011
00000000101000000000011110110011
11110110000001111001010011100011
00000000000000000000011110010011
00000000111100000000010100110011
00001000110000010010000010000011
00001000100000010010010000000011
00001001000000010000000100010011
00000000000000001000000001100111
