11111101000000010000000100010011
00000010000100010010011000100011
00000010100000010010010000100011
00000011000000010000010000010011
11111100101001000010111000100011
11111100101101000010110000100011
11111110000001000010011000100011
00010000000000010000011110110111
00011010110001111010011110000011
11111110111101000010010000100011
00001010110000000000000001101111
11111110100001000010011110000011
00000000000001111100011110000011
00000000111100000000011100110011
00000100000000000000011110010011
00000000111101110000110001100011
11111110100001000010011110000011
00000000000001111100011110000011
00000000111100000000010100110011
00000000000000000000000000010011
00000111100000000000000001101111
11111110110001000010011110000011
00000000000001111000100001100011
00000100000000000000010100010011
00000000000000000000000000010011
00000110010000000000000001101111
00010000000000010000011110110111
00011010110001111010011110000011
11111110111101000010001000100011
00000010110000000000000001101111
11111110010001000010011110000011
00000000000001111100011110000011
00001000000001111000011110010011
00000000111100000000010110110011
00010000000000010000011110110111
00011011000001111000010100010011
00000000000000000000000000010011
11111110010001000010011110000011
00000000000101111000011110010011
11111110111101000010001000100011
11111110010001000010011110000011
00000000000001111100011110000011
11111100000001111001100011100011
00010000000000010000011110110111
00011011100001111000010100010011
00000000000000000000000000010011
11111110110001000010011110000011
00000000000101111000011110010011
11111110111101000010011000100011
00000000000000000000000000010011
11111110100001000010011110000011
00000000000101111000011110010011
11111110111101000010010000100011
11111110100001000010011110000011
00000000000001111100011110000011
11110100000001111001100011100011
00000000000000000000010100010011
00000000000000000000000000010011
