11111110000000010000000100010011
00000000000100010010111000100011
00000000100000010010110000100011
00000010000000010000010000010011
00010000000000010000011110110111
00000001010001111000010110010011
00010000000000010000011110110111
00000000000001111000010100010011
00000000000000000000000000010011
00010000000000010000011110110111
00000001010001111000011110010011
11111110111101000010011000100011
00000010110000000000000001101111
11111110110001000010011110000011
00000000000001111100011110000011
00001000000001111000011110010011
00000000111100000000010110110011
00010000000000010000011110110111
00000000010001111000010100010011
00000000000000000000000000010011
11111110110001000010011110000011
00000000000101111000011110010011
11111110111101000010011000100011
11111110110001000010011110000011
00000000000001111100011110000011
11111100000001111001100011100011
00010000000000010000011110110111
00000000110001111000010100010011
00000000000000000000000000010011
00000000000000000000010100010011
00000000000000000000000000010011
