11111110000000010000000100010011
00000000000100010010111000100011
00000000100000010010110000100011
00000010000000010000010000010011
11111110101001000010011000100011
11111110101101000010000000100011
11111110110001000010001000100011
11111110000001000010011110000011
00000000110000000000010110010011
00000000111100000000010100110011
00000000000000000000000000010011
00000000101000000000011110110011
00000000111100000000011100110011
11111110110001000010011110000011
00000010111001111010100000100011
11111110110001000010011010000011
11111110000001000010011100000011
11111110010001000010011110000011
00000000111001101010000000100011
00000000111101101010001000100011
11111110110001000010011110000011
00000000000000000000011010010011
00000000000000000000011100010011
00000000110101111010010000100011
00000000111001111010011000100011
11111110110001000010011110000011
00000000110101111010100000100011
00000000111001111010101000100011
11111110110001000010011110000011
00000001100001111000011110010011
00000000111100000000010100110011
00000000000000000000000000010011
00000000000000000000000000010011
00000001110000010010000010000011
00000001100000010010010000000011
00000010000000010000000100010011
00000000000000001000000001100111
11111100000000010000000100010011
00000010000100010010111000100011
00000010100000010010110000100011
00000100000000010000010000010011
11111100101001000010011000100011
11111100101101000010010000100011
11111100110001000010001000100011
00000000000000000000011110010011
00000000000000000000100000010011
11111110111101000010010000100011
11111111000001000010011000100011
00011010000000000000000001101111
11111100110001000010011110000011
00000001100001111000100000010011
11111100110001000010011110000011
00000000000001111010010100000011
00000000010001111010010110000011
11111100100001000010011110000011
11111110100001000010011010000011
11111110110001000010011100000011
00000000101100000000011000110011
00000000101000000000010110110011
00000001000000000000010100110011
00000000000000000000000000010011
11111110101001000010000000100011
11111110101101000010001000100011
11111100110001000010011110000011
00000011000001111010011010000011
11111110000001000010011100000011
00000000111000000000011110110011
00000000000101111001011110010011
00000000111001111000011110110011
00000000001001111001011110010011
00000000111101101000011110110011
11111100111101000010111000100011
11111101110001000010011110000011
00000000100001111100011110000011
00000000000001111001100001100011
11111101110001000010011110000011
00000000100101111100011110000011
00001100000001111001010001100011
11111101110001000010011110000011
00000000100001111100011110000011
00000100000001111001001001100011
11111100110001000010011110000011
00000000100001111010011100000011
00000000110001111010011110000011
00000000000100000000010100010011
00000000000000000000010110010011
00000000101001110000011000110011
00000000110000000000100000110011
00000000111010000011100000110011
00000000101101111000011010110011
00000000110110000000011110110011
00000000111100000000011010110011
00000000110000000000011100110011
00000000110100000000011110110011
11111100110001000010011010000011
00000000111001101010010000100011
00000000111101101010011000100011
11111101110001000010011110000011
00000000000001111000010000100011
11111101110001000010011110000011
00000000000100000000011100010011
00000000111001111000010010100011
11111101110001000010011110000011
11111100100001000010011100000011
00000000111001111010000000100011
11111101110001000010011110000011
11111100010001000010011100000011
00000000111001111010001000100011
11111100110001000010011110000011
00000001000001111010011100000011
00000001010001111010011110000011
00000000000100000000010100010011
00000000000000000000010110010011
00000000101001110000011000110011
00000000110000000000100000110011
00000000111010000011100000110011
00000000101101111000011010110011
00000000110110000000011110110011
00000000111100000000011010110011
00000000110000000000011100110011
00000000110100000000011110110011
11111100110001000010011010000011
00000000111001101010100000100011
00000000111101101010101000100011
11111110100001000010011100000011
11111110110001000010011110000011
00001010000000000000000001101111
11111101110001000010011110000011
00000000000001111010011110000011
11111100100001000010010110000011
00000000111100000000010100110011
00000000000000000000000000010011
00000000101000000000011110110011
00000000000001111001111001100011
11111101110001000010011110000011
11111100100001000010011100000011
00000000111001111010000000100011
11111110100001000010011100000011
11111110110001000010011110000011
00000110110000000000000001101111
11111110100001000010011000000011
11111110110001000010011010000011
00000000000100000000010100010011
00000000000000000000010110010011
00000000101001100000011100110011
00000000111000000000100000110011
00000000110010000011100000110011
00000000101101101000011110110011
00000000111110000000011010110011
00000000110100000000011110110011
11111110111001000010010000100011
11111110111101000010011000100011
11111100110001000010011110000011
00000000000001111010011100000011
00000000010001111010011110000011
11111110110001000010011010000011
00000000111100000000011000110011
00000000110101100110111001100011
11111110110001000010011010000011
00000000111100000000011000110011
11100100110001101001001011100011
11111110100001000010011010000011
00000000111000000000011110110011
11100010110101111111110011100011
11111111111100000000011100010011
11111111111100000000011110010011
00000000111000000000010100110011
00000000111100000000010110110011
00000011110000010010000010000011
00000011100000010010010000000011
00000100000000010000000100010011
00000000000000001000000001100111
11111100000000010000000100010011
00000010000100010010111000100011
00000010100000010010110000100011
00000100000000010000010000010011
11111100101001000010011000100011
11111100101101000010010000100011
00000000000000000000011110010011
00000000000000000000100000010011
11111110111101000010010000100011
11111111000001000010011000100011
00001110000000000000000001101111
11111100110001000010011110000011
00000001100001111000100000010011
11111100110001000010011110000011
00000000000001111010010100000011
00000000010001111010010110000011
11111100100001000010011110000011
11111110100001000010011010000011
11111110110001000010011100000011
00000000101100000000011000110011
00000000101000000000010110110011
00000001000000000000010100110011
00000000000000000000000000010011
11111110101001000010000000100011
11111110101101000010001000100011
11111100110001000010011110000011
00000011000001111010011010000011
11111110000001000010011100000011
00000000111000000000011110110011
00000000000101111001011110010011
00000000111001111000011110110011
00000000001001111001011110010011
00000000111101101000011110110011
11111100111101000010111000100011
11111101110001000010011110000011
00000000100101111100011110000011
00000010000001111000101001100011
11111101110001000010011110000011
00000000100001111100011110000011
00000010000001111001010001100011
11111101110001000010011110000011
00000000000001111010011110000011
11111100100001000010010110000011
00000000111100000000010100110011
00000000000000000000000000010011
00000000101000000000011110110011
00000000000001111001011001100011
11111101110001000010011110000011
00000111110000000000000001101111
11111101110001000010011110000011
00000000100101111100011110000011
00000000000001111001011001100011
00000000000000000000011110010011
00000110100000000000000001101111
11111110100001000010011000000011
11111110110001000010011010000011
00000000000100000000010100010011
00000000000000000000010110010011
00000000101001100000011100110011
00000000111000000000100000110011
00000000110010000011100000110011
00000000101101101000011110110011
00000000111110000000011010110011
00000000110100000000011110110011
11111110111001000010010000100011
11111110111101000010011000100011
11111100110001000010011110000011
00000000000001111010011100000011
00000000010001111010011110000011
11111110110001000010011010000011
00000000111100000000011000110011
00000000110101100110111001100011
11111110110001000010011010000011
00000000111100000000011000110011
11110000110001101001001011100011
11111110100001000010011010000011
00000000111000000000011110110011
11101110110101111111110011100011
00000000000000000000011110010011
00000000111100000000010100110011
00000011110000010010000010000011
00000011100000010010010000000011
00000100000000010000000100010011
00000000000000001000000001100111
11111101000000010000000100010011
00000010000100010010011000100011
00000010100000010010010000100011
00000011000000010000010000010011
11111100101001000010111000100011
11111100101101000010110000100011
11111101100001000010010110000011
11111101110001000010010100000011
00000000000000000000000000010011
11111110101001000010011000100011
11111110110001000010011110000011
00000000000001111001011001100011
00000000000000000000011110010011
00000111010000000000000001101111
11111101110001000010011110000011
00000001000001111010011100000011
00000001010001111010011110000011
11111111111100000000010100010011
11111111111100000000010110010011
00000000101001110000011000110011
00000000110000000000100000110011
00000000111010000011100000110011
00000000101101111000011010110011
00000000110110000000011110110011
00000000111100000000011010110011
00000000110000000000011100110011
00000000110100000000011110110011
11111101110001000010011010000011
00000000111001101010100000100011
00000000111101101010101000100011
11111110110001000010011110000011
00000000000100000000011100010011
00000000111001111000010000100011
11111110110001000010011110000011
00000000000001111010011110000011
00000000111100000000010100110011
00000000000000000000000000010011
11111110110001000010011110000011
00000000010001111010011110000011
00000000111100000000010100110011
00000000000000000000000000010011
00000000000100000000011110010011
00000000111100000000010100110011
00000010110000010010000010000011
00000010100000010010010000000011
00000011000000010000000100010011
00000000000000001000000001100111
11111101000000010000000100010011
00000010000100010010011000100011
00000010100000010010010000100011
00000011000000010000010000010011
11111100101001000010111000100011
00000000101100000000011110110011
11111100111101000000110110100011
11111101101101000100011110000011
00001100000001111000010001100011
00000000000000000000011110010011
00000000000000000000100000010011
11111110111101000010010000100011
11111111000001000010011000100011
00001000010000000000000001101111
11111101110001000010011110000011
00000011000001111010011010000011
11111110100001000010011100000011
00000000111000000000011110110011
00000000000101111001011110010011
00000000111001111000011110110011
00000000001001111001011110010011
00000000111101101000011110110011
11111110111101000010001000100011
11111110010001000010011110000011
00000000100101111100011110000011
00000010000001111000001001100011
11111110010001000010011110000011
00000000000001111010011110000011
00000000111100000000010100110011
00000000000000000000000000010011
11111110010001000010011110000011
00000000010001111010011110000011
00000000111100000000010100110011
00000000000000000000000000010011
11111110100001000010011000000011
11111110110001000010011010000011
00000000000100000000010100010011
00000000000000000000010110010011
00000000101001100000011100110011
00000000111000000000100000110011
00000000110010000011100000110011
00000000101101101000011110110011
00000000111110000000011010110011
00000000110100000000011110110011
11111110111001000010010000100011
11111110111101000010011000100011
11111101110001000010011110000011
00000000000001111010011100000011
00000000010001111010011110000011
11111110110001000010011010000011
00000000111100000000011000110011
11110110110001101110011011100011
11111110110001000010011010000011
00000000111100000000011000110011
00000000110001101001100001100011
11111110100001000010011010000011
00000000111000000000011110110011
11110100111101101110101011100011
11111101110001000010011110000011
00000011000001111010011110000011
00000000111100000000010100110011
00000000000000000000000000010011
11111101110001000010011110000011
00000000000000000000011010010011
00000000000000000000011100010011
00000000110101111010000000100011
00000000111001111010001000100011
11111101110001000010011110000011
00000000110101111010010000100011
00000000111001111010011000100011
11111101110001000010011110000011
00000000110101111010100000100011
00000000111001111010101000100011
00000000000000000000000000010011
00000010110000010010000010000011
00000010100000010010010000000011
00000011000000010000000100010011
00000000000000001000000001100111
11111001000000010000000100010011
00000110000100010010011000100011
00000110100000010010010000100011
00000111000000010000010000010011
11111000101001000010111000100011
11111000101101000010100000100011
11111000110001000010101000100011
11111001110001000010011110000011
00000000000001111010011100000011
00000000010001111010011110000011
11111001010001000010011010000011
00000000111100000000011000110011
00000010110101100110001001100011
11111001010001000010011010000011
00000000111100000000011000110011
00000000110001101001100001100011
11111001000001000010011010000011
00000000111000000000011110110011
00000000110101111110011001100011
00001111111100000000011110010011
00010111100000000000000001101111
11111010100001000000011110010011
11111001000001000010010110000011
11111001010001000010011000000011
00000000111100000000010100110011
00000000000000000000000000010011
00000000000000000000011110010011
00000000000000000000100000010011
11111110111101000010010000100011
11111111000001000010011000100011
00001001010000000000000001101111
11111001110001000010011110000011
00000011000001111010011010000011
11111110100001000010011100000011
00000000111000000000011110110011
00000000000101111001011110010011
00000000111001111000011110110011
00000000001001111001011110010011
00000000111101101000011110110011
11111110111101000010001000100011
11111110010001000010011110000011
00000000100101111100011110000011
00000010000001111000101001100011
11111110010001000010011110000011
00000000100001111100011110000011
00000010000001111001010001100011
11111110010001000010011110000011
00000000000001111010011100000011
11111110010001000010011110000011
00000000010001111010011010000011
11111010100001000000011110010011
00000000110100000000011000110011
00000000111000000000010110110011
00000000111100000000010100110011
00000000000000000000000000010011
11111110100001000010011000000011
11111110110001000010011010000011
00000000000100000000010100010011
00000000000000000000010110010011
00000000101001100000011100110011
00000000111000000000100000110011
00000000110010000011100000110011
00000000101101101000011110110011
00000000111110000000011010110011
00000000110100000000011110110011
11111110111001000010010000100011
11111110111101000010011000100011
11111001110001000010011110000011
00000000000001111010011100000011
00000000010001111010011110000011
11111110110001000010011010000011
00000000111100000000011000110011
11110100110001101110111011100011
11111110110001000010011010000011
00000000111100000000011000110011
00000000110001101001100001100011
11111110100001000010011010000011
00000000111000000000011110110011
11110100111101101110001011100011
00000000000000000000010110010011
11111001110001000010010100000011
00000000000000000000000000010011
11111001110001000010011110000011
11111100000001000010100000000011
11111100010001000010010100000011
11111100100001000010010110000011
11111100110001000010011000000011
11111101000001000010011010000011
11111101010001000010011100000011
00000001000001111010110000100011
00000000101001111010111000100011
00000010101101111010000000100011
00000010110001111010001000100011
00000010110101111010010000100011
00000010111001111010011000100011
11111101100001000010011100000011
11111001110001000010011110000011
00000010111001111010100000100011
11111001110001000010011010000011
11111001000001000010011100000011
11111001010001000010011110000011
00000000111001101010000000100011
00000000111101101010001000100011
11111011000001000010011100000011
11111011010001000010011110000011
11111001110001000010011010000011
00000000111001101010010000100011
00000000111101101010011000100011
11111011000001000010011100000011
11111011010001000010011110000011
11111001110001000010011010000011
00000000111001101010100000100011
00000000111101101010101000100011
00000000000100000000011110010011
00000000111100000000010100110011
00000110110000010010000010000011
00000110100000010010010000000011
00000111000000010000000100010011
00000000000000001000000001100111
