11111011000000010000000100010011
00000100100000010010011000100011
00000101000000010000010000010011
11111010101001000010111000100011
11111010101101000010110000100011
11111010110001000010101000100011
11111010110101000010100000100011
11111011110001000010011110000011
00000000000001111010011110000011
11111110111101000010011000100011
11111011100001000010011110000011
00000000000001111010011110000011
11111110111101000010010000100011
11111011010001000010011110000011
11111110111101000010001000100011
11111110100001000010011110000011
00000000001101111111011110010011
11111110111101000010000000100011
11111110000001000010011110000011
01000000111100000000011110110011
00000000001101111111011110010011
11111100111101000010101000100011
11111101010001000010011110000011
00010000000001111000001001100011
11111101010001000010011100000011
11111011000001000010011110000011
00001110111001111100110001100011
11111101010001000010011110000011
11111100111101000010111000100011
00001101110000000000000001101111
11111110100001000010011110000011
00000000100001111101011100010011
11111110010001000010011110000011
00000000000101111000011010010011
11111110110101000010001000100011
00000000000001111100011110000011
00000001100001111001011110010011
00000000111101110110011110110011
11111110111101000010010000100011
11111110000001000010011110000011
00000000000101111000011110010011
11111110111101000010000000100011
11111011000001000010011110000011
11111111111101111000011110010011
11111010111101000010100000100011
11111110000001000010011100000011
00000000010000000000011110010011
00001000111101110001101001100011
11111110100001000010011100000011
11001100100111100011011110110111
00000000000001111000011110010011
11010101000101111000011110010011
00000010111101110000011110110011
11111110111101000010010000100011
11111110100001000010011110000011
00000000111101111001011100010011
00000001000101111101011110010011
00000000111101110110011110110011
11111110111101000010010000100011
11111110100001000010011100000011
00011011100001110011011110110111
00000000000001111000011110010011
01011001001101111000011110010011
00000010111101110000011110110011
11111110111101000010010000100011
11111110110001000010011100000011
11111110100001000010011110000011
00000000111101110100011110110011
11111110111101000010011000100011
11111110110001000010011110000011
00000000110101111001011100010011
00000001001101111101011110010011
00000000111101110110011110110011
11111110111101000010011000100011
11111110110001000010011100000011
00000000111000000000011110110011
00000000001001111001011110010011
00000000111001111000011100110011
11100110010101000111011110110111
00000000000001111000011110010011
10110110010001111000011110010011
00000000111101110000011110110011
11111110111101000010011000100011
11111110000001000010000000100011
11111101110001000010011110000011
11111111111101111000011100010011
11111100111001000010111000100011
11110000000001111001111011100011
11111011000001000010011110000011
01000001111101111101011100010011
00000000001101110111011100010011
00000000111101110000011110110011
01000000001001111101011110010011
00000000001001111001011110010011
00000000111100000000011100110011
11111110010001000010011110000011
00000000111001111000011110110011
11111100111101000010100000100011
00001110100000000000000001101111
11111110010001000010011110000011
00000000000001111100011110000011
00000000111100000000011100110011
11111110010001000010011110000011
00000000000101111000011110010011
00000000000001111100011110000011
00000000100001111001011110010011
00000000111101110110011100110011
11111110010001000010011110000011
00000000001001111000011110010011
00000000000001111100011110000011
00000001000001111001011110010011
00000000111101110110011100110011
11111110010001000010011110000011
00000000001101111000011110010011
00000000000001111100011110000011
00000001100001111001011110010011
00000000111101110110011110110011
11111100111101000010011000100011
11111100110001000010011100000011
11001100100111100011011110110111
00000000000001111000011110010011
11010101000101111000011110010011
00000010111101110000011110110011
11111100111101000010011000100011
11111100110001000010011110000011
00000000111101111001011100010011
00000001000101111101011110010011
00000000111101110110011110110011
11111100111101000010011000100011
11111100110001000010011100000011
00011011100001110011011110110111
00000000000001111000011110010011
01011001001101111000011110010011
00000010111101110000011110110011
11111100111101000010011000100011
11111110110001000010011100000011
11111100110001000010011110000011
00000000111101110100011110110011
11111110111101000010011000100011
11111110110001000010011110000011
00000000110101111001011100010011
00000001001101111101011110010011
00000000111101110110011110110011
11111110111101000010011000100011
11111110110001000010011100000011
00000000111000000000011110110011
00000000001001111001011110010011
00000000111001111000011100110011
11100110010101000111011110110111
00000000000001111000011110010011
10110110010001111000011110010011
00000000111101110000011110110011
11111110111101000010011000100011
11111110010001000010011110000011
00000000010001111000011110010011
11111110111101000010001000100011
11111110010001000010011100000011
11111101000001000010011110000011
11110000111101110110101011100011
11111011000001000010011100000011
01000001111101110101011110010011
00000001111001111101011110010011
00000000111101110000011100110011
00000000001101110111011100010011
01000000111101110000011110110011
11111010111101000010100000100011
11111011000001000010011110000011
11111100111101000010110000100011
00001101110000000000000001101111
11111110100001000010011110000011
00000000100001111101011100010011
11111110010001000010011110000011
00000000000101111000011010010011
11111110110101000010001000100011
00000000000001111100011110000011
00000001100001111001011110010011
00000000111101110110011110110011
11111110111101000010010000100011
11111110000001000010011110000011
00000000000101111000011110010011
11111110111101000010000000100011
11111011000001000010011110000011
11111111111101111000011110010011
11111010111101000010100000100011
11111110000001000010011100000011
00000000010000000000011110010011
00001000111101110001101001100011
11111110100001000010011100000011
11001100100111100011011110110111
00000000000001111000011110010011
11010101000101111000011110010011
00000010111101110000011110110011
11111110111101000010010000100011
11111110100001000010011110000011
00000000111101111001011100010011
00000001000101111101011110010011
00000000111101110110011110110011
11111110111101000010010000100011
11111110100001000010011100000011
00011011100001110011011110110111
00000000000001111000011110010011
01011001001101111000011110010011
00000010111101110000011110110011
11111110111101000010010000100011
11111110110001000010011100000011
11111110100001000010011110000011
00000000111101110100011110110011
11111110111101000010011000100011
11111110110001000010011110000011
00000000110101111001011100010011
00000001001101111101011110010011
00000000111101110110011110110011
11111110111101000010011000100011
11111110110001000010011100000011
00000000111000000000011110110011
00000000001001111001011110010011
00000000111001111000011100110011
11100110010101000111011110110111
00000000000001111000011110010011
10110110010001111000011110010011
00000000111101110000011110110011
11111110111101000010011000100011
11111110000001000010000000100011
11111101100001000010011110000011
11111111111101111000011100010011
11111100111001000010110000100011
11110000000001111001111011100011
11111011110001000010011110000011
11111110110001000010011100000011
00000000111001111010000000100011
11111110100001000010011110000011
11110000000001111111011100010011
11111110000001000010011110000011
00000000111101110110011100110011
11111011100001000010011110000011
00000000111001111010000000100011
00000000000000000000000000010011
00000100110000010010010000000011
00000101000000010000000100010011
00000000000000001000000001100111
11111101000000010000000100010011
00000010100000010010011000100011
00000011000000010000010000010011
11111100101001000010111000100011
11111100101101000010110000100011
11111100110001000010101000100011
11111101100001000010011110000011
00000000001101111111011110010011
11111110111101000010011000100011
11111110110001000010011110000011
00000110000001111000101001100011
00000000010000000000011100010011
11111110110001000010011110000011
01000000111101110000011110110011
00000000001101111001011110010011
11111101100001000010011100000011
00000000111101110101011110110011
11111110111101000010010000100011
11111110100001000010011100000011
11001100100111100011011110110111
00000000000001111000011110010011
11010101000101111000011110010011
00000010111101110000011110110011
11111110111101000010010000100011
11111110100001000010011110000011
00000000111101111001011100010011
00000001000101111101011110010011
00000000111101110110011110110011
11111110111101000010010000100011
11111110100001000010011100000011
00011011100001110011011110110111
00000000000001111000011110010011
01011001001101111000011110010011
00000010111101110000011110110011
11111110111101000010010000100011
11111101110001000010011100000011
11111110100001000010011110000011
00000000111101110100011110110011
11111100111101000010111000100011
11111101110001000010011100000011
11111101010001000010011110000011
00000000111101110100011110110011
11111100111101000010111000100011
11111101110001000010011110000011
00000001000001111101011110010011
11111101110001000010011100000011
00000000111101110100011110110011
11111100111101000010111000100011
11111101110001000010011100000011
10000101111010111101011110110111
00000000000001111000011110010011
10100110101101111000011110010011
00000010111101110000011110110011
11111100111101000010111000100011
11111101110001000010011110000011
00000000110101111101011110010011
11111101110001000010011100000011
00000000111101110100011110110011
11111100111101000010111000100011
11111101110001000010011100000011
11000010101100101011011110110111
00000000000001111000011110010011
11100011010101111000011110010011
00000010111101110000011110110011
11111100111101000010111000100011
11111101110001000010011110000011
00000001000001111101011110010011
11111101110001000010011100000011
00000000111101110100011110110011
11111100111101000010111000100011
11111101110001000010011110000011
00000000111100000000010100110011
00000010110000010010010000000011
00000011000000010000000100010011
00000000000000001000000001100111
11111101000000010000000100010011
00000010000100010010011000100011
00000010100000010010010000100011
00000011000000010000010000010011
11111100101001000010111000100011
11111100101101000010110000100011
11111100110001000010101000100011
11111101110001000010011110000011
11111110111101000010011000100011
11111110000001000010010000100011
11111110100001000000011100010011
11111110110001000000011110010011
11111101010001000010011010000011
11111101100001000010011000000011
00000000111000000000010110110011
00000000111100000000010100110011
00000000000000000000000000010011
11111110110001000010011110000011
11111110100001000010011100000011
11111101010001000010011010000011
00000000110100000000011000110011
00000000111000000000010110110011
00000000111100000000010100110011
00000000000000000000000000010011
00000000101000000000011110110011
00000000111100000000010100110011
00000010110000010010000010000011
00000010100000010010010000000011
00000011000000010000000100010011
00000000000000001000000001100111
11111101000000010000000100010011
00000010000100010010011000100011
00000010100000010010010000100011
00000011000000010000010000010011
11111100101001000010111000100011
11111100101101000010110000100011
11111100110001000010101000100011
11111100110101000010100000100011
11111101010001000010011110000011
11111110111101000010001000100011
11111110000001000010000000100011
11111101110001000010011110000011
11111110111101000010011000100011
11111101100001000010011110000011
11111110110001000010011100000011
00000000111101110000011110110011
11111110111101000010010000100011
11111110100001000010011100000011
11111110110001000010011110000011
01000000111101110000011010110011
11111110000001000000011100010011
11111110010001000000011110010011
11111110110001000010011000000011
00000000111000000000010110110011
00000000111100000000010100110011
00000000000000000000000000010011
11111110010001000010011110000011
11111110000001000010011100000011
11111101100001000010011010000011
00000000110100000000011000110011
00000000111000000000010110110011
00000000111100000000010100110011
00000000000000000000000000010011
00000000101000000000011110110011
11111110111101000010001000100011
11111110010001000010011100000011
11111101000001000010011110000011
00000000111001111010000000100011
00000000000000000000000000010011
00000010110000010010000010000011
00000010100000010010010000000011
00000011000000010000000100010011
00000000000000001000000001100111
