11111000000000010000000100010011
00000110000100010010111000100011
00000110100000010010110000100011
00000111001000010010101000100011
00000111001100010010100000100011
00000111010000010010011000100011
00000111010100010010010000100011
00000111011000010010001000100011
00000111011100010010000000100011
00000101100000010010111000100011
00000101100100010010110000100011
00000101101000010010101000100011
00000101101100010010100000100011
00001000000000010000010000010011
00000000000000000000000000010011
00000000101000000000011110110011
11111010111101000010010000100011
01000001111101111101011110010011
11111010111101000010011000100011
00000000000000010000011110110111
00000000000001111000011110010011
11111111111101111000011110010011
11111010100001000010011010000011
11111010110001000010011100000011
00000000110100000000011000110011
00000000111101100111011110110011
11111100111101000010010000100011
00000000111000000000011110110011
00000000000001111111011110010011
11111100111101000010011000100011
00000000000000000000000000010011
00000000101000000000011110110011
11111010111101000010000000100011
01000001111101111101011110010011
11111010111101000010001000100011
00000000000000010000011110110111
00000000000001111000011110010011
11111111111101111000011110010011
11111010000001000010011010000011
11111010010001000010011100000011
00000000110100000000011000110011
00000000111101100111011110110011
11111100111101000010000000100011
00000000111000000000011110110011
00000000000001111111011110010011
11111100111101000010001000100011
00000000000000000000000000010011
00000000101000000000011110110011
11111000111101000010110000100011
01000001111101111101011110010011
11111000111101000010111000100011
00000000000000010000011110110111
00000000000001111000011110010011
11111111111101111000011110010011
11111001100001000010011010000011
11111001110001000010011100000011
00000000110100000000011000110011
00000000111101100111011110110011
11111010111101000010110000100011
00000000111000000000011110110011
00000000000001111111011110010011
11111010111101000010111000100011
00000000000000000000000000010011
00000000101000000000011110110011
11111000111101000010100000100011
01000001111101111101011110010011
11111000111101000010101000100011
00000000000000010000011110110111
00000000000001111000011110010011
11111111111101111000011110010011
11111001000001000010011010000011
11111001010001000010011100000011
00000000110100000000011000110011
00000000111101100111011110110011
11111010111101000010100000100011
00000000111000000000011110110011
00000000000001111111011110010011
11111010111101000010101000100011
11111100000001000010011110000011
00000001000001111101011110010011
11111100010001000010011100000011
00000001000001110001100110010011
00000001001101111110100110110011
11111100000001000010011110000011
00000001000001111001100100010011
11111100100001000010011110000011
00000001001001111110101100110011
11111100110001000010011110000011
00000001001101111110101110110011
11111011100001000010011110000011
00000000000001111001110110010011
00000000000000000000110100010011
00000001101010110110101000110011
00000001101110111110101010110011
11111011000001000010011110000011
00000001000001111001110010010011
00000000000000000000110000010011
00000001100010100110011110110011
11111000111101000010010000100011
00000001100110101110011110110011
11111000111101000010011000100011
11111000100001000010011100000011
11111000110001000010011110000011
00000000111000000000010100110011
00000000111100000000010110110011
00000111110000010010000010000011
00000111100000010010010000000011
00000111010000010010100100000011
00000111000000010010100110000011
00000110110000010010101000000011
00000110100000010010101010000011
00000110010000010010101100000011
00000110000000010010101110000011
00000101110000010010110000000011
00000101100000010010110010000011
00000101010000010010110100000011
00000101000000010010110110000011
00001000000000010000000100010011
00000000000000001000000001100111
11111110000000010000000100010011
00000000000100010010111000100011
00000000100000010010110000100011
00000001001000010010101000100011
00000001001100010010100000100011
00000001010000010010011000100011
00000001010100010010010000100011
00000001011000010010001000100011
00000001011100010010000000100011
00000010000000010000010000010011
00000000000000000000000000010011
00000000101000000000101000110011
00000000101100000000101010110011
00000000000000000000000000010011
00000000101000000000011100110011
00000000101100000000011110110011
00000000111010100111100100110011
00000000111110101111100110110011
00000000000000000000000000010011
00000000101000000000011100110011
00000000101100000000011110110011
00000000111010010111101100110011
00000000111110011111101110110011
00000001011000000000011100110011
00000001011100000000011110110011
00000000111000000000010100110011
00000000111100000000010110110011
00000001110000010010000010000011
00000001100000010010010000000011
00000001010000010010100100000011
00000001000000010010100110000011
00000000110000010010101000000011
00000000100000010010101010000011
00000000010000010010101100000011
00000000000000010010101110000011
00000010000000010000000100010011
00000000000000001000000001100111
11111101000000010000000100010011
00000010100000010010011000100011
00000011000000010000010000010011
11111100101001000010110000100011
11111100101101000010111000100011
11111110000001000010011000100011
00000101100000000000000001101111
11111110110001000010011110000011
00000000000101111000011110010011
11111110111101000010011000100011
11111101100001000010011100000011
11111101110001000010011110000011
11111111111100000000010100010011
11111111111100000000010110010011
00000000101001110000011000110011
00000000110000000000100000110011
00000000111010000011100000110011
00000000101101111000011010110011
00000000110110000000011110110011
00000000111100000000011010110011
00000000110000000000011100110011
00000000110100000000011110110011
11111101100001000010011010000011
00000000111001101111011010110011
11111100110101000010110000100011
11111101110001000010011010000011
00000000111101101111011110110011
11111100111101000010111000100011
11111101100001000010011110000011
11111101110001000010011100000011
00000000111001111110011110110011
11111010000001111001000011100011
11111110110001000010011110000011
00000000111100000000010100110011
00000010110000010010010000000011
00000011000000010000000100010011
00000000000000001000000001100111
11111101000000010000000100010011
00000010100000010010011000100011
00000011000000010000010000010011
11111100101001000010111000100011
11111101110001000010011110000011
00000000000001111010010100000011
00000000010001111010010110000011
11111101110001000010011110000011
00000000000001111010011100000011
00000000010001111010011110000011
11111111111100000000001100010011
11111111111100000000001110010011
00000000011001110000011000110011
00000000110000000000111100110011
00000000111011110011111100110011
00000000011101111000011010110011
00000000110111110000011110110011
00000000111100000000011010110011
00000000110000000000011100110011
00000000110100000000011110110011
00000000111001010100011010110011
11111110110101000010010000100011
00000000111101011100011110110011
11111110111101000010011000100011
11111110100001000010011110000011
11111110110001000010011100000011
00000000000001110101111000010011
00000000000000000000111010010011
00000001110000000000011100110011
00000000111001111100011110110011
11111110111101000010001000100011
11111101110001000010011110000011
00000000000001111010010100000011
00000000010001111010010110000011
11111101110001000010011110000011
00000000000001111010011100000011
00000000010001111010011110000011
11111111111100000000001100010011
11111111111100000000001110010011
00000000011001110000011000110011
00000000110000000000111000110011
00000000111011100011111000110011
00000000011101111000011010110011
00000000110111100000011110110011
00000000111100000000011010110011
00000000110000000000011100110011
00000000110100000000011110110011
00000000111001010111100000110011
00000000111101011111100010110011
11111101110001000010011110000011
00000001000001111010000000100011
00000001000101111010001000100011
11111110010001000010011100000011
01111000001110101010011110110111
00000000000001111000011110010011
10110010001101111000011110010011
00000010111101110000011110110011
00000001101001111101011110010011
00010000000000010000011100110111
00000000000001110000011100010011
00000000001001111001011110010011
00000000111101110000011110110011
00000000000001111010011110000011
00000000111100000000010100110011
00000010110000010010010000000011
00000011000000010000000100010011
00000000000000001000000001100111
11111100000000010000000100010011
00000010000100010010111000100011
00000010100000010010110000100011
00000011001000010010101000100011
00000011001100010010100000100011
00000100000000010000010000010011
11111100101001000010011000100011
11111100101101000010010000100011
11111100110001000010000000100011
11111100110101000010001000100011
00000000000000000000011110010011
00000000000000000000100000010011
11111110111101000010000000100011
11111111000001000010001000100011
11111110000001000010011000100011
00001001110000000000000001101111
11111100000001000000011110010011
00000000111100000000010100110011
00000000000000000000000000010011
11111100101001000010111000100011
11111110110001000010011110000011
11111100110001000010011100000011
01000000111101110101011110110011
00000000000101111111011110010011
00000110000001111000011001100011
11111101110001000010011110000011
11111110000001111000011110010011
00000000000001111100101001100011
00000000000100000000011100010011
00000000111101110001100110110011
00000000000000000000100100010011
00000011100000000000000001101111
00000000000100000000011110010011
00000000000101111101011100010011
00000001111100000000011010010011
11111101110001000010011110000011
01000000111101101000011110110011
00000000111101110101011110110011
11111101110001000010011100000011
00000000000000000000011010010011
00000000111001101001100110110011
00000001001101111110100110110011
11111101110001000010011110000011
00000000000100000000011100010011
00000000111101110001100100110011
11111110000001000010011110000011
00000001001001111110011110110011
11111110111101000010000000100011
11111110010001000010011110000011
00000001001101111110011110110011
11111110111101000010001000100011
11111110110001000010011110000011
00000000000101111000011110010011
11111110111101000010011000100011
11111110110001000010011100000011
11111100100001000010011110000011
11110110111101110100000011100011
11111110000001000010011100000011
11111110010001000010011110000011
00000000111000000000010100110011
00000000111100000000010110110011
00000011110000010010000010000011
00000011100000010010010000000011
00000011010000010010100100000011
00000011000000010010100110000011
00000100000000010000000100010011
00000000000000001000000001100111
11111100000000010000000100010011
00000010100000010010111000100011
00000100000000010000010000010011
11111100101001000010011000100011
00000000000000000000010100010011
00000000000000000000010110010011
11111110101001000010010000100011
11111110101101000010011000100011
11111100110001000010010110000011
01000001111101011101010100010011
00000000011101010111010100010011
00000000101101010000010110110011
01000000001101011101010110010011
11111100101101000010111000100011
11111100110001000010010100000011
01000001111101010101010110010011
00000001110101011101010110010011
00000000101101010000010100110011
00000000011101010111010100010011
01000000101101010000010110110011
11111100101101000010110000100011
11111101110001000010010110000011
00000000000101011000010110010011
11111110101101000010001000100011
00000111100000000000000001101111
11111110010001000010010110000011
00000000001101011001010100010011
11111101100001000010010110000011
00000000101101010000010110110011
11111110000001011000010100010011
00000000000001010100101001100011
00000000000100000000010110010011
00000000101001011001001110110011
00000000000000000000001100010011
00000010110000000000000001101111
00000000000100000000010100010011
00000000000101010101111000010011
00000001111100000000010100010011
01000000101101010000010100110011
00000000101011100101010100110011
00000000000000000000111000010011
00000000101111100001001110110011
00000000011101010110001110110011
00000000000100000000010100010011
00000000101101010001001100110011
11111110100001000010010110000011
00000000011001011110010110110011
11111110101101000010010000100011
11111110110001000010010110000011
00000000011101011110010110110011
11111110101101000010011000100011
11111110010001000010010110000011
00000000000101011000010110010011
11111110101101000010001000100011
11111110010001000010010100000011
00000000011000000000010110010011
11111000101001011101001011100011
11111101110001000010010110000011
11111111111101011000010110010011
11111110101101000010001000100011
00000111100000000000000001101111
11111110010001000010010110000011
00000000001101011001010100010011
11111101100001000010010110000011
00000000101101010000010110110011
11111110000001011000010100010011
00000000000001010100101001100011
00000000000100000000010110010011
00000000101001011001100010110011
00000000000000000000100000010011
00000010110000000000000001101111
00000000000100000000010100010011
00000000000101010101001100010011
00000001111100000000010100010011
01000000101101010000010100110011
00000000101000110101010100110011
00000000000000000000001100010011
00000000101100110001100010110011
00000001000101010110100010110011
00000000000100000000010100010011
00000000101101010001100000110011
11111110100001000010010110000011
00000001000001011110010110110011
11111110101101000010010000100011
11111110110001000010010110000011
00000001000101011110010110110011
11111110101101000010011000100011
11111110010001000010010110000011
11111111111101011000010110010011
11111110101101000010001000100011
11111110010001000010010110000011
11111000101100000100010011100011
11111101100001000010010110000011
00000000000101011000010110010011
11111110101101000010000000100011
00000111100000000000000001101111
11111101110001000010010110000011
00000000001101011001010100010011
11111110000001000010010110000011
00000000101101010000010110110011
11111110000001011000010100010011
00000000000001010100101001100011
00000000000100000000010110010011
00000000101001011001011010110011
00000000000000000000011000010011
00000010110000000000000001101111
00000000000100000000010100010011
00000000000101010101100000010011
00000001111100000000010100010011
01000000101101010000010100110011
00000000101010000101010100110011
00000000000000000000100000010011
00000000101110000001011010110011
00000000110101010110011010110011
00000000000100000000010100010011
00000000101101010001011000110011
11111110100001000010010110000011
00000000110001011110010110110011
11111110101101000010010000100011
11111110110001000010010110000011
00000000110101011110010110110011
11111110101101000010011000100011
11111110000001000010010110000011
00000000000101011000010110010011
11111110101101000010000000100011
11111110000001000010010100000011
00000000011000000000010110010011
11111000101001011101001011100011
11111101100001000010011010000011
11111111111101101000011010010011
11111110110101000010000000100011
00000111100000000000000001101111
11111101110001000010011010000011
00000000001101101001011000010011
11111110000001000010011010000011
00000000110101100000011010110011
11111110000001101000011000010011
00000000000001100100101001100011
00000000000100000000011010010011
00000000110001101001011110110011
00000000000000000000011100010011
00000010110000000000000001101111
00000000000100000000011000010011
00000000000101100101010110010011
00000001111100000000011000010011
01000000110101100000011000110011
00000000110001011101011000110011
00000000000000000000010110010011
00000000110101011001011110110011
00000000111101100110011110110011
00000000000100000000011000010011
00000000110101100001011100110011
11111110100001000010011010000011
00000000111001101110011010110011
11111110110101000010010000100011
11111110110001000010011010000011
00000000111101101110011010110011
11111110110101000010011000100011
11111110000001000010011010000011
11111111111101101000011010010011
11111110110101000010000000100011
11111110000001000010011010000011
11111000110100000100010011100011
11111110100001000010011100000011
11111110110001000010011110000011
00000000111000000000010100110011
00000000111100000000010110110011
00000011110000010010010000000011
00000100000000010000000100010011
00000000000000001000000001100111
11111100000000010000000100010011
00000010100000010010111000100011
00000100000000010000010000010011
11111100101001000010011000100011
00000000000000000000010100010011
00000000000000000000010110010011
11111110101001000010010000100011
11111110101101000010011000100011
11111100110001000010010110000011
01000001111101011101010100010011
00000000011101010111010100010011
00000000101101010000010110110011
01000000001101011101010110010011
11111100101101000010111000100011
11111100110001000010010100000011
01000001111101010101010110010011
00000001110101011101010110010011
00000000101101010000010100110011
00000000011101010111010100010011
01000000101101010000010110110011
11111100101101000010110000100011
11111101110001000010010110000011
00000000000101011000010110010011
11111110101101000010001000100011
11111101100001000010010110000011
00000000000101011000010110010011
11111110101101000010000000100011
00001000010000000000000001101111
11111110010001000010010110000011
00000000001101011001010100010011
11111110000001000010010110000011
00000000101101010000010110110011
11111110000001011000010100010011
00000000000001010100101001100011
00000000000100000000010110010011
00000000101001011001001110110011
00000000000000000000001100010011
00000010110000000000000001101111
00000000000100000000010100010011
00000000000101010101111000010011
00000001111100000000010100010011
01000000101101010000010100110011
00000000101011100101010100110011
00000000000000000000111000010011
00000000101111100001001110110011
00000000011101010110001110110011
00000000000100000000010100010011
00000000101101010001001100110011
11111110100001000010010110000011
00000000011001011110010110110011
11111110101101000010010000100011
11111110110001000010010110000011
00000000011101011110010110110011
11111110101101000010011000100011
11111110010001000010010110000011
00000000000101011000010110010011
11111110101101000010001000100011
11111110000001000010010110000011
00000000000101011000010110010011
11111110101101000010000000100011
11111110010001000010010100000011
00000000011000000000010110010011
00000000101001011100100001100011
11111110000001000010010100000011
00000000011000000000010110010011
11110110101001011101011011100011
11111101110001000010010110000011
00000000000101011000010110010011
11111110101101000010001000100011
11111101100001000010010110000011
11111111111101011000010110010011
11111110101101000010000000100011
00001000010000000000000001101111
11111110010001000010010110000011
00000000001101011001010100010011
11111110000001000010010110000011
00000000101101010000010110110011
11111110000001011000010100010011
00000000000001010100101001100011
00000000000100000000010110010011
00000000101001011001100010110011
00000000000000000000100000010011
00000010110000000000000001101111
00000000000100000000010100010011
00000000000101010101001100010011
00000001111100000000010100010011
01000000101101010000010100110011
00000000101000110101010100110011
00000000000000000000001100010011
00000000101100110001100010110011
00000001000101010110100010110011
00000000000100000000010100010011
00000000101101010001100000110011
11111110100001000010010110000011
00000001000001011110010110110011
11111110101101000010010000100011
11111110110001000010010110000011
00000001000101011110010110110011
11111110101101000010011000100011
11111110010001000010010110000011
00000000000101011000010110010011
11111110101101000010001000100011
11111110000001000010010110000011
11111111111101011000010110010011
11111110101101000010000000100011
11111110010001000010010100000011
00000000011000000000010110010011
00000000101001011100011001100011
11111110000001000010010110000011
11110110101100000100100011100011
11111101110001000010010110000011
11111111111101011000010110010011
11111110101101000010001000100011
11111101100001000010010110000011
00000000000101011000010110010011
11111110101101000010000000100011
00001000010000000000000001101111
11111110010001000010010110000011
00000000001101011001010100010011
11111110000001000010010110000011
00000000101101010000010110110011
11111110000001011000010100010011
00000000000001010100101001100011
00000000000100000000010110010011
00000000101001011001011010110011
00000000000000000000011000010011
00000010110000000000000001101111
00000000000100000000010100010011
00000000000101010101100000010011
00000001111100000000010100010011
01000000101101010000010100110011
00000000101010000101010100110011
00000000000000000000100000010011
00000000101110000001011010110011
00000000110101010110011010110011
00000000000100000000010100010011
00000000101101010001011000110011
11111110100001000010010110000011
00000000110001011110010110110011
11111110101101000010010000100011
11111110110001000010010110000011
00000000110101011110010110110011
11111110101101000010011000100011
11111110010001000010010110000011
11111111111101011000010110010011
11111110101101000010001000100011
11111110000001000010010110000011
00000000000101011000010110010011
11111110101101000010000000100011
11111110010001000010010110000011
00000000101100000101100001100011
11111110000001000010010100000011
00000000011000000000010110010011
11110110101001011101100011100011
11111101110001000010011010000011
11111111111101101000011010010011
11111110110101000010001000100011
11111101100001000010011010000011
11111111111101101000011010010011
11111110110101000010000000100011
00001000010000000000000001101111
11111110010001000010011010000011
00000000001101101001011000010011
11111110000001000010011010000011
00000000110101100000011010110011
11111110000001101000011000010011
00000000000001100100101001100011
00000000000100000000011010010011
00000000110001101001011110110011
00000000000000000000011100010011
00000010110000000000000001101111
00000000000100000000011000010011
00000000000101100101010110010011
00000001111100000000011000010011
01000000110101100000011000110011
00000000110001011101011000110011
00000000000000000000010110010011
00000000110101011001011110110011
00000000111101100110011110110011
00000000000100000000011000010011
00000000110101100001011100110011
11111110100001000010011010000011
00000000111001101110011010110011
11111110110101000010010000100011
11111110110001000010011010000011
00000000111101101110011010110011
11111110110101000010011000100011
11111110010001000010011010000011
11111111111101101000011010010011
11111110110101000010001000100011
11111110000001000010011010000011
11111111111101101000011010010011
11111110110101000010000000100011
11111110010001000010011010000011
00000000110100000101011001100011
11111110000001000010011010000011
11110110110100000100101011100011
11111110100001000010011100000011
11111110110001000010011110000011
00000000111000000000010100110011
00000000111100000000010110110011
00000011110000010010010000000011
00000100000000010000000100010011
00000000000000001000000001100111
11111000000000010000000100010011
00000110100000010010111000100011
00000111001000010010110000100011
00000111001100010010101000100011
00000111010000010010100000100011
00000111010100010010011000100011
00000111011000010010010000100011
00000111011100010010001000100011
00000111100000010010000000100011
00000101100100010010111000100011
00000101101000010010110000100011
00000101101100010010101000100011
00001000000000010000010000010011
11111010101001000010011000100011
11111010101101000010000000100011
11111010110001000010001000100011
00000000000000000000011100010011
00000000000000000000011110010011
11111100111001000010010000100011
11111100111101000010011000100011
11111010110001000010011110000011
01000001111101111101011100010011
00000000011101110111011100010011
00000000111101110000011110110011
01000000001101111101011110010011
11111010111101000010111000100011
11111010110001000010011100000011
01000001111101110101011110010011
00000001110101111101011110010011
00000000111101110000011100110011
00000000011101110111011100010011
01000000111101110000011110110011
11111010111101000010110000100011
11111011110001000010011110000011
00000000000101111000011110010011
11111100111101000010001000100011
00001110110000000000000001101111
11111100010001000010011110000011
00000000001101111001011100010011
11111011100001000010011110000011
00000000111101110000011100110011
11111110000001110000011110010011
00000000000001111100101001100011
00000000000100000000011100010011
00000000111101110001101110110011
00000000000000000000101100010011
00000010110000000000000001101111
00000000000100000000011110010011
00000000000101111101011010010011
00000001111100000000011110010011
01000000111001111000011110110011
00000000111101101101011110110011
00000000000000000000011010010011
00000000111001101001101110110011
00000001011101111110101110110011
00000000000100000000011110010011
00000000111001111001101100110011
11111100100001000010011110000011
00000001011001111110011110110011
11111100111101000010010000100011
11111100110001000010011110000011
00000001011101111110011110110011
11111100111101000010011000100011
11111100010001000010011110000011
00000000001101111001011100010011
11111011100001000010011110000011
00000000111101110000011100110011
11111110000001110000011110010011
00000000000001111100101001100011
11111010010001000010011100000011
00000000111101110101110000110011
00000000000000000000110010010011
00000010110000000000000001101111
11111010010001000010011110000011
00000000000101111001011010010011
00000001111100000000011110010011
01000000111001111000011110110011
00000000111101101001011110110011
11111010000001000010011010000011
00000000111001101101110000110011
00000001100001111110110000110011
11111010010001000010011110000011
00000000111001111101110010110011
00000000000111000111011110010011
11111000111101000010110000100011
00000000000011001111011110010011
11111000111101000010111000100011
11111001100001000010011010000011
11111001110001000010011100000011
00000000110100000000011110110011
00000000111001111110011110110011
00000010000001111001000001100011
11111100010001000010011110000011
00000000000101111000011110010011
11111100111101000010001000100011
11111100010001000010011100000011
00000000011100000000011110010011
11110000111001111101100011100011
00000000100000000000000001101111
00000000000000000000000000010011
11111011110001000010011110000011
11111111111101111000011110010011
11111100111101000010001000100011
00001110110000000000000001101111
11111100010001000010011110000011
00000000001101111001011100010011
11111011100001000010011110000011
00000000111101110000011110110011
11111110000001111000011100010011
00000000000001110100101001100011
00000000000100000000011110010011
00000000111001111001100110110011
00000000000000000000100100010011
00000010110000000000000001101111
00000000000100000000011100010011
00000000000101110101011010010011
00000001111100000000011100010011
01000000111101110000011100110011
00000000111001101101011100110011
00000000000000000000011010010011
00000000111101101001100110110011
00000001001101110110100110110011
00000000000100000000011100010011
00000000111101110001100100110011
11111100100001000010011110000011
00000001001001111110011110110011
11111100111101000010010000100011
11111100110001000010011110000011
00000001001101111110011110110011
11111100111101000010011000100011
11111100010001000010011110000011
00000000001101111001011100010011
11111011100001000010011110000011
00000000111101110000011110110011
11111110000001111000011100010011
00000000000001110100101001100011
11111010010001000010011110000011
00000000111001111101101000110011
00000000000000000000101010010011
00000010110000000000000001101111
11111010010001000010011100000011
00000000000101110001011010010011
00000001111100000000011100010011
01000000111101110000011100110011
00000000111001101001011100110011
11111010000001000010011010000011
00000000111101101101101000110011
00000001010001110110101000110011
11111010010001000010011100000011
00000000111101110101101010110011
00000000000110100111011110010011
11111000111101000010100000100011
00000000000010101111011110010011
11111000111101000010101000100011
11111001000001000010011010000011
11111001010001000010011100000011
00000000110100000000011110110011
00000000111001111110011110110011
00000000000001111001111001100011
11111100010001000010011110000011
11111111111101111000011110010011
11111100111101000010001000100011
11111100010001000010011110000011
11110000000001111101101011100011
00000000100000000000000001101111
00000000000000000000000000010011
11111011100001000010011110000011
00000000000101111000011110010011
11111100111101000010000000100011
00001110110000000000000001101111
11111011110001000010011110000011
00000000001101111001011100010011
11111100000001000010011110000011
00000000111101110000011110110011
11111110000001111000011100010011
00000000000001110100101001100011
00000000000100000000011110010011
00000000111001111001111010110011
00000000000000000000111000010011
00000010110000000000000001101111
00000000000100000000011100010011
00000000000101110101011010010011
00000001111100000000011100010011
01000000111101110000011100110011
00000000111001101101011100110011
00000000000000000000011010010011
00000000111101101001111010110011
00000001110101110110111010110011
00000000000100000000011100010011
00000000111101110001111000110011
11111100100001000010011110000011
00000001110001111110011110110011
11111100111101000010010000100011
11111100110001000010011110000011
00000001110101111110011110110011
11111100111101000010011000100011
11111011110001000010011110000011
00000000001101111001011100010011
11111100000001000010011110000011
00000000111101110000011110110011
11111110000001111000011100010011
00000000000001110100101001100011
11111010010001000010011110000011
00000000111001111101111100110011
00000000000000000000111110010011
00000010110000000000000001101111
11111010010001000010011100000011
00000000000101110001011010010011
00000001111100000000011100010011
01000000111101110000011100110011
00000000111001101001011100110011
11111010000001000010011010000011
00000000111101101101111100110011
00000001111001110110111100110011
11111010010001000010011100000011
00000000111101110101111110110011
00000000000111110111011110010011
11111000111101000010010000100011
00000000000011111111011110010011
11111000111101000010011000100011
11111000100001000010011010000011
11111000110001000010011100000011
00000000110100000000011110110011
00000000111001111110011110110011
00000010000001111001000001100011
11111100000001000010011110000011
00000000000101111000011110010011
11111100111101000010000000100011
11111100000001000010011100000011
00000000011100000000011110010011
11110000111001111101100011100011
00000000100000000000000001101111
00000000000000000000000000010011
11111011100001000010011110000011
11111111111101111000011110010011
11111100111101000010000000100011
00001101110000000000000001101111
11111011110001000010011110000011
00000000001101111001011100010011
11111100000001000010011110000011
00000000111101110000011110110011
11111110000001111000011100010011
00000000000001110100101001100011
00000000000100000000011110010011
00000000111001111001100010110011
00000000000000000000100000010011
00000010110000000000000001101111
00000000000100000000011100010011
00000000000101110101011010010011
00000001111100000000011100010011
01000000111101110000011100110011
00000000111001101101011100110011
00000000000000000000011010010011
00000000111101101001100010110011
00000001000101110110100010110011
00000000000100000000011100010011
00000000111101110001100000110011
11111100100001000010011110000011
00000001000001111110011110110011
11111100111101000010010000100011
11111100110001000010011110000011
00000001000101111110011110110011
11111100111101000010011000100011
11111011110001000010011110000011
00000000001101111001011100010011
11111100000001000010011110000011
00000000111101110000011110110011
11111110000001111000011100010011
00000000000001110100101001100011
11111010010001000010011110000011
00000000111001111101001100110011
00000000000000000000001110010011
00000010110000000000000001101111
11111010010001000010011100000011
00000000000101110001011010010011
00000001111100000000011100010011
01000000111101110000011100110011
00000000111001101001011100110011
11111010000001000010011010000011
00000000111101101101001100110011
00000000011001110110001100110011
11111010010001000010011100000011
00000000111101110101001110110011
00000000000100110111110100010011
00000000000000111111110110010011
00000001101000000000011110110011
00000001101101111110011110110011
00000000000001111001111001100011
11111100000001000010011110000011
11111111111101111000011110010011
11111100111101000010000000100011
11111100000001000010011110000011
11110010000001111101001011100011
00000000100000000000000001101111
00000000000000000000000000010011
11111100100001000010011100000011
11111100110001000010011110000011
00000000111000000000010100110011
00000000111100000000010110110011
00000111110000010010010000000011
00000111100000010010100100000011
00000111010000010010100110000011
00000111000000010010101000000011
00000110110000010010101010000011
00000110100000010010101100000011
00000110010000010010101110000011
00000110000000010010110000000011
00000101110000010010110010000011
00000101100000010010110100000011
00000101010000010010110110000011
00001000000000010000000100010011
00000000000000001000000001100111
11111000000000010000000100010011
00000110100000010010111000100011
00000111001000010010110000100011
00000111001100010010101000100011
00000111010000010010100000100011
00000111010100010010011000100011
00000111011000010010010000100011
00000111011100010010001000100011
00000111100000010010000000100011
00000101100100010010111000100011
00000101101000010010110000100011
00000101101100010010101000100011
00001000000000010000010000010011
11111010101001000010011000100011
11111010101101000010000000100011
11111010110001000010001000100011
00000000000000000000011100010011
00000000000000000000011110010011
11111100111001000010010000100011
11111100111101000010011000100011
11111010110001000010011110000011
01000001111101111101011100010011
00000000011101110111011100010011
00000000111101110000011110110011
01000000001101111101011110010011
11111010111101000010111000100011
11111010110001000010011100000011
01000001111101110101011110010011
00000001110101111101011110010011
00000000111101110000011100110011
00000000011101110111011100010011
01000000111101110000011110110011
11111010111101000010110000100011
11111011110001000010011110000011
00000000000101111000011110010011
11111100111101000010001000100011
11111011100001000010011110000011
00000000000101111000011110010011
11111100111101000010000000100011
00001111100000000000000001101111
11111100010001000010011110000011
00000000001101111001011100010011
11111100000001000010011110000011
00000000111101110000011100110011
11111110000001110000011110010011
00000000000001111100101001100011
00000000000100000000011100010011
00000000111101110001101110110011
00000000000000000000101100010011
00000010110000000000000001101111
00000000000100000000011110010011
00000000000101111101011010010011
00000001111100000000011110010011
01000000111001111000011110110011
00000000111101101101011110110011
00000000000000000000011010010011
00000000111001101001101110110011
00000001011101111110101110110011
00000000000100000000011110010011
00000000111001111001101100110011
11111100100001000010011110000011
00000001011001111110011110110011
11111100111101000010010000100011
11111100110001000010011110000011
00000001011101111110011110110011
11111100111101000010011000100011
11111100010001000010011110000011
00000000001101111001011100010011
11111100000001000010011110000011
00000000111101110000011100110011
11111110000001110000011110010011
00000000000001111100101001100011
11111010010001000010011100000011
00000000111101110101110000110011
00000000000000000000110010010011
00000010110000000000000001101111
11111010010001000010011110000011
00000000000101111001011010010011
00000001111100000000011110010011
01000000111001111000011110110011
00000000111101101001011110110011
11111010000001000010011010000011
00000000111001101101110000110011
00000001100001111110110000110011
11111010010001000010011110000011
00000000111001111101110010110011
00000000000111000111011110010011
11111000111101000010110000100011
00000000000011001111011110010011
11111000111101000010111000100011
11111001100001000010011010000011
11111001110001000010011100000011
00000000110100000000011110110011
00000000111001111110011110110011
00000010000001111001110001100011
11111100010001000010011110000011
00000000000101111000011110010011
11111100111101000010001000100011
11111100000001000010011110000011
00000000000101111000011110010011
11111100111101000010000000100011
11111100010001000010011100000011
00000000011100000000011110010011
00000000111001111100110001100011
11111100000001000010011100000011
00000000011100000000011110010011
11101110111001111101110011100011
00000000100000000000000001101111
00000000000000000000000000010011
11111011110001000010011110000011
00000000000101111000011110010011
11111100111101000010001000100011
11111011100001000010011110000011
11111111111101111000011110010011
11111100111101000010000000100011
00001111100000000000000001101111
11111100010001000010011110000011
00000000001101111001011100010011
11111100000001000010011110000011
00000000111101110000011110110011
11111110000001111000011100010011
00000000000001110100101001100011
00000000000100000000011110010011
00000000111001111001100110110011
00000000000000000000100100010011
00000010110000000000000001101111
00000000000100000000011100010011
00000000000101110101011010010011
00000001111100000000011100010011
01000000111101110000011100110011
00000000111001101101011100110011
00000000000000000000011010010011
00000000111101101001100110110011
00000001001101110110100110110011
00000000000100000000011100010011
00000000111101110001100100110011
11111100100001000010011110000011
00000001001001111110011110110011
11111100111101000010010000100011
11111100110001000010011110000011
00000001001101111110011110110011
11111100111101000010011000100011
11111100010001000010011110000011
00000000001101111001011100010011
11111100000001000010011110000011
00000000111101110000011110110011
11111110000001111000011100010011
00000000000001110100101001100011
11111010010001000010011110000011
00000000111001111101101000110011
00000000000000000000101010010011
00000010110000000000000001101111
11111010010001000010011100000011
00000000000101110001011010010011
00000001111100000000011100010011
01000000111101110000011100110011
00000000111001101001011100110011
11111010000001000010011010000011
00000000111101101101101000110011
00000001010001110110101000110011
11111010010001000010011100000011
00000000111101110101101010110011
00000000000110100111011110010011
11111000111101000010100000100011
00000000000010101111011110010011
11111000111101000010101000100011
11111001000001000010011010000011
11111001010001000010011100000011
00000000110100000000011110110011
00000000111001111110011110110011
00000010000001111001101001100011
11111100010001000010011110000011
00000000000101111000011110010011
11111100111101000010001000100011
11111100000001000010011110000011
11111111111101111000011110010011
11111100111101000010000000100011
11111100010001000010011100000011
00000000011100000000011110010011
00000000111001111100101001100011
11111100000001000010011110000011
11101110000001111101111011100011
00000000100000000000000001101111
00000000000000000000000000010011
11111011110001000010011110000011
11111111111101111000011110010011
11111100111101000010001000100011
11111011100001000010011110000011
00000000000101111000011110010011
11111100111101000010000000100011
00001111100000000000000001101111
11111100010001000010011110000011
00000000001101111001011100010011
11111100000001000010011110000011
00000000111101110000011110110011
11111110000001111000011100010011
00000000000001110100101001100011
00000000000100000000011110010011
00000000111001111001111010110011
00000000000000000000111000010011
00000010110000000000000001101111
00000000000100000000011100010011
00000000000101110101011010010011
00000001111100000000011100010011
01000000111101110000011100110011
00000000111001101101011100110011
00000000000000000000011010010011
00000000111101101001111010110011
00000001110101110110111010110011
00000000000100000000011100010011
00000000111101110001111000110011
11111100100001000010011110000011
00000001110001111110011110110011
11111100111101000010010000100011
11111100110001000010011110000011
00000001110101111110011110110011
11111100111101000010011000100011
11111100010001000010011110000011
00000000001101111001011100010011
11111100000001000010011110000011
00000000111101110000011110110011
11111110000001111000011100010011
00000000000001110100101001100011
11111010010001000010011110000011
00000000111001111101111100110011
00000000000000000000111110010011
00000010110000000000000001101111
11111010010001000010011100000011
00000000000101110001011010010011
00000001111100000000011100010011
01000000111101110000011100110011
00000000111001101001011100110011
11111010000001000010011010000011
00000000111101101101111100110011
00000001111001110110111100110011
11111010010001000010011100000011
00000000111101110101111110110011
00000000000111110111011110010011
11111000111101000010010000100011
00000000000011111111011110010011
11111000111101000010011000100011
11111000100001000010011010000011
11111000110001000010011100000011
00000000110100000000011110110011
00000000111001111110011110110011
00000010000001111001101001100011
11111100010001000010011110000011
11111111111101111000011110010011
11111100111101000010001000100011
11111100000001000010011110000011
00000000000101111000011110010011
11111100111101000010000000100011
11111100010001000010011110000011
00000000000001111100110001100011
11111100000001000010011100000011
00000000011100000000011110010011
11101110111001111101111011100011
00000000100000000000000001101111
00000000000000000000000000010011
11111011110001000010011110000011
11111111111101111000011110010011
11111100111101000010001000100011
11111011100001000010011110000011
11111111111101111000011110010011
11111100111101000010000000100011
00001110100000000000000001101111
11111100010001000010011110000011
00000000001101111001011100010011
11111100000001000010011110000011
00000000111101110000011110110011
11111110000001111000011100010011
00000000000001110100101001100011
00000000000100000000011110010011
00000000111001111001100010110011
00000000000000000000100000010011
00000010110000000000000001101111
00000000000100000000011100010011
00000000000101110101011010010011
00000001111100000000011100010011
01000000111101110000011100110011
00000000111001101101011100110011
00000000000000000000011010010011
00000000111101101001100010110011
00000001000101110110100010110011
00000000000100000000011100010011
00000000111101110001100000110011
11111100100001000010011110000011
00000001000001111110011110110011
11111100111101000010010000100011
11111100110001000010011110000011
00000001000101111110011110110011
11111100111101000010011000100011
11111100010001000010011110000011
00000000001101111001011100010011
11111100000001000010011110000011
00000000111101110000011110110011
11111110000001111000011100010011
00000000000001110100101001100011
11111010010001000010011110000011
00000000111001111101001100110011
00000000000000000000001110010011
00000010110000000000000001101111
11111010010001000010011100000011
00000000000101110001011010010011
00000001111100000000011100010011
01000000111101110000011100110011
00000000111001101001011100110011
11111010000001000010011010000011
00000000111101101101001100110011
00000000011001110110001100110011
11111010010001000010011100000011
00000000111101110101001110110011
00000000000100110111110100010011
00000000000000111111110110010011
00000001101000000000011110110011
00000001101101111110011110110011
00000010000001111001100001100011
11111100010001000010011110000011
11111111111101111000011110010011
11111100111101000010001000100011
11111100000001000010011110000011
11111111111101111000011110010011
11111100111101000010000000100011
11111100010001000010011110000011
00000000000001111100101001100011
11111100000001000010011110000011
11110000000001111101100011100011
00000000100000000000000001101111
00000000000000000000000000010011
11111100100001000010011100000011
11111100110001000010011110000011
00000000111000000000010100110011
00000000111100000000010110110011
00000111110000010010010000000011
00000111100000010010100100000011
00000111010000010010100110000011
00000111000000010010101000000011
00000110110000010010101010000011
00000110100000010010101100000011
00000110010000010010101110000011
00000110000000010010110000000011
00000101110000010010110010000011
00000101100000010010110100000011
00000101010000010010110110000011
00001000000000010000000100010011
00000000000000001000000001100111
11111101000000010000000100010011
00000010100000010010011000100011
00000011000000010000010000010011
11111110101001000010010000100011
11111110101101000010011000100011
11111110110001000010000000100011
11111110110101000010001000100011
11111100111001000010111000100011
11111110100001000010011100000011
11111110000001000010011110000011
00000010111101110000011100110011
11111110110001000010011110000011
00000000000001111101001100010011
00000000000000000000001110010011
00000000011000000000011010110011
11111110010001000010011110000011
00000000000001111101100000010011
00000000000000000000100010010011
00000001000000000000011110110011
00000010111101101000011110110011
00000000111101110100011110110011
00000000111100000000011010110011
00000010000000000000011100010011
11111101110001000010011110000011
01000000111101110000011110110011
00000000111101101101011110110011
00000000111100000000010100110011
00000010110000010010010000000011
00000011000000010000000100010011
00000000000000001000000001100111
11111010000000010000000100010011
00000100000100010010111000100011
00000100100000010010110000100011
00000101001000010010101000100011
00000101001100010010100000100011
00000101010000010010011000100011
00000101010100010010010000100011
00000110000000010000010000010011
11111111111111101000001100110111
00000000000000110000001100010011
00000000011000010000000100110011
11111111111111101000011110110111
00000000000001111000011110010011
11111110000001000000011100010011
00000000111101110000011110110011
11111100101001111010011000100011
11111111111111101000011110110111
00000000000001111000011110010011
11111110000001000000011100010011
00000000111101110000011110110011
11111100101101111010010000100011
11111111111111101000011110110111
00000000000001111000011110010011
11111110000001000000011100010011
00000000111101110000011110110011
11111100110001111010001000100011
11111111111111101000011110110111
00000000000001111000011110010011
11111110000001000000011100010011
00000000111101110000011110110011
11111100110101111010000000100011
11111111111111101000011110110111
00000000000001111000011110010011
11111110000001000000011100010011
00000000111101110000011110110011
11111100010001111010011110000011
00000010000001111000010001100011
11111111111111101000011110110111
00000000000001111000011110010011
11111110000001000000011100010011
00000000111101110000011110110011
11111100110001111010010100000011
00000000000000000000000000010011
00000000101000000000011100110011
00000000101100000000011110110011
00000010010000000000000001101111
11111111111111101000011110110111
00000000000001111000011110010011
11111110000001000000011100010011
00000000111101110000011110110011
11111100110001111010010100000011
00000000000000000000000000010011
00000000101000000000011100110011
00000000101100000000011110110011
11111100111001000010010000100011
11111100111101000010011000100011
11111100100001000010010100000011
11111100110001000010010110000011
00000000000000000000000000010011
11111100101001000010001000100011
11111100000001000010111000100011
00010010100000000000000001101111
11111100100001000010011000000011
11111100110001000010011010000011
11111100010001000010010110000011
11111101110001000010010100000011
00000000000000000000000000010011
00000000101000000000011000110011
00000000101100000000011010110011
11111111111111111000011110110111
00000000000001111000011110010011
11111110000001000000011100010011
00000000111101110000011100110011
11111101110001000010011110000011
00000000001101111001011110010011
00000000111101110000011110110011
11111100110001111010100000100011
11111100110101111010101000100011
11111111111111101000011110110111
00000000000001111000011110010011
11111110000001000000011100010011
00000000111101110000011110110011
11111100010001111010011110000011
00000100000001111000101001100011
11111111111111111000011110110111
00000000000001111000011110010011
11111110000001000000011100010011
00000000111101110000011100110011
11111101110001000010011110000011
00000000001101111001011110010011
00000000111101110000011110110011
11111101000001111010011100000011
11111101010001111010011110000011
11111111111111101000011010110111
00000000000001101000011010010011
11111110000001000000011000010011
00000000110101100000011010110011
00000000111000000000010110110011
00000000111100000000011000110011
11111100110001101010010100000011
00000000000000000000000000010011
00000000101000000000011000110011
00000000101100000000011010110011
00000101000000000000000001101111
11111111111111111000011110110111
00000000000001111000011110010011
11111110000001000000011100010011
00000000111101110000011100110011
11111101110001000010011110000011
00000000001101111001011110010011
00000000111101110000011110110011
11111101000001111010011100000011
11111101010001111010011110000011
11111111111111101000011010110111
00000000000001101000011010010011
11111110000001000000011000010011
00000000110101100000011010110011
00000000111000000000010110110011
00000000111100000000011000110011
11111100110001101010010100000011
00000000000000000000000000010011
00000000101000000000011000110011
00000000101100000000011010110011
11111111111111110000011110110111
00000000000001111000011110010011
11111110000001000000011100010011
00000000111101110000011100110011
11111101110001000010011110000011
00000000001101111001011110010011
00000000111101110000011110110011
11111100110001111010100000100011
11111100110101111010101000100011
11111101110001000010011110000011
00000000000101111000011110010011
11111100111101000010111000100011
11111100010001000010011110000011
00000000000100000000011100010011
00000000111101110001011110110011
11111101110001000010011100000011
11101100111101110100011011100011
11111100000001000010110000100011
00100111010000000000000001101111
00000000000000000000000000010011
11111010101001000010110000100011
11111010101101000010111000100011
11111100110001000010011100000011
11111011100001000010011110000011
00000010111101110000011100110011
11111011110001000010011010000011
11111100100001000010011110000011
00000010111101101000011110110011
00000000111101110000011010110011
11111100100001000010011100000011
11111011100001000010011110000011
00000010111101110000011000110011
00000010111101110011100110110011
00000000110000000000100100110011
00000001001101101000011110110011
00000000111100000000100110110011
00000000000010010111101000010011
11111111000000000000011110110111
00000000000001111000011110010011
00000000111110011111101010110011
00000001010000000000010100110011
00000001010100000000010110110011
00000000000000000000000000010011
00000000101000000000011100110011
00000000010100000000011110010011
00011110111001111101110001100011
11111100000001000010111000100011
00000011110000000000000001101111
11111111111111101000011110110111
00000000000001111000011110010011
11111110000001000000011100010011
00000000111101110000011100110011
11111101110001000010011110000011
00000000001101111001011110010011
00000000111101110000011110110011
00000000000000000000011010010011
00000000000000000000011100010011
11111100110101111010100000100011
11111100111001111010101000100011
11111101110001000010011110000011
00000000000101111000011110010011
11111100111101000010111000100011
11111101110001000010011100000011
00000000000000000001011110110111
00000000000001111000011110010011
11111010111101110100111011100011
11111100000001000010111000100011
11111100000001000010101000100011
00010011010000000000000001101111
11111111111111111000011110110111
00000000000001111000011110010011
11111110000001000000011100010011
00000000111101110000011100110011
11111101110001000010011110000011
00000000001101111001011110010011
00000000111101110000011110110011
11111101000001111010010100000011
11111101010001111010010110000011
11111111111111101000011110110111
00000000000001111000011110010011
11111110000001000000011100010011
00000000111101110000011110110011
11111100100001111010011100000011
11111011100001000010011000000011
11111011110001000010011010000011
00000000000000000000000000010011
11111010101001000010101000100011
11111111111111101000011110110111
00000000000001111000011110010011
11111110000001000000011100010011
00000000111101110000011100110011
11111011010001000010011110000011
00000000001101111001011110010011
00000000111101110000011110110011
11111101000001111010011000000011
11111101010001111010011010000011
00000000110000000000011110110011
00000000110101111110011110110011
00000100000001111001100001100011
11111111111111110000011110110111
00000000000001111000011110010011
11111110000001000000011100010011
00000000111101110000011100110011
11111101110001000010011110000011
00000000001101111001011110010011
00000000111101110000011110110011
11111101000001111010011000000011
11111101010001111010011010000011
11111111111111101000011110110111
00000000000001111000011110010011
11111110000001000000011100010011
00000000111101110000011100110011
11111011010001000010011110000011
00000000001101111001011110010011
00000000111101110000011110110011
11111100110001111010100000100011
11111100110101111010101000100011
00000110010000000000000001101111
11111111111111101000011110110111
00000000000001111000011110010011
11111110000001000000011100010011
00000000111101110000011100110011
11111011010001000010011110000011
00000000001101111001011110010011
00000000111101110000011110110011
11111101000001111010011000000011
11111101010001111010011010000011
11111111111111110000011110110111
00000000000001111000011110010011
11111110000001000000011100010011
00000000111101110000011100110011
11111101110001000010011110000011
00000000001101111001011110010011
00000000111101110000011110110011
11111101000001111010011100000011
11111101010001111010011110000011
00000000110000000000010100110011
00000000111000000000010110110011
00000000101101010001010001100011
00000000111101101000011001100011
00000000000100000000011110010011
11111100111101000010101000100011
11111101110001000010011110000011
00000000000101111000011110010011
11111100111101000010111000100011
11111101010001000010011110000011
00000000000001111001110001100011
11111100010001000010011110000011
00000000000100000000011100010011
00000000111101110001011110110011
11111101110001000010011100000011
11101010111101110100110011100011
11111101010001000010011110000011
00000100000001111001011001100011
11111111111111101000011110110111
00000000000001111000011110010011
11111101000001111000011110010011
11111110000001000000011100010011
00000000111101110000011100110011
11111111111111101000011110110111
00000000000001111000011110010011
11111110000001000000011010010011
00000000111101101000011110110011
00000000000000001000011000110111
00000000000001100000011000010011
00000000111000000000010110110011
11111100000001111010010100000011
00000000000000000000000000010011
11111011100001000010011100000011
11111011110001000010011110000011
00000011110000000000000001101111
00000000000000000000000000010011
11111101100001000010011110000011
00000000000101111000011110010011
11111100111101000010110000100011
11111101100001000010011100000011
00000101111101011110011110110111
00000000000001111000011110010011
00001111111101111000011110010011
11011000111001111101000011100011
00010000000000010000011110110111
00010000000001111000010100010011
00000000000000000000000000010011
00000000000000000000011100010011
00000000000000000000011110010011
00000000111000000000010100110011
00000000111100000000010110110011
00000000000000011000001100110111
00000000000000110000001100010011
00000000011000010000000100110011
00000101110000010010000010000011
00000101100000010010010000000011
00000101010000010010100100000011
00000101000000010010100110000011
00000100110000010010101000000011
00000100100000010010101010000011
00000110000000010000000100010011
00000000000000001000000001100111
11111101000000010000000100010011
00000010000100010010011000100011
00000010100000010010010000100011
00000011000000010000010000010011
11111111111000000000001100110111
00000000000000110000001100010011
00000000011000010000000100110011
11111111111000000000011110110111
00000000000001111000011110010011
11111110100001111000011110010011
11111111000001000000011100010011
00000000111101110000011110110011
00000000001000000000011000110111
00000000000001100000011000010011
00000000000000000000010110010011
00000000111100000000010100110011
00000000000000000000000000010011
00010000000000010000011110110111
00110001000001111000010100010011
00000000000000000000000000010011
11111110000001000010011000100011
00000111010000000000000001101111
00010000000000010000011110110111
00010001000001111000011100010011
11111110110001000010011110000011
00000000001001111001011110010011
00000000111101110000011110110011
00000000000001111010010110000011
11111111111000000000011110110111
00000000000001111000011110010011
11111110100001111000011110010011
11111111000001000000011100010011
00000000111101110000011100110011
11111110110001000010011110000011
00000000111101111001011110010011
00000000111101110000011110110011
00000000111100000000011010110011
00000000000000000000011000010011
11111110110001000010010100000011
00000000000000000000000000010011
00000000101000000000011100110011
00000000101100000000011110110011
00000000111000000000011000110011
00000000111100000000011010110011
00010000000000010000011110110111
00110011010001111000010100010011
00000000000000000000000000010011
11111110110001000010011110000011
00000000000101111000011110010011
11111110111101000010011000100011
11111110110001000010011100000011
00000011111100000000011110010011
11111000111001111101010011100011
00010000000000010000011110110111
00110100000001111000010100010011
00000000000000000000000000010011
00010000000000010000011110110111
00110100010001111000010100010011
00000000000000000000000000010011
11111110000001000010011000100011
00000011010000000000000001101111
11111110110001000010010100000011
00000000000000000000000000010011
00000000101000000000011100110011
00000000101100000000011110110011
00000000111000000000011000110011
00000000111100000000011010110011
00010000000000010000011110110111
00110011010001111000010100010011
00000000000000000000000000010011
11111110110001000010011110000011
00000000000101111000011110010011
11111110111101000010011000100011
11111110110001000010011100000011
00000011111100000000011110010011
11111100111001111101010011100011
00010000000000010000011110110111
00110100000001111000010100010011
00000000000000000000000000010011
11111110000001000010011000100011
00001011100000000000000001101111
00010000000000010000011110110111
00010001000001111000011100010011
11111110110001000010011110000011
00000000001001111001011110010011
00000000111101110000011110110011
00000000000001111010011110000011
00000000000100000000011100010011
00000000111101110001011110110011
11111100111101000010111000100011
11111101110001000010011000000011
11111110110001000010010110000011
00010000000000010000011110110111
00110110100001111000010100010011
00000000000000000000000000010011
11111110000001000010010000100011
00000101010000000000000001101111
11111111111000000000011110110111
00000000000001111000011110010011
11111111000001000000011100010011
00000000111101110000011100110011
11111110110001000010011110000011
00000000110001111001011010010011
11111110100001000010011110000011
00000000111101101000011110110011
00000000001101111001011110010011
00000000111101110000011110110011
11111110100001111010011100000011
11111110110001111010011110000011
00000000111000000000011000110011
00000000111100000000011010110011
00010000000000010000011110110111
00111000110001111000010100010011
00000000000000000000000000010011
11111110100001000010011110000011
00000000000101111000011110010011
11111110111101000010010000100011
11111110100001000010011100000011
11111101110001000010011110000011
11111010111101110100010011100011
00010000000000010000011110110111
00110100000001111000010100010011
00000000000000000000000000010011
11111110110001000010011110000011
00000000000101111000011110010011
11111110111101000010011000100011
11111110110001000010011100000011
00000011111100000000011110010011
11110100111001111101001011100011
00010000000000010000011110110111
00111001100001111000010100010011
00000000000000000000000000010011
11111110000001000010011000100011
00000010000000000000000001101111
11111110110001000010010110000011
00010000000000010000011110110111
00111011110001111000010100010011
00000000000000000000000000010011
11111110110001000010011110000011
00000000000101111000011110010011
11111110111101000010011000100011
11111110110001000010011100000011
00000011111100000000011110010011
11111100111001111101111011100011
00010000000000010000011110110111
00110100000001111000010100010011
00000000000000000000000000010011
11111111111000000000011110110111
00000000000001111000011110010011
11111110100001111000011110010011
11111111000001000000011100010011
00000000111101110000011110110011
00000000001000000000011000110111
00000000000001100000011000010011
00000000000000000000010110010011
00000000111100000000010100110011
00000000000000000000000000010011
00010000000000010000011110110111
00111101000001111000010100010011
00000000000000000000000000010011
11111110000001000010011000100011
00000111010000000000000001101111
00010000000000010000011110110111
00100001000001111000011100010011
11111110110001000010011110000011
00000000001001111001011110010011
00000000111101110000011110110011
00000000000001111010010110000011
11111111111000000000011110110111
00000000000001111000011110010011
11111110100001111000011110010011
11111111000001000000011100010011
00000000111101110000011100110011
11111110110001000010011110000011
00000000111101111001011110010011
00000000111101110000011110110011
00000000111100000000011010110011
00000000000100000000011000010011
11111110110001000010010100000011
00000000000000000000000000010011
00000000101000000000011100110011
00000000101100000000011110110011
00000000111000000000011000110011
00000000111100000000011010110011
00010000000000010000011110110111
00110011010001111000010100010011
00000000000000000000000000010011
11111110110001000010011110000011
00000000000101111000011110010011
11111110111101000010011000100011
11111110110001000010011100000011
00000011111100000000011110010011
11111000111001111101010011100011
00010000000000010000011110110111
00110100000001111000010100010011
00000000000000000000000000010011
00010000000000010000011110110111
00111111010001111000010100010011
00000000000000000000000000010011
11111110000001000010011000100011
00000011010000000000000001101111
11111110110001000010010100000011
00000000000000000000000000010011
00000000101000000000011100110011
00000000101100000000011110110011
00000000111000000000011000110011
00000000111100000000011010110011
00010000000000010000011110110111
00110011010001111000010100010011
00000000000000000000000000010011
11111110110001000010011110000011
00000000000101111000011110010011
11111110111101000010011000100011
11111110110001000010011100000011
00000011111100000000011110010011
11111100111001111101010011100011
00010000000000010000011110110111
00110100000001111000010100010011
00000000000000000000000000010011
11111110000001000010011000100011
00001011100000000000000001101111
00010000000000010000011110110111
00100001000001111000011100010011
11111110110001000010011110000011
00000000001001111001011110010011
00000000111101110000011110110011
00000000000001111010011110000011
00000000000100000000011100010011
00000000111101110001011110110011
11111110111101000010000000100011
11111110000001000010011000000011
11111110110001000010010110000011
00010000000000010000011110110111
01000001100001111000010100010011
00000000000000000000000000010011
11111110000001000010001000100011
00000101010000000000000001101111
11111111111000000000011110110111
00000000000001111000011110010011
11111111000001000000011100010011
00000000111101110000011100110011
11111110110001000010011110000011
00000000110001111001011010010011
11111110010001000010011110000011
00000000111101101000011110110011
00000000001101111001011110010011
00000000111101110000011110110011
11111110100001111010011100000011
11111110110001111010011110000011
00000000111000000000011000110011
00000000111100000000011010110011
00010000000000010000011110110111
00111000110001111000010100010011
00000000000000000000000000010011
11111110010001000010011110000011
00000000000101111000011110010011
11111110111101000010001000100011
11111110010001000010011100000011
11111110000001000010011110000011
11111010111101110100010011100011
00010000000000010000011110110111
00110100000001111000010100010011
00000000000000000000000000010011
11111110110001000010011110000011
00000000000101111000011110010011
11111110111101000010011000100011
11111110110001000010011100000011
00000011111100000000011110010011
11110100111001111101001011100011
00010000000000010000011110110111
01000100000001111000010100010011
00000000000000000000000000010011
11111110000001000010011000100011
00000010000000000000000001101111
11111110110001000010010110000011
00010000000000010000011110110111
01000110010001111000010100010011
00000000000000000000000000010011
11111110110001000010011110000011
00000000000101111000011110010011
11111110111101000010011000100011
11111110110001000010011100000011
00000011111100000000011110010011
11111100111001111101111011100011
00010000000000010000011110110111
00110100000001111000010100010011
00000000000000000000000000010011
00000000000000000000011110010011
00000000111100000000010100110011
00000000001000000000001100110111
00000000000000110000001100010011
00000000011000010000000100110011
00000010110000010010000010000011
00000010100000010010010000000011
00000011000000010000000100010011
00000000000000001000000001100111
