11111101000000010000000100010011
00000010000100010010011000100011
00000010100000010010010000100011
00000010100100010010001000100011
00000011000000010000010000010011
11111100101001000010111000100011
11111100101101000010110000100011
11111101110001000010011110000011
00000000001101111111011110010011
00000000000001111001011001100011
00000000000000000000011110010011
00100111000000000000000001101111
00000001111000000000010100010011
00000000000000000000000000010011
11111110101001000010011000100011
00000001100000000000010100010011
00000000000000000000000000010011
00000000101000000000011110110011
11111110111101000010010000100011
11111110100001000010011110000011
00100100000001111000001001100011
11111110100001000010011110000011
11111101100001000010011100000011
00000000111001111010100000100011
11111110110001000010011100000011
11111101100001000010011110000011
00000000111101110001011100110011
11111110100001000010011110000011
00000000111001111010010000100011
11111110100001000010011110000011
00000000000001111010001000100011
11111110100001000010011110000011
00000000000001111010000000100011
11111110100001000010011110000011
11111101110001000010011100000011
00000000111001111010101000100011
11111110100001000010011110000011
00000000100001111010011110000011
00000000000101111001010110010011
00000000000000000000011110010011
11111111111100000000011100010011
00000010000100000000011010010011
00000000001100000000011000010011
00000000000000000000010100010011
00000000000000000000000000010011
00000000101000000000011100110011
11111110100001000010011110000011
00000000111001111010011000100011
11111110100001000010011110000011
00000000110001111010011100000011
11111111111100000000011110010011
00011010111101110000010001100011
11111110100001000010011110000011
00000001010001111010011110000011
00000000001001111111011110010011
00000100000001111000000001100011
11111110100001000010011110000011
00000000110001111010011100000011
11111110100001000010011110000011
00000000100001111010011110000011
00000000111101110000010100110011
11111110100001000010011110000011
00000000100001111010011110000011
00000000000000000000011100010011
00000000000000000000011010010011
00000000000000000000011000010011
00000000111100000000010110110011
00000000000000000000000000010011
00000000101000000000011110110011
00001100000001111000111001100011
00010011100000000000000001101111
11111110100001000010011110000011
00000001010001111010011110000011
00000000000101111111011110010011
00001100000001111000010001100011
11111110100001000010011110000011
00000000100001111010011110000011
00111100000000000000011000010011
00000000111100000000010110110011
00000000000000000000010100010011
00000000000000000000000000010011
11111110101001000010001000100011
11111110010001000010011110000011
00010000000001111100000001100011
11111110100001000010011110000011
00000000110001111010011100000011
11111110100001000010011110000011
00000000100001111010011110000011
00000000000101111001011110010011
00000000111100000000010110110011
00000000111000000000010100110011
00000000000000000000000000010011
11111110100001000010011110000011
00000000110001111010010010000011
11111110100001000010011110000011
00000000110001111010011110000011
00000000000000000000011000010011
00000000111100000000010110110011
11111110010001000010010100000011
00000000000000000000000000010011
00000000101000000000011110110011
00001010111101001001000001100011
11111110100001000010011110000011
00000000110001111010011100000011
11111110100001000010011110000011
00000000100001111010011110000011
00000000111101110000010010110011
11111110100001000010011110000011
00000000110001111010011100000011
11111110100001000010011110000011
00000000100001111010011110000011
00000000111101110000011110110011
00000000000000000000011000010011
00000000111100000000010110110011
11111110010001000010010100000011
00000000000000000000000000010011
00000000101000000000011110110011
00000100111101001001010001100011
00000000000000000000011000010011
00000000000000000000010110010011
11111110010001000010010100000011
00000000000000000000000000010011
00000000101000000000011110110011
00000000000001111100011001100011
11111110100001000010011110000011
00001010100000000000000001101111
00000000000000000000000000010011
11111110100001000010011110000011
00000000110001111010011100000011
11111110100001000010011110000011
00000000100001111010011110000011
00000000111101110000011110110011
00000000111100000000010100110011
00000000000000000000000000010011
00000000100000000000000001101111
00000000000000000000000000010011
11111110100001000010011110000011
00000000110001111010011110000011
00000000111100000000010100110011
00000000000000000000000000010011
00000000100000000000000001101111
00000000000000000000000000010011
00000000000000000000011000010011
00000000000000000000010110010011
11111110010001000010010100000011
00000000000000000000000000010011
00000011000000000000000001101111
00000000000000000000000000010011
11111110100001000010011110000011
00000000110001111010011100000011
11111110100001000010011110000011
00000000100001111010011110000011
00000000000101111001011110010011
00000000111100000000010110110011
00000000111000000000010100110011
00000000000000000000000000010011
00000000100000000000000001101111
00000000000000000000000000010011
00000001100000000000011000010011
00000000000000000000010110010011
11111110100001000010010100000011
00000000000000000000000000010011
11111110100001000010010100000011
00000000000000000000000000010011
00000000100000000000000001101111
00000000000000000000000000010011
00000000000000000000011110010011
00000000111100000000010100110011
00000010110000010010000010000011
00000010100000010010010000000011
00000010010000010010010010000011
00000011000000010000000100010011
00000000000000001000000001100111
11111110000000010000000100010011
00000000000100010010111000100011
00000000100000010010110000100011
00000010000000010000010000010011
11111110101001000010011000100011
11111110110001000010011110000011
00001000000001111000000001100011
11111110110001000010011110000011
00000001010001111010011110000011
00000000000101111111011110010011
00000010000001111000101001100011
11111110110001000010011110000011
00000000110001111010011110000011
00000000111100000000010100110011
00000000000000000000000000010011
11111110110001000010011110000011
00000000110001111010011100000011
11111110110001000010011110000011
00000000100001111010011110000011
00000000111101110000011110110011
00000000111100000000010100110011
00000000000000000000000000010011
00000011010000000000000001101111
11111110110001000010011110000011
00000001010001111010011110000011
00000000001001111111011110010011
00000010000001111000001001100011
11111110110001000010011110000011
00000000110001111010011100000011
11111110110001000010011110000011
00000000100001111010011110000011
00000000000101111001011110010011
00000000111100000000010110110011
00000000111000000000010100110011
00000000000000000000000000010011
11111110110001000010010100000011
00000000000000000000000000010011
00000000100000000000000001101111
00000000000000000000000000010011
00000001110000010010000010000011
00000001100000010010010000000011
00000010000000010000000100010011
00000000000000001000000001100111
11111101000000010000000100010011
00000010100000010010011000100011
00000011000000010000010000010011
11111100101001000010111000100011
11111101110001000010011110000011
00000000010001111010011110000011
11111110111101000010011000100011
11111101110001000010011110000011
00000000000001111010011110000011
11111110111101000010010000100011
11111101110001000010011110000011
00000000100001111010011110000011
11111110111101000010001000100011
11111110010001000010011100000011
11111110100001000010011110000011
01000000111101110000011100110011
11111110110001000010011110000011
00000000111101110000011110110011
11111111111101111000011100010011
11111110010001000010011110000011
00000010111101110111011110110011
00000000111100000000010100110011
00000010110000010010010000000011
00000011000000010000000100010011
00000000000000001000000001100111
11111101000000010000000100010011
00000010100000010010011000100011
00000011000000010000010000010011
11111100101001000010111000100011
11111101110001000010011110000011
00000000010001111010011110000011
11111110111101000010011000100011
11111101110001000010011110000011
00000000000001111010011110000011
11111110111101000010010000100011
11111101110001000010011110000011
00000000100001111010011110000011
11111110111101000010001000100011
11111110010001000010011100000011
11111110110001000010011110000011
01000000111101110000011100110011
11111110100001000010011110000011
00000000111101110000011100110011
11111110010001000010011110000011
00000010111101110111011110110011
00000000111100000000010100110011
00000010110000010010010000000011
00000011000000010000000100010011
00000000000000001000000001100111
11111101000000010000000100010011
00000010000100010010011000100011
00000010100000010010010000100011
00000011000000010000010000010011
11111100101001000010111000100011
11111100101101000010110000100011
11111100110001000010101000100011
11111101110001000010011110000011
00000000010001111010011110000011
11111110111101000010011000100011
11111101110001000010011110000011
00000000000001111010011110000011
11111110111101000010010000100011
11111101110001000010011110000011
00000000100001111010011110000011
11111110111101000010001000100011
11111110010001000010011100000011
11111110100001000010011110000011
01000000111101110000011100110011
11111110110001000010011110000011
00000000111101110000011110110011
11111111111101111000011100010011
11111110010001000010011110000011
00000010111101110111011110110011
11111110111101000010000000100011
11111110000001000010011110000011
00000000000001111001011001100011
00000000000000000000011110010011
00000101100000000000000001101111
11111110000001000010011100000011
11111101100001000010011110000011
00000000111101110111010001100011
00000000111000000000011110110011
11111110111101000010000000100011
11111101110001000010011110000011
00000000110001111010011100000011
11111110100001000010011110000011
00000000111101110000011110110011
11111110000001000010011000000011
11111101010001000010010110000011
00000000111100000000010100110011
00000000000000000000000000010011
11111110100001000010011100000011
11111110000001000010011110000011
00000000111101110000011100110011
11111110010001000010011110000011
00000010111101110111011100110011
11111101110001000010011110000011
00000000111001111010000000100011
11111110000001000010011110000011
00000000111100000000010100110011
00000010110000010010000010000011
00000010100000010010010000000011
00000011000000010000000100010011
00000000000000001000000001100111
11111101000000010000000100010011
00000010000100010010011000100011
00000010100000010010010000100011
00000011000000010000010000010011
11111100101001000010111000100011
11111100101101000010110000100011
11111100110001000010101000100011
11111101110001000010011110000011
00000000010001111010011110000011
11111110111101000010011000100011
11111101110001000010011110000011
00000000000001111010011110000011
11111110111101000010010000100011
11111101110001000010011110000011
00000000100001111010011110000011
11111110111101000010001000100011
11111110010001000010011100000011
11111110110001000010011110000011
01000000111101110000011100110011
11111110100001000010011110000011
00000000111101110000011100110011
11111110010001000010011110000011
00000010111101110111011110110011
11111110111101000010000000100011
11111110000001000010011110000011
00000000000001111001011001100011
00000000000000000000011110010011
00000101100000000000000001101111
11111110000001000010011100000011
11111101100001000010011110000011
00000000111101110111010001100011
00000000111000000000011110110011
11111110111101000010000000100011
11111101110001000010011110000011
00000000110001111010011100000011
11111110110001000010011110000011
00000000111101110000011110110011
11111110000001000010011000000011
00000000111100000000010110110011
11111101010001000010010100000011
00000000000000000000000000010011
11111110110001000010011100000011
11111110000001000010011110000011
00000000111101110000011100110011
11111110010001000010011110000011
00000010111101110111011100110011
11111101110001000010011110000011
00000000111001111010001000100011
11111110000001000010011110000011
00000000111100000000010100110011
00000010110000010010000010000011
00000010100000010010010000000011
00000011000000010000000100010011
00000000000000001000000001100111
11111110000000010000000100010011
00000000100000010010111000100011
00000010000000010000010000010011
11111110101001000010011000100011
11111110101101000010010000100011
11111110110001000010011110000011
00000000100001111010011100000011
11111110110001000010011110000011
00000000000001111010011110000011
01000000111101110000011100110011
11111110110001000010011110000011
00000000010001111010011110000011
00000000111101110000011110110011
11111111111101111000011100010011
11111110110001000010011110000011
00000000100001111010011110000011
00000010111101110111011100110011
11111110100001000010011110000011
00000000111101110111010001100011
00000000111000000000011110110011
11111110111101000010010000100011
11111110110001000010011110000011
00000000000001111010011100000011
11111110100001000010011110000011
00000000111101110000011100110011
11111110110001000010011110000011
00000000100001111010011110000011
00000010111101110111011100110011
11111110110001000010011110000011
00000000111001111010000000100011
11111110100001000010011110000011
00000000111100000000010100110011
00000001110000010010010000000011
00000010000000010000000100010011
00000000000000001000000001100111
11111110000000010000000100010011
00000000100000010010111000100011
00000010000000010000010000010011
11111110101001000010011000100011
11111110101101000010010000100011
11111110110001000010011110000011
00000000100001111010011100000011
11111110110001000010011110000011
00000000010001111010011110000011
01000000111101110000011100110011
11111110110001000010011110000011
00000000000001111010011110000011
00000000111101110000011100110011
11111110110001000010011110000011
00000000100001111010011110000011
00000010111101110111011100110011
11111110100001000010011110000011
00000000111101110111010001100011
00000000111000000000011110110011
11111110111101000010010000100011
11111110110001000010011110000011
00000000010001111010011100000011
11111110100001000010011110000011
00000000111101110000011100110011
11111110110001000010011110000011
00000000100001111010011110000011
00000010111101110111011100110011
11111110110001000010011110000011
00000000111001111010001000100011
11111110100001000010011110000011
00000000111100000000010100110011
00000001110000010010010000000011
00000010000000010000000100010011
00000000000000001000000001100111
