11111101000000010000000100010011
00000010100000010010011000100011
00000011000000010000010000010011
11111100101001000010111000100011
11111101110001000010011110000011
11111111111101111000011110010011
00000000000001111100011110000011
11111110111101000000011110100011
11111110111101000100011110000011
00000000011101111111011110010011
00000000010000000000011100010011
00001110111101110110111001100011
00000000001001111001011100010011
00010000000000010000011110110111
00000000000001111000011110010011
00000000111101110000011110110011
00000000000001111010011110000011
00000000000001111000000001100111
11111110111101000100011110000011
00000000001101111101011110010011
00001111111101111111011110010011
00001101100000000000000001101111
11111101110001000010011110000011
11111111110101111000011110010011
00000000000001111100011110000011
00001100100000000000000001101111
11111101110001000010011110000011
11111111101101111000011110010011
00000000000001111100011100000011
00000000000101111100011110000011
00000000100001111001011110010011
00000000111001111110011110110011
00000001000001111001011110010011
00000001000001111101011110010011
00001010010000000000000001101111
11111101110001000010011110000011
11111111011101111000011110010011
00000000000001111100011100000011
00000000000101111100011010000011
00000000100001101001011010010011
00000000111001101110011100110011
00000000001001111100011010000011
00000001000001101001011010010011
00000000111001101110011100110011
00000000001101111100011110000011
00000001100001111001011110010011
00000000111001111110011110110011
00000111000000000000000001101111
11111101110001000010011110000011
11111110111101111000011110010011
00000000000001111100011100000011
00000000000101111100011010000011
00000000100001101001011010010011
00000000111001101110011100110011
00000000001001111100011010000011
00000001000001101001011010010011
00000000111001101110011100110011
00000000001101111100011010000011
00000001100001101001011010010011
00000000111001101110011100110011
00000000111000000000010100110011
00000000010001111100011100000011
00000000010101111100011010000011
00000000100001101001011010010011
00000000111001101110011100110011
00000000011001111100011010000011
00000001000001101001011010010011
00000000111001101110011100110011
00000000011101111100011110000011
00000001100001111001011110010011
00000000111001111110011110110011
00000000111100000000010110110011
00000000101000000000011110110011
00000000100000000000000001101111
00000000000000000000011110010011
00000000111100000000010100110011
00000010110000010010010000000011
00000011000000010000000100010011
00000000000000001000000001100111
11111101000000010000000100010011
00000010100000010010011000100011
00000011000000010000010000010011
11111100101001000010111000100011
11111100101101000010110000100011
00000000000000000001011110110111
00000000000001111000011110010011
01010000010101111000011110010011
11111110111101000010011000100011
00000010110000000000000001101111
11111110110001000010011110000011
00000000010101111001011100010011
11111110110001000010011110000011
00000000111101110000011100110011
11111101110001000010011110000011
00000000000101111000011010010011
11111100110101000010111000100011
00000000000001111100011110000011
00000000111101110000011110110011
11111110111101000010011000100011
11111101100001000010011110000011
11111111111101111000011100010011
11111100111001000010110000100011
11111100000001111001011011100011
11111110110001000010011110000011
00000000111100000000010100110011
00000010110000010010010000000011
00000011000000010000000100010011
00000000000000001000000001100111
11111110000000010000000100010011
00000000100000010010111000100011
00000010000000010000010000010011
11111110101001000010011000100011
11111110110001000010011110000011
00000000000001111010000000100011
11111110110001000010011110000011
00000000000001111010010000100011
11111110110001000010011110000011
00000000000001111010011000100011
11111110110001000010011110000011
00000000000001111010100000100011
00000000000000000000000000010011
00000001110000010010010000000011
00000010000000010000000100010011
00000000000000001000000001100111
11111101000000010000000100010011
00000010000100010010011000100011
00000010100000010010010000100011
00000011000000010000010000010011
11111100101001000010111000100011
11111100101101000010110000100011
00000001100000000000010100010011
00000000000000000000000000010011
00000000101000000000011110110011
11111110111101000010011000100011
11111101100001000010011000000011
11111101110001000010010110000011
11111110110001000010010100000011
00000000000000000000000000010011
11111110110001000010011110000011
00000000111100000000010100110011
00000010110000010010000010000011
00000010100000010010010000000011
00000011000000010000000100010011
00000000000000001000000001100111
11111110000000010000000100010011
00000000000100010010111000100011
00000000100000010010110000100011
00000010000000010000010000010011
11111110101001000010011000100011
11111110101101000010010000100011
11111110110001000010001000100011
11111110110001000010010100000011
00000000000000000000000000010011
11111110110001000010011110000011
11111110100001000010011100000011
00000000111001111010001000100011
11111110110001000010011110000011
11111110010001000010011100000011
00000000111001111010101000100011
00000000000000000000011110010011
00000000111100000000010100110011
00000001110000010010000010000011
00000001100000010010010000000011
00000010000000010000000100010011
00000000000000001000000001100111
11111011000000010000000100010011
00000100000100010010011000100011
00000100100000010010010000100011
00000101000000010000010000010011
11111010101001000010111000100011
11111010101101000010110000100011
11111011100001000010010100000011
00000000000000000000000000010011
11111110101001000010001000100011
11111011110001000010011110000011
00000001000001111010011110000011
11111011100001000010011100000011
00000000111101110111011001100011
00000000000100000000011110010011
00011101010000000000000001101111
11111011110001000010011110000011
00000000010001111010011100000011
11111011110001000010011110000011
00000001010001111010011010000011
11111100010001000000011110010011
00000000110100000000011000110011
00000000111000000000010110110011
00000000111100000000010100110011
00000000000000000000000000010011
11111110010001000010011110000011
11111100111101000010011000100011
11111110010001000010011110000011
11111111111101111000011110010011
11111100111101000010100000100011
00000000010000000000010110010011
11111110010001000010010100000011
00000000000000000000000000010011
00000000101000000000011110110011
11111100111101000010001000100011
11111011110001000010011110000011
00000001000001111010011110000011
11111100111101000010101000100011
11111110000001000010011000100011
00001110010000000000000001101111
11111011110001000010011110000011
00000000000001111010011100000011
11111110110001000010011110000011
00000000001001111001011110010011
00000000111101110000011110110011
00000000000001111010011110000011
00001010000001111000110001100011
11111011110001000010011110000011
00000000000001111010011100000011
11111110110001000010011110000011
00000000001001111001011110010011
00000000111101110000011110110011
00000000000001111010011110000011
11111110111101000010010000100011
00001000110000000000000001101111
11111110100001000010011110000011
00000000100001111010011110000011
11111110111101000010000000100011
11111011110001000010011110000011
00000000010001111010011110000011
00000000000001111010011100000011
11111110100001000010011110000011
00000000000001111010011110000011
00000000111100000000010100110011
00000000000001110000000011100111
00000000101000000000011100110011
11111101000001000010011110000011
00000000111101110111011110110011
11111100111101000010111000100011
11111100010001000010011100000011
11111101110001000010011110000011
00000000001001111001011110010011
00000000111101110000011110110011
00000000000001111010011100000011
11111110100001000010011110000011
00000000111001111010010000100011
11111100010001000010011100000011
11111101110001000010011110000011
00000000001001111001011110010011
00000000111101110000011110110011
11111110100001000010011100000011
00000000111001111010000000100011
11111011110001000010011110000011
00000001000001111010011110000011
11111111111101111000011100010011
11111011110001000010011110000011
00000000111001111010100000100011
11111110000001000010011110000011
11111110111101000010010000100011
11111110100001000010011110000011
11110110000001111001101011100011
00000000100000000000000001101111
00000000000000000000000000010011
11111110110001000010011110000011
00000000000101111000011110010011
11111110111101000010011000100011
11111011110001000010011110000011
00000000100001111010011110000011
11111110110001000010011100000011
00000000111101110111100001100011
11111011110001000010011110000011
00000001000001111010011110000011
11110000000001111001010011100011
11111011110001000010011110000011
00000001000001111010011110000011
00000010000001111000001001100011
00010000000000010000011110110111
00101001010001111000011010010011
00000111111000000000011000010011
00010000000000010000011110110111
00000001010001111000010110010011
00010000000000010000011110110111
00001001010001111000010100010011
00000000000000000000000000010011
11111011110001000010011110000011
00000000000001111010011110000011
00000000111100000000010100110011
00000000000000000000000000010011
11111011110001000010011110000011
11111100010001000010100000000011
11111100100001000010010100000011
11111100110001000010010110000011
11111101000001000010011000000011
11111101010001000010011010000011
11111101100001000010011100000011
00000001000001111010000000100011
00000000101001111010001000100011
00000000101101111010010000100011
00000000110001111010011000100011
00000000110101111010100000100011
00000000111001111010101000100011
00000000000000000000011110010011
00000000111100000000010100110011
00000100110000010010000010000011
00000100100000010010010000000011
00000101000000010000000100010011
00000000000000001000000001100111
11111101000000010000000100010011
00000010000100010010011000100011
00000010100000010010010000100011
00000011000000010000010000010011
11111100101001000010111000100011
11111100101101000010110000100011
11111100110001000010101000100011
11111101100001000010010110000011
11111101110001000010010100000011
00000000000000000000000000010011
11111110101001000010011000100011
11111110110001000010011100000011
11111111111100000000011110010011
00000000111101110001011001100011
00000000000100000000011110010011
00010000000000000000000001101111
00000000110000000000010100010011
00000000000000000000000000010011
00000000101000000000011110110011
11111110111101000010010000100011
11111101110001000010011110000011
00000000000001111010011100000011
11111110110001000010011110000011
00000000001001111001011110010011
00000000111101110000011110110011
00000000000001111010011100000011
11111110100001000010011110000011
00000000111001111010010000100011
11111101110001000010011110000011
00000000000001111010011100000011
11111110110001000010011110000011
00000000001001111001011110010011
00000000111101110000011110110011
11111110100001000010011100000011
00000000111001111010000000100011
11111101110001000010011110000011
00000000010001111010011110000011
00000000010001111010011110000011
00000010000001111000101001100011
11111101110001000010011110000011
00000000010001111010011110000011
00000000010001111010011100000011
11111101110001000010011110000011
00000001010001111010011110000011
11111101100001000010010110000011
00000000111100000000010100110011
00000000000001110000000011100111
00000000101000000000011100110011
11111110100001000010011110000011
00000000111001111010000000100011
00000001000000000000000001101111
11111110100001000010011110000011
11111101100001000010011100000011
00000000111001111010000000100011
11111101110001000010011110000011
00000000010001111010011110000011
00000000100001111010011110000011
00000010000001111000101001100011
11111101110001000010011110000011
00000000010001111010011110000011
00000000100001111010011100000011
11111101110001000010011110000011
00000001010001111010011110000011
11111101010001000010010110000011
00000000111100000000010100110011
00000000000001110000000011100111
00000000101000000000011100110011
11111110100001000010011110000011
00000000111001111010001000100011
00000001000000000000000001101111
11111110100001000010011110000011
11111101010001000010011100000011
00000000111001111010001000100011
11111101110001000010011110000011
00000001000001111010011110000011
00000000000101111000011100010011
11111101110001000010011110000011
00000000111001111010100000100011
00000000000000000000011110010011
00000000111100000000010100110011
00000010110000010010000010000011
00000010100000010010010000000011
00000011000000010000000100010011
00000000000000001000000001100111
11111101000000010000000100010011
00000010000100010010011000100011
00000010100000010010010000100011
00000011000000010000010000010011
11111100101001000010111000100011
11111100101101000010110000100011
11111100110001000010101000100011
11111101010001000010011000000011
11111101100001000010010110000011
11111101110001000010010100000011
00000000000000000000000000010011
00000000101000000000011110110011
00000000000001111001011001100011
00000000000100000000011110010011
00001011010000000000000001101111
11111101100001000010010110000011
11111101110001000010010100000011
00000000000000000000000000010011
11111110101001000010011000100011
11111110110001000010011110000011
00000000000001111010011100000011
11111110111001000010000000100011
00000000010001111010011100000011
11111110111001000010001000100011
00000000100001111010011110000011
11111110111101000010010000100011
11111101110001000010011110000011
00000000010001111010011110000011
00000000100001111010011110000011
00000010000001111000101001100011
11111101110001000010011110000011
00000000010001111010011110000011
00000000100001111010011100000011
11111101110001000010011110000011
00000001010001111010011110000011
11111101010001000010010110000011
00000000111100000000010100110011
00000000000001110000000011100111
00000000101000000000011100110011
11111110110001000010011110000011
00000000111001111010001000100011
00000001000000000000000001101111
11111110110001000010011110000011
11111101010001000010011100000011
00000000111001111010001000100011
11111101110001000010011110000011
00000000010001111010011110000011
00000001010001111010011110000011
00000010000001111000010001100011
11111101110001000010011110000011
00000000010001111010011110000011
00000001010001111010011010000011
11111101110001000010011110000011
00000001010001111010011110000011
11111110010001000010011100000011
00000000111000000000010110110011
00000000111100000000010100110011
00000000000001101000000011100111
00000000000000000000011110010011
00000000111100000000010100110011
00000010110000010010000010000011
00000010100000010010010000000011
00000011000000010000000100010011
00000000000000001000000001100111
11111101000000010000000100010011
00000010000100010010011000100011
00000010100000010010010000100011
00000011000000010000010000010011
11111100101001000010111000100011
11111100101101000010110000100011
11111101110001000010011110000011
00000000100001111010011110000011
00000000000001111001011001100011
00000000000100000000011110010011
00011010100000000000000001101111
11111101110001000010011110000011
00000000010001111010011110000011
00000000000001111010011110000011
11111101100001000010010100000011
00000000000001111000000011100111
00000000101000000000011100110011
11111101110001000010011110000011
00000000110001111010011110000011
00000000111101110111011110110011
11111110111101000010001000100011
11111101110001000010011110000011
00000000000001111010011100000011
11111110010001000010011110000011
00000000001001111001011110010011
00000000111101110000011110110011
00000000000001111010011110000011
11111110111101000010011000100011
11111110000001000010010000100011
00010101000000000000000001101111
11111101110001000010011110000011
00000000010001111010011110000011
00000000110001111010011110000011
00000100000001111000000001100011
11111101110001000010011110000011
00000000010001111010011110000011
00000000110001111010011010000011
11111101110001000010011110000011
00000001010001111010011100000011
11111110110001000010011110000011
00000000000001111010011110000011
00000000111100000000011000110011
11111101100001000010010110000011
00000000111000000000010100110011
00000000000001101000000011100111
00000000101000000000011110110011
00000000111100000011011110110011
00001111111101111111011110010011
00000001110000000000000001101111
11111110110001000010011110000011
00000000000001111010011110000011
11111101100001000010011100000011
01000000111101110000011110110011
00000000000101111011011110010011
00001111111101111111011110010011
00001100000001111000101001100011
11111110100001000010011110000011
00000000000001111000110001100011
11111110110001000010011110000011
00000000100001111010011100000011
11111110100001000010011110000011
00000000111001111010010000100011
00000010010000000000000001101111
11111101110001000010011110000011
00000000000001111010011100000011
11111110010001000010011110000011
00000000001001111001011110010011
00000000111101110000011110110011
11111110110001000010011100000011
00000000100001110010011100000011
00000000111001111010000000100011
11111101110001000010011110000011
00000000010001111010011110000011
00000001000001111010011110000011
00000010000001111000011001100011
11111101110001000010011110000011
00000000010001111010011110000011
00000001000001111010011010000011
11111101110001000010011110000011
00000001010001111010011100000011
11111110110001000010011110000011
00000000000001111010011110000011
00000000111100000000010110110011
00000000111000000000010100110011
00000000000001101000000011100111
11111101110001000010011110000011
00000000010001111010011110000011
00000001010001111010011110000011
00000010000001111000011001100011
11111101110001000010011110000011
00000000010001111010011110000011
00000001010001111010011010000011
11111101110001000010011110000011
00000001010001111010011100000011
11111110110001000010011110000011
00000000010001111010011110000011
00000000111100000000010110110011
00000000111000000000010100110011
00000000000001101000000011100111
11111110110001000010010100000011
00000000000000000000000000010011
11111101110001000010011110000011
00000001000001111010011110000011
11111111111101111000011100010011
11111101110001000010011110000011
00000000111001111010100000100011
00000000000000000000011110010011
00000010010000000000000001101111
11111110110001000010011110000011
11111110111101000010010000100011
11111110110001000010011110000011
00000000100001111010011110000011
11111110111101000010011000100011
11111110110001000010011110000011
11101010000001111001100011100011
00000000000100000000011110010011
00000000111100000000010100110011
00000010110000010010000010000011
00000010100000010010010000000011
00000011000000010000000100010011
00000000000000001000000001100111
11111101000000010000000100010011
00000010000100010010011000100011
00000010100000010010010000100011
00000011000000010000010000010011
11111100101001000010111000100011
11111110000001000010011000100011
00001110100000000000000001101111
11111101110001000010011110000011
00000000000001111010011100000011
11111110110001000010011110000011
00000000001001111001011110010011
00000000111101110000011110110011
00000000000001111010011110000011
11111110111101000010010000100011
11111110100001000010011110000011
00001010000001111000101001100011
00001010010000000000000001101111
11111110100001000010011110000011
00000000100001111010011110000011
11111110111101000010001000100011
11111101110001000010011110000011
00000000010001111010011110000011
00000001000001111010011110000011
00000010000001111000011001100011
11111101110001000010011110000011
00000000010001111010011110000011
00000001000001111010011010000011
11111101110001000010011110000011
00000001010001111010011100000011
11111110100001000010011110000011
00000000000001111010011110000011
00000000111100000000010110110011
00000000111000000000010100110011
00000000000001101000000011100111
11111101110001000010011110000011
00000000010001111010011110000011
00000001010001111010011110000011
00000010000001111000011001100011
11111101110001000010011110000011
00000000010001111010011110000011
00000001010001111010011010000011
11111101110001000010011110000011
00000001010001111010011100000011
11111110100001000010011110000011
00000000010001111010011110000011
00000000111100000000010110110011
00000000111000000000010100110011
00000000000001101000000011100111
11111110100001000010010100000011
00000000000000000000000000010011
11111101110001000010011110000011
00000001000001111010011110000011
11111111111101111000011100010011
11111101110001000010011110000011
00000000111001111010100000100011
11111110010001000010011110000011
11111110111101000010010000100011
11111110100001000010011110000011
11110100000001111001111011100011
00000000100000000000000001101111
00000000000000000000000000010011
11111110110001000010011110000011
00000000000101111000011110010011
11111110111101000010011000100011
11111101110001000010011110000011
00000000100001111010011110000011
11111110110001000010011100000011
00000000111101110111100001100011
11111101110001000010011110000011
00000001000001111010011110000011
11110000000001111001001011100011
11111101110001000010011110000011
00000000000001111010011110000011
00000000111100000000010100110011
00000000000000000000000000010011
11111101110001000010010100000011
00000000000000000000000000010011
00000000000000000000011110010011
00000000111100000000010100110011
00000010110000010010000010000011
00000010100000010010010000000011
00000011000000010000000100010011
00000000000000001000000001100111
11111110000000010000000100010011
00000000000100010010111000100011
00000000100000010010110000100011
00000010000000010000010000010011
11111110101001000010011000100011
11111110110001000010010100000011
00000000000000000000000000010011
11111110110001000010010100000011
00000000000000000000000000010011
00000000000000000000000000010011
00000001110000010010000010000011
00000001100000010010010000000011
00000010000000010000000100010011
00000000000000001000000001100111
11111101000000010000000100010011
00000010000100010010011000100011
00000010100000010010010000100011
00000011000000010000010000010011
11111100101001000010111000100011
11111100101101000010110000100011
11111101110001000010011110000011
00000000100001111010011110000011
00000000000001111001011001100011
00000000000000000000011110010011
00001101010000000000000001101111
11111101110001000010011110000011
00000000010001111010011110000011
00000000000001111010011110000011
11111101100001000010010100000011
00000000000001111000000011100111
00000000101000000000011100110011
11111101110001000010011110000011
00000000110001111010011110000011
00000000111101110111011110110011
11111110111101000010010000100011
11111101110001000010011110000011
00000000000001111010011100000011
11111110100001000010011110000011
00000000001001111001011110010011
00000000111101110000011110110011
00000000000001111010011110000011
11111110111101000010011000100011
00001000000000000000000001101111
11111101110001000010011110000011
00000000010001111010011110000011
00000000110001111010011110000011
00000100000001111000000001100011
11111101110001000010011110000011
00000000010001111010011110000011
00000000110001111010011010000011
11111101110001000010011110000011
00000001010001111010011100000011
11111110110001000010011110000011
00000000000001111010011110000011
00000000111100000000011000110011
11111101100001000010010110000011
00000000111000000000010100110011
00000000000001101000000011100111
00000000101000000000011110110011
00000000111100000011011110110011
00001111111101111111011110010011
00000001110000000000000001101111
11111110110001000010011110000011
00000000000001111010011110000011
11111101100001000010011100000011
01000000111101110000011110110011
00000000000101111011011110010011
00001111111101111111011110010011
00000000000001111000011001100011
11111110110001000010011110000011
00000001110000000000000001101111
11111110110001000010011110000011
00000000100001111010011110000011
11111110111101000010011000100011
11111110110001000010011110000011
11111000000001111001000011100011
00000000000000000000011110010011
00000000111100000000010100110011
00000010110000010010000010000011
00000010100000010010010000000011
00000011000000010000000100010011
00000000000000001000000001100111
11111101000000010000000100010011
00000010000100010010011000100011
00000010100000010010010000100011
00000011000000010000010000010011
11111100101001000010111000100011
00000001000000000000010100010011
00000000000000000000000000010011
00000000101000000000011110110011
11111110111101000010011000100011
11111110110001000010011110000011
11111101110001000010011100000011
00000000111001111010000000100011
11111110110001000010011110000011
11111111111100000000011100010011
00000000111001111010001000100011
11111110110001000010011110000011
00000000000001111010010000100011
11111110110001000010011110000011
00000000000001111010011000100011
11111110110001000010011110000011
00000000111100000000010100110011
00000010110000010010000010000011
00000010100000010010010000000011
00000011000000010000000100010011
00000000000000001000000001100111
11111110000000010000000100010011
00000000100000010010111000100011
00000010000000010000010000010011
11111110101001000010011000100011
11111110110001000010011110000011
00000000100001111010011110000011
00000100000001111001111001100011
11111110110001000010011110000011
00000000010001111010011110000011
00000000000101111000011100010011
11111110110001000010011110000011
00000000111001111010001000100011
11111110110001000010011110000011
00000000010001111010011110000011
11111110110001000010011100000011
00000000000001110010011100000011
00000000100001110010011100000011
00000110111001111101011001100011
11111110110001000010011110000011
00000000000001111010011110000011
00000000000001111010011100000011
11111110110001000010011110000011
00000000010001111010011110000011
00000000001001111001011110010011
00000000111101110000011110110011
00000000000001111010011100000011
11111110110001000010011110000011
00000000111001111010010000100011
00000001010000000000000001101111
11111110110001000010011110000011
00000000110001111010011100000011
11111110110001000010011110000011
00000000111001111010010000100011
11111110110001000010011110000011
00000000100001111010011110000011
11111000000001111000001011100011
11111110110001000010011110000011
00000000100001111010011110000011
00000000100001111010011100000011
11111110110001000010011110000011
00000000111001111010011000100011
11111110110001000010011110000011
00000000100001111010011110000011
00000000110000000000000001101111
00000000000000000000000000010011
00000000000000000000011110010011
00000000111100000000010100110011
00000001110000010010010000000011
00000010000000010000000100010011
00000000000000001000000001100111
11111110000000010000000100010011
00000000000100010010111000100011
00000000100000010010110000100011
00000010000000010000010000010011
11111110101001000010011000100011
11111110110001000010010100000011
00000000000000000000000000010011
00000000000000000000000000010011
00000001110000010010000010000011
00000001100000010010010000000011
00000010000000010000000100010011
00000000000000001000000001100111
11111110000000010000000100010011
00000000000100010010111000100011
00000000100000010010110000100011
00000010000000010000010000010011
11111110101001000010011000100011
11111110110001000010011110000011
00000000100001111010011110000011
00000000000001111001110001100011
00000000010000000000010110010011
11111110110001000010010100000011
00000000000000000000000000010011
00000000101000000000011110110011
00000011110000000000000001101111
11111110110001000010011110000011
00000001000001111010011100000011
11111110110001000010011110000011
00000000100001111010011110000011
00000010111101110001001001100011
11111110110001000010011110000011
00000000100001111010011110000011
00000000000101111001011110010011
00000000111100000000010110110011
11111110110001000010010100000011
00000000000000000000000000010011
00000000101000000000011110110011
00000000100000000000000001101111
00000000000000000000011110010011
00000000111100000000010100110011
00000001110000010010000010000011
00000001100000010010010000000011
00000010000000010000000100010011
00000000000000001000000001100111
11111101000000010000000100010011
00000010100000010010011000100011
00000011000000010000010000010011
11111100101001000010111000100011
00000000010000000000011110010011
11111110111101000010011000100011
11111101110001000010011100000011
10000000000000000000011110110111
00000000000001111000011110010011
11111111111001111100011110010011
00000000111001111111101001100011
10000000000000000000011110110111
00000000000001111000011110010011
11111111111101111100011110010011
00000010100000000000000001101111
11111110110001000010011100000011
11111101110001000010011110000011
00000000111101110110011001100011
11111110110001000010011110000011
00000001010000000000000001101111
11111110110001000010011110000011
00000000000101111001011110010011
11111110111101000010011000100011
11111110000111111111000001101111
00000000111100000000010100110011
00000010110000010010010000000011
00000011000000010000000100010011
00000000000000001000000001100111
11111101000000010000000100010011
00000010000100010010011000100011
00000010100000010010010000100011
00000011000000010000010000010011
11111100101001000010111000100011
11111100101101000010110000100011
11111101110001000010010100000011
00000000000000000000000000010011
00000000101000000000011100110011
00000000000100000000011110010011
00000000111101110001011001100011
11111111111100000000011110010011
00001101010000000000000001101111
11111101110001000010011110000011
00000000010001111010011110000011
00000000000001111010011110000011
11111101100001000010010100000011
00000000000001111000000011100111
00000000101000000000011100110011
11111101110001000010011110000011
00000000110001111010011110000011
00000000111101110111011110110011
11111110111101000010010000100011
11111101110001000010011110000011
00000000000001111010011100000011
11111110100001000010011110000011
00000000001001111001011110010011
00000000111101110000011110110011
00000000000001111010011110000011
11111110111101000010011000100011
00001000000000000000000001101111
11111101110001000010011110000011
00000000010001111010011110000011
00000000110001111010011110000011
00000100000001111000000001100011
11111101110001000010011110000011
00000000010001111010011110000011
00000000110001111010011010000011
11111101110001000010011110000011
00000001010001111010011100000011
11111110110001000010011110000011
00000000000001111010011110000011
00000000111100000000011000110011
11111101100001000010010110000011
00000000111000000000010100110011
00000000000001101000000011100111
00000000101000000000011110110011
00000000111100000011011110110011
00001111111101111111011110010011
00000001110000000000000001101111
11111110110001000010011110000011
00000000000001111010011110000011
11111101100001000010011100000011
01000000111101110000011110110011
00000000000101111011011110010011
00001111111101111111011110010011
00000000000001111000011001100011
11111111111100000000011110010011
00000001110000000000000001101111
11111110110001000010011110000011
00000000100001111010011110000011
11111110111101000010011000100011
11111110110001000010011110000011
11111000000001111001000011100011
11111110100001000010011110000011
00000000111100000000010100110011
00000010110000010010000010000011
00000010100000010010010000000011
00000011000000010000000100010011
00000000000000001000000001100111
11111110000000010000000100010011
00000000000100010010111000100011
00000000100000010010110000100011
00000010000000010000010000010011
11111110101001000010011000100011
11111110110001000010011110000011
00001001100001111010011110000011
00000100000001111000110001100011
11111110110001000010011110000011
00001101110001111010011110000011
00000100000001111000011001100011
11111110110001000010011110000011
00001001100001111010011110000011
00000000000001111010011110000011
00000000000001111001101001100011
11111110110001000010011110000011
00001001100001111010011110000011
00000000010001111010011110000011
00000010000001111000011001100011
11111110110001000010011110000011
00001101110001111010011010000011
11111110110001000010011110000011
00001100010001111010011100000011
11111110110001000010011110000011
00001001100001111010011110000011
00000000000001111010010110000011
00000000010001111010011000000011
00000000111000000000010100110011
00000000000001101000000011100111
00000000000000000000000000010011
00000001110000010010000010000011
00000001100000010010010000000011
00000010000000010000000100010011
00000000000000001000000001100111
11111110000000010000000100010011
00000000000100010010111000100011
00000000100000010010110000100011
00000010000000010000010000010011
11111110101001000010011000100011
11111110110001000010010100000011
00000000000000000000000000010011
00000000101000000000011110110011
00000000111100000000010110110011
11111110110001000010010100000011
00000000000000000000000000010011
00000000101000000000011110110011
00000000111100000000010100110011
00000001110000010010000010000011
00000001100000010010010000000011
00000010000000010000000100010011
00000000000000001000000001100111
11111101000000010000000100010011
00000010000100010010011000100011
00000010100000010010010000100011
00000011000000010000010000010011
11111100101001000010111000100011
11111100101101000010110000100011
00000001000000000000010100010011
00000000000000000000000000010011
00000000101000000000011110110011
11111110111101000010011000100011
00000001000000000000011000010011
11111101100001000010010110000011
11111110110001000010010100000011
00000000000000000000000000010011
11111110110001000010011110000011
00000000111100000000010100110011
00000010110000010010000010000011
00000010100000010010010000000011
00000011000000010000000100010011
00000000000000001000000001100111
11111101000000010000000100010011
00000010000100010010011000100011
00000010100000010010010000100011
00000011000000010000010000010011
11111100101001000010111000100011
11111100101101000010110000100011
11111100110001000010101000100011
11111101100001000010010100000011
00000000000000000000000000010011
00000000101000000000011110110011
11111110111101000010011000100011
11111101010001000010010100000011
00000000000000000000000000010011
00000000101000000000011110110011
11111110111101000010010000100011
11111110110001000010011100000011
11111110100001000010011110000011
00000000111101110000011001100011
00000000000000000000011110010011
00000010010000000000000001101111
11111110110001000010011110000011
00000000111100000000011000110011
11111101010001000010010110000011
11111101100001000010010100000011
00000000000000000000000000010011
00000000101000000000011110110011
00000000000101111011011110010011
00001111111101111111011110010011
00000000111100000000010100110011
00000010110000010010000010000011
00000010100000010010010000000011
00000011000000010000000100010011
00000000000000001000000001100111
11111110000000010000000100010011
00000000000100010010111000100011
00000000100000010010110000100011
00000010000000010000010000010011
11111110101001000010011000100011
11111110101101000010010000100011
11111110100001000010010100000011
00000000000000000000000000010011
00000000000000000000000000010011
00000001110000010010000010000011
00000001100000010010010000000011
00000010000000010000000100010011
00000000000000001000000001100111
11111110000000010000000100010011
00000000000100010010111000100011
00000000100000010010110000100011
00000010000000010000010000010011
11111110101001000010011000100011
11111110101101000010010000100011
11111110100001000010010100000011
00000000000000000000000000010011
00000000000000000000000000010011
00000001110000010010000010000011
00000001100000010010010000000011
00000010000000010000000100010011
00000000000000001000000001100111
11111101000000010000000100010011
00000010000100010010011000100011
00000010100000010010010000100011
00000011000000010000010000010011
11111100101001000010111000100011
00010000100000000000010110010011
11111101110001000010010100000011
00000000000000000000000000010011
11111110101001000010011000100011
11111110110001000010011110000011
00000000000001111001011001100011
00000000000000000000011110010011
00001101110000000000000001101111
11111110110001000010011110000011
11111100111101000010111000100011
11111101110001000010011110000011
00001000100001111010011110000011
11111111110101111111011100010011
11111101110001000010011110000011
00001000111001111010010000100011
11111110110001000010011110000011
00001010000001111010110000100011
11111110110001000010011110000011
00001010000001111010111000100011
11111110110001000010011110000011
00001100000001111010000000100011
11111110110001000010011110000011
00001100000001111010001000100011
11111110110001000010011110000011
00001100000001111010010000100011
11111110110001000010011110000011
00001100000001111010011000100011
11111110110001000010011110000011
00001100000001111010100000100011
11111110110001000010011110000011
00001100000001111010101000100011
11111110110001000010011110000011
00001100000001111010110000100011
11111110110001000010011110000011
00001100000001111010111000100011
11111110110001000010011110000011
00001110000001111010001000100011
11111110110001000010011110000011
00001110000001111010000000100011
11111110110001000010011110000011
00001110000001111010010000100011
11111110110001000010011110000011
00001110000001111010011000100011
11111110110001000010011110000011
00001110000001111010110000100011
11111110110001000010011110000011
00001110000001111010111000100011
00000000000000000000010110010011
00010000000000010000011110110111
00001010010001111000010100010011
00000000000000000000000000010011
00000000101000000000011100110011
11111110110001000010011110000011
00010000111001111010000000100011
00000000000000000000010110010011
00010000000000010000011110110111
00001010010001111000010100010011
00000000000000000000000000010011
00000000101000000000011100110011
11111110110001000010011110000011
00010000111001111010001000100011
11111110110001000010011110000011
00000000111100000000010100110011
00000010110000010010000010000011
00000010100000010010010000000011
00000011000000010000000100010011
00000000000000001000000001100111
11111101000000010000000100010011
00000010100000010010011000100011
00000011000000010000010000010011
11111100101001000010111000100011
11111101110001000010011110000011
00000010000001111000100001100011
11111101110001000010011110000011
11111110111101000010011000100011
11111110110001000010011110000011
00000000000001111010011100000011
11111101110001000010011110000011
00001010111001111010110000100011
11111110110001000010011110000011
00000000010001111000011100010011
11111101110001000010011110000011
00001010111001111010111000100011
00000000100000000000000001101111
00000000000000000000000000010011
00000010110000010010010000000011
00000011000000010000000100010011
00000000000000001000000001100111
11111100000000010000000100010011
00000010000100010010111000100011
00000010100000010010110000100011
00000100000000010000010000010011
11111100101001000010011000100011
11111100110001000010011110000011
00000000000001111010010100000011
00000000010001111010010110000011
00000000100001111010011000000011
00000000110001111010011010000011
00000001000001111010011100000011
00000001010001111010011110000011
11111100101001000010100000100011
11111100101101000010101000100011
11111100110001000010110000100011
11111100110101000010111000100011
11111110111001000010000000100011
11111110111101000010001000100011
11111101010001000010011110000011
00000000000101111110011110010011
11111100111101000010101000100011
11111101000001000000011110010011
00000000111100000000010100110011
00000000000000000000000000010011
11111110101001000010011000100011
11111110110001000010011110000011
00000000000001111001011001100011
00000000000000000000011110010011
00000011010000000000000001101111
11111110110001000010010100000011
00000000000000000000000000010011
11111110101001000010010000100011
11111110100001000010011110000011
00000000000001111001101001100011
11111110110001000010010100000011
00000000000000000000000000010011
00000000000000000000011110010011
00000001000000000000000001101111
11111110100001000010010100000011
00000000000000000000000000010011
11111110100001000010011110000011
00000000111100000000010100110011
00000011110000010010000010000011
00000011100000010010010000000011
00000100000000010000000100010011
00000000000000001000000001100111
11111100000000010000000100010011
00000010000100010010111000100011
00000010100000010010110000100011
00000100000000010000010000010011
11111100101001000010011000100011
11111100101101000010010000100011
11111100000001000010110000100011
11111100000001000010111000100011
11111110000001000010000000100011
11111110000001000010001000100011
11111110000001000010010000100011
11111110000001000010011000100011
11111100000001000010110000100011
11111100110001000010011110000011
11111110111101000010010000100011
11111100100001000010011110000011
11111110111101000010011000100011
11111101100001000000011110010011
00000000111100000000010100110011
00000000000000000000000000010011
00000000101000000000011110110011
00000000111100000000010100110011
00000011110000010010000010000011
00000011100000010010010000000011
00000100000000010000000100010011
00000000000000001000000001100111
11111100000000010000000100010011
00000010000100010010111000100011
00000010100000010010110000100011
00000100000000010000010000010011
11111100101001000010011000100011
11111100101101000010010000100011
11111100110001000010001000100011
11111100000001000010110000100011
11111100000001000010111000100011
11111110000001000010000000100011
11111110000001000010001000100011
11111110000001000010010000100011
11111110000001000010011000100011
11111100000001000010110000100011
11111100110001000010011110000011
11111110111101000010010000100011
11111100100001000010011110000011
11111110111101000010011000100011
11111100010001000010011110000011
11111110111101000010001000100011
11111101100001000000011110010011
00000000111100000000010100110011
00000000000000000000000000010011
00000000101000000000011110110011
00000000111100000000010100110011
00000011110000010010000010000011
00000011100000010010010000000011
00000100000000010000000100010011
00000000000000001000000001100111
11111100000000010000000100010011
00000010000100010010111000100011
00000010100000010010110000100011
00000100000000010000010000010011
11111100101001000010011000100011
11111100101101000010010000100011
11111100110001000010001000100011
11111100000001000010110000100011
11111100000001000010111000100011
11111110000001000010000000100011
11111110000001000010001000100011
11111110000001000010010000100011
11111110000001000010011000100011
11111100000001000010110000100011
11111100110001000010011110000011
11111110111101000010010000100011
11111100100001000010011110000011
11111110111101000010011000100011
11111101110001000010011110000011
00000000001001111110011110010011
11111100111101000010111000100011
11111100010001000010011110000011
11111110111101000010001000100011
11111101100001000000011110010011
00000000111100000000010100110011
00000000000000000000000000010011
00000000101000000000011110110011
00000000111100000000010100110011
00000011110000010010000010000011
00000011100000010010010000000011
00000100000000010000000100010011
00000000000000001000000001100111
11111100000000010000000100010011
00000010000100010010111000100011
00000010100000010010110000100011
00000100000000010000010000010011
11111100101001000010011000100011
11111100000001000010110000100011
11111100000001000010111000100011
11111110000001000010000000100011
11111110000001000010001000100011
11111110000001000010010000100011
11111110000001000010011000100011
00000000000100000000011110010011
11111100111101000010110000100011
11111100110001000010011110000011
11111110111101000010001000100011
11111101100001000000011110010011
00000000111100000000010100110011
00000000000000000000000000010011
00000000101000000000011110110011
00000000111100000000010100110011
00000011110000010010000010000011
00000011100000010010010000000011
00000100000000010000000100010011
00000000000000001000000001100111
11111110000000010000000100010011
00000000000100010010111000100011
00000000100000010010110000100011
00000010000000010000010000010011
11111110101001000010011000100011
11111110101101000010010000100011
11111110110001000010011110000011
00001110010001111010011110000011
00000100000001111001001001100011
11111110110001000010011110000011
11111110100001000010011100000011
00001110111001111010001000100011
11111110110001000010010100000011
00000000000000000000000000010011
11111110110001000010011110000011
00001101000001111010011110000011
00000000000001111000111001100011
11111110110001000010011110000011
00001101000001111010011100000011
11111110110001000010011110000011
00001100010001111010011110000011
00000000111100000000010100110011
00000000000001110000000011100111
00000000000000000000011110010011
00000000100000000000000001101111
11111111111100000000011110010011
00000000111100000000010100110011
00000001110000010010000010000011
00000001100000010010010000000011
00000010000000010000000100010011
00000000000000001000000001100111
11111110000000010000000100010011
00000000100000010010111000100011
00000010000000010000010000010011
11111110101001000010011000100011
11111110101101000010010000100011
11111110110001000010011110000011
00001110000001111010011110000011
00000000000001111001110001100011
11111110110001000010011110000011
11111110100001000010011100000011
00001110111001111010000000100011
00000000000000000000011110010011
00000000100000000000000001101111
11111111111100000000011110010011
00000000111100000000010100110011
00000001110000010010010000000011
00000010000000010000000100010011
00000000000000001000000001100111
11111101000000010000000100010011
00000010000100010010011000100011
00000010100000010010010000100011
00000011000000010000010000010011
11111100101001000010111000100011
11111100101101000010110000100011
00000001000000000000010100010011
00000000000000000000000000010011
00000000101000000000011110110011
11111110111101000010011000100011
11111110110001000010011110000011
00000000000001111001011001100011
00000000010100000000011110010011
00000110100000000000000001101111
11111101100001000010011110000011
00000000000001111000111001100011
00000001000000000000011000010011
11111101100001000010010110000011
11111110110001000010010100000011
00000000000000000000000000010011
11111110110001000010011110000011
00000000000001111010000000100011
11111101110001000010011110000011
00000000000001111010011110000011
00000000000001111001100001100011
11111101110001000010011110000011
11111110110001000010011100000011
00000000111001111010000000100011
11111101110001000010011110000011
00000000010001111010011110000011
00000000000001111000101001100011
11111101110001000010011110000011
00000000010001111010011110000011
11111110110001000010011100000011
00000000111001111010000000100011
11111101110001000010011110000011
11111110110001000010011100000011
00000000111001111010001000100011
00000000000000000000011110010011
00000000111100000000010100110011
00000010110000010010000010000011
00000010100000010010010000000011
00000011000000010000000100010011
00000000000000001000000001100111
11111101000000010000000100010011
00000010000100010010011000100011
00000010100000010010010000100011
00000011000000010000010000010011
11111100101001000010111000100011
11111100101101000010110000100011
11111101110001000010011110000011
00000000000001111010011110000011
11111110111101000010011000100011
11111110110001000010011110000011
00000100000001111000101001100011
11111110110001000010011110000011
00000000000001111010011100000011
11111101110001000010011110000011
00000000111001111010000000100011
11111101110001000010011110000011
00000000010001111010011110000011
11111110110001000010011100000011
00000000111101110001011001100011
11111101110001000010011110000011
00000000000001111010001000100011
11111101100001000010011110000011
00000000000001111000101001100011
00000001000000000000011000010011
11111110110001000010010110000011
11111101100001000010010100000011
00000000000000000000000000010011
11111110110001000010010100000011
00000000000000000000000000010011
00000000000000000000011110010011
00000000100000000000000001101111
11111111111100000000011110010011
00000000111100000000010100110011
00000010110000010010000010000011
00000010100000010010010000000011
00000011000000010000000100010011
00000000000000001000000001100111
11111101000000010000000100010011
00000010000100010010011000100011
00000010100000010010010000100011
00000011000000010000010000010011
11111100101001000010111000100011
11111100101101000010110000100011
11111100110001000010101000100011
11111101110001000010011110000011
11111110111101000010011000100011
11111101100001000010011110000011
00000000010001111010011110000011
00000100000001111000011001100011
11111110110001000010011110000011
00001000100001111010011110000011
00000001000001111110011100010011
11111110110001000010011110000011
00001000111001111010010000100011
11111101100001000010011110000011
00000000010001111010011100000011
11111101100001000010011110000011
00000000110001111010011110000011
00000000111100000000011000110011
11111101010001000010010110000011
11111101110001000010010100000011
00000000000001110000000011100111
11111110110001000010011110000011
00001000100001111010011110000011
11111110111101111111011100010011
11111110110001000010011110000011
00001000111001111010010000100011
00000000000000000000000000010011
00000010110000010010000010000011
00000010100000010010010000000011
00000011000000010000000100010011
00000000000000001000000001100111
11111100000000010000000100010011
00000010000100010010111000100011
00000010100000010010110000100011
00000100000000010000010000010011
11111100101001000010011000100011
11111100110001000010011110000011
11111110111101000010011000100011
00000001100000000000000001101111
11111101010001000000011110010011
00000000000000000000011000010011
00000000111100000000010110110011
11111100110001000010010100000011
00000000000000000000000000010011
11111100110001000010011110000011
00001110100001111000011110010011
11111101010001000000011100010011
00000000111000000000010110110011
00000000111100000000010100110011
00000000000000000000000000010011
00000000101000000000011110110011
11111100000001111000100011100011
00000001100000000000000001101111
11111101010001000000011110010011
00000000000000000000011000010011
00000000111100000000010110110011
11111100110001000010010100000011
00000000000000000000000000010011
11111100110001000010011110000011
00001111100001111000011110010011
11111101010001000000011100010011
00000000111000000000010110110011
00000000111100000000010100110011
00000000000000000000000000010011
00000000101000000000011110110011
11111100000001111000100011100011
11111100110001000010011110000011
00010000000001111010011110000011
00000000111100000000010100110011
00000000000000000000000000010011
11111110101001000010010000100011
00000001110000000000000001101111
11111110010001000010011110000011
00000000010001111010011110000011
00000000000000000000011000010011
00000000111100000000010110110011
11111100110001000010010100000011
00000000000000000000000000010011
11111110100001000010010100000011
00000000000000000000000000010011
11111110101001000010001000100011
11111110010001000010011110000011
11111100000001111001110011100011
11111110100001000010010100000011
00000000000000000000000000010011
11111100110001000010011110000011
00010000000001111010011110000011
00000000111100000000010100110011
00000000000000000000000000010011
11111100110001000010011110000011
00010000010001111010011110000011
00000000111100000000010100110011
00000000000000000000000000010011
11111110101001000010010000100011
00000001110000000000000001101111
11111110010001000010011110000011
00000000010001111010011110000011
00000000000000000000011000010011
00000000111100000000010110110011
11111100110001000010010100000011
00000000000000000000000000010011
11111110100001000010010100000011
00000000000000000000000000010011
11111110101001000010001000100011
11111110010001000010011110000011
11111100000001111001110011100011
11111110100001000010010100000011
00000000000000000000000000010011
11111100110001000010011110000011
00010000010001111010011110000011
00000000111100000000010100110011
00000000000000000000000000010011
11111100110001000010011110000011
00001101100001111010011110000011
00000000000001111000111001100011
11111100110001000010011110000011
00001101100001111010011100000011
11111100110001000010011110000011
00001100010001111010011110000011
00000000111100000000010100110011
00000000000001110000000011100111
11111100110001000010011110000011
00001100000001111010110000100011
11111100110001000010011110000011
00001110000001111010011110000011
00000110000001111000010001100011
11111110110001000010011110000011
00001000100001111010011110000011
00000000001001111111011110010011
00000100000001111000110001100011
11111110110001000010011110000011
00001000100001111010011110000011
00000000100001111111011110010011
00000000000001111000111001100011
11111100110001000010011110000011
00001110000001111010011110000011
00000000000000000000010110010011
11111100110001000010010100000011
00000000000001111000000011100111
00000011000000000000000001101111
11111100110001000010011110000011
00001110000001111010011100000011
11111100110001000010011110000011
00001011100001111010011110000011
00000000000001111001011001100011
00000000000000000000011110010011
00000000100000000000000001101111
11111111111100000000011110010011
00000000111100000000010110110011
11111100110001000010010100000011
00000000000001110000000011100111
11111110110001000010010100000011
00000000000000000000000000010011
00000000000000000000000000010011
00000011110000010010000010000011
00000011100000010010010000000011
00000100000000010000000100010011
00000000000000001000000001100111
11111101000000010000000100010011
00000010000100010010011000100011
00000010100000010010010000100011
00000011000000010000010000010011
11111100101001000010111000100011
11111101110001000010011110000011
11111110111101000010011000100011
11111110110001000010011110000011
00001000100001111010011110000011
00000000100001111110011100010011
11111110110001000010011110000011
00001000111001111010010000100011
11111110110001000010011110000011
00001000100001111010011110000011
00000001000001111111011110010011
00000000000001111001011001100011
11111101110001000010010100000011
00000000000000000000000000010011
00000000000000000000000000010011
00000010110000010010000010000011
00000010100000010010010000000011
00000011000000010000000100010011
00000000000000001000000001100111
11111101000000010000000100010011
00000010000100010010011000100011
00000010100000010010010000100011
00000011000000010000010000010011
11111100101001000010111000100011
11111101110001000010011110000011
11111110111101000010011000100011
11111101110001000010010100000011
00000000000000000000000000010011
11111101110001000010011110000011
00001011100001111010011110000011
00000100000001111001010001100011
11111101110001000010011110000011
00001110100001111000011110010011
00000000000000000000010110010011
00000000111100000000010100110011
00000000000000000000000000010011
11111110101001000010010000100011
11111110100001000010011100000011
11111111111100000000011110010011
00000010111101110000110001100011
00010000000000010000011110110111
00101010000001111000011010010011
00010110010000000000011000010011
00010000000000010000011110110111
00001011110001111000010110010011
00010000000000010000011110110111
00010011110001111000010100010011
00000000000000000000000000010011
11111110110001000010011110000011
00001000100001111010011110000011
00000000010001111110011100010011
11111110110001000010011110000011
00001000111001111010010000100011
11111101110001000010011110000011
00001101100001111010011110000011
00000000000001111000111001100011
11111101110001000010011110000011
00001101100001111010011100000011
11111101110001000010011110000011
00001100010001111010011110000011
00000000111100000000010100110011
00000000000001110000000011100111
11111101110001000010011110000011
00001100000001111010110000100011
11111110110001000010011110000011
00001000100001111010011110000011
00100000000001111111011110010011
00000000000001111001011001100011
11111101110001000010010100000011
00000000000000000000000000010011
00000000000000000000000000010011
00000010110000010010000010000011
00000010100000010010010000000011
00000011000000010000000100010011
00000000000000001000000001100111
11111101000000010000000100010011
00000010000100010010011000100011
00000010100000010010010000100011
00000011000000010000010000010011
11111100101001000010111000100011
11111101110001000010011110000011
11111110111101000010011000100011
11111110110001000010011110000011
00001000100001111010011110000011
00000000010001111110011100010011
11111110110001000010011110000011
00001000111001111010010000100011
11111110110001000010011110000011
00001000100001111010011110000011
11011111111101111111011100010011
11111110110001000010011110000011
00001000111001111010010000100011
11111110110001000010011110000011
00001000100001111010011110000011
00000001000001111111011110010011
00000000000001111001110001100011
11111101110001000010011110000011
00001110100001111010011110000011
00000000000001111001011001100011
11111101110001000010010100000011
00000000000000000000000000010011
00000000000000000000000000010011
00000010110000010010000010000011
00000010100000010010010000000011
00000011000000010000000100010011
00000000000000001000000001100111
11111100000000010000000100010011
00000010000100010010111000100011
00000010100000010010110000100011
00000100000000010000010000010011
11111100101001000010011000100011
11111100101101000010010000100011
11111100110001000010001000100011
11111100110001000010011110000011
11111110111101000010010000100011
11111100100001000010011110000011
00000000000001111010011100000011
00000000001000000000011110010011
00101000111101110001001001100011
11111100100001000010011110000011
00000001100001111010011100000011
00000000000100000000011110010011
00000010111001111110001001100011
00010000000000010000011110110111
00101011100001111000011010010011
00011001001000000000011000010011
00010000000000010000011110110111
00001011110001111000010110010011
00010000000000010000011110110111
00010101000001111000010100010011
00000000000000000000000000010011
11111100100001000010011110000011
00000001110001111010011110000011
00000000000001111010011110000011
00000000000001111010011100000011
00000000000100000000011110010011
00000010111101110000001001100011
00010000000000010000011110110111
00101011100001111000011010010011
00011001001100000000011000010011
00010000000000010000011110110111
00001011110001111000010110010011
00010000000000010000011110110111
00010110100001111000010100010011
00000000000000000000000000010011
11111100100001000010011110000011
00000001110001111010011110000011
00000000000001111010011110000011
00000001010001111010011110000011
11111110111101000010001000100011
11111110010001000010011110000011
00000000000001111100011110000011
00000000111100000000010100110011
00000000000000000000000000010011
00000000101000000000011110110011
11111001000001111000011110010011
00000000000101111011011110010011
00001111111101111111011110010011
11111110111101000010000000100011
11111110000001000010011110000011
00000000000001111000101001100011
11111100110001000010011110000011
00010000010001111010011110000011
11111110111101000010011000100011
00000001000000000000000001101111
11111100110001000010011110000011
00010000000001111010011110000011
11111110111101000010011000100011
11111100100001000010011110000011
00000001110001111010011110000011
00000000010001111000011110010011
00000000000001111010011110000011
00000000000001111010011100000011
00000000000100000000011110010011
00000010111101110000001001100011
00010000000000010000011110110111
00101011100001111000011010010011
00011001110100000000011000010011
00010000000000010000011110110111
00001011110001111000010110010011
00010000000000010000011110110111
00011001100001111000010100010011
00000000000000000000000000010011
11111100100001000010011110000011
00000001110001111010011110000011
00000000010001111000011110010011
00000000000001111010011110000011
00000001010001111010011100000011
11111100100001000010011110000011
00000001110001111010011110000011
00000000010001111000011110010011
00000000000001111010011110000011
00000001000001111010011110000011
00000000111100000000010110110011
00000000111000000000010100110011
00000000000000000000000000010011
11111100101001000010111000100011
11111101110001000010010110000011
11111110110001000010010100000011
00000000000000000000000000010011
11111100101001000010110000100011
11111101100001000010011110000011
00010010000001111000010001100011
11111101100001000010011110000011
00000000010001111010011110000011
11111100111101000010101000100011
11111110000001000010011110000011
11111110010001000010011100000011
00000000111101110000011100110011
00010000000000010000011110110111
00011100100001111000010110010011
00000000111000000000010100110011
00000000000000000000000000010011
00000000101000000000011110110011
00000000000001111001110001100011
11111101010001000010011110000011
00000000100001111010011110000011
11111111111101111000011100010011
11111101010001000010011110000011
00000000111001111010010000100011
00000001000000000000011000010011
11111101010001000010010110000011
11111100010001000010010100000011
00000000000000000000000000010011
11111110000001000010011110000011
11111110010001000010011100000011
00000000111101110000011100110011
00010000000000010000011110110111
00011101010001111000010110010011
00000000111000000000010100110011
00000000000000000000000000010011
00000000101000000000011110110011
00001010000001111001100001100011
11111101010001000010011110000011
00000000100001111010011110000011
00000000000001111001100001100011
11111101110001000010010110000011
11111110110001000010010100000011
00000000000000000000000000010011
11111100100001000010011110000011
00000001110001111010011110000011
00000000100001111000011110010011
00000000000001111010011110000011
00000000000001111010011100000011
00000000001100000000011110010011
00000010111101110000001001100011
00010000000000010000011110110111
00101011100001111000011010010011
00011011000100000000011000010011
00010000000000010000011110110111
00001011110001111000010110010011
00010000000000010000011110110111
00011110000001111000010100010011
00000000000000000000000000010011
11111100100001000010011110000011
00000001110001111010011110000011
00000000100001111000011110010011
00000000000001111010011110000011
00000000100001111010011000000011
00000000110001111010011010000011
00000000110000000000011110110011
00000000110101111110011110110011
00000010000001111001110001100011
11111100110001000010011110000011
00010000000001111010011110000011
00000001000001111010011110000011
00000010000001111001010001100011
11111100110001000010011110000011
00010000010001111010011110000011
00000001000001111010011110000011
00000000000001111001110001100011
11111110100001000010011110000011
00001000100001111010011110000011
11111101111101111111011100010011
11111110100001000010011110000011
00001000111001111010010000100011
11111101110001000010010100000011
00000000000000000000000000010011
00000001100000000000000001101111
11111100110001000010011110000011
00001111100001111000011110010011
11111100010001000010010110000011
00000000111100000000010100110011
00000000000000000000000000010011
00000000000000000000011110010011
00000000111100000000010100110011
00000011110000010010000010000011
00000011100000010010010000000011
00000100000000010000000100010011
00000000000000001000000001100111
11111100000000010000000100010011
00000010000100010010111000100011
00000010100000010010110000100011
00000100000000010000010000010011
11111100101001000010011000100011
11111100110001000010011110000011
11111110111101000010011000100011
11111100000001000010110000100011
11111100000001000010111000100011
11111110000001000010000000100011
11111110000001000010001000100011
11111100000001000010101000100011
00011110000000000000000001101111
11111101010001000010011110000011
00000110000001111001100001100011
11111110110001000010011110000011
00001000100001111010011110000011
00000000010001111111011110010011
00000010000001111000101001100011
11111110110001000010011110000011
00001000110001111010011110000011
00000000111100000000010100110011
00000000000000000000000000010011
00000000101000000000011110110011
00000000000001111001111001100011
11111100110001000010011110000011
00001110100001111010011110000011
00000000000001111001100001100011
11111100110001000010010100000011
00000000000000000000000000010011
00011100110000000000000001101111
11111110110001000010011110000011
00001000100001111010011110000011
00000100000001111111011110010011
00011010000001111000010001100011
11111100110001000010011110000011
00001110100001111000011110010011
11111101100001000000011100010011
00000000111000000000010110110011
00000000111100000000010100110011
00000000000000000000000000010011
00011000110000000000000001101111
11111100110001000010011110000011
00001110100001111000011110010011
11111101100001000000011100010011
00000000111000000000010110110011
00000000111100000000010100110011
00000000000000000000000000010011
00000000101000000000011110110011
00001100000001111000110001100011
11111101010001000010011110000011
00000000000001111010011100000011
00000000011000000000011110010011
00000110111101110001000001100011
11111110110001000010011110000011
00000000001000000000011100010011
00000000111001111010000000100011
11111110110001000010011110000011
00000000010001111000011100010011
11111101010001000010011110000011
00000001010001111010011110000011
00000000111100000000011010110011
00010000000000010000011110110111
00100001000001111000011000010011
00001000000000000000010110010011
00000000111000000000010100110011
00000000000000000000000000010011
11111110110001000010011110000011
00001001000001111010011110000011
00010111010001111010011110000011
00000001000001111010011100000011
11111101010001000010011110000011
00000000111100000000010100110011
00000000000001110000000011100111
11111100110001000010010100000011
00000000000000000000000000010011
00010001010000000000000001101111
11111110110001000010011110000011
00001000100001111010011110000011
00000010000001111111011110010011
00000010000001111001101001100011
11111110110001000010011110000011
00001000100001111010011110000011
00000100000001111111011110010011
00000010000001111001001001100011
00010000000000010000011110110111
00101101010001111000011010010011
00011111011000000000011000010011
00010000000000010000011110110111
00001011110001111000010110010011
00010000000000010000011110110111
00100001010001111000010100010011
00000000000000000000000000010011
11111110110001000010011110000011
00001000100001111010011110000011
00000010000001111111011110010011
00000000000001111000111001100011
11111101010001000010011110000011
11111101100001000000011100010011
00000000111000000000011000110011
00000000111100000000010110110011
11111100110001000010010100000011
00000000000000000000000000010011
11111101110001000010011110000011
00000100000001111000101001100011
11111101010001000010011100000011
11111101100001000000011110010011
00000000111000000000011000110011
00000000111100000000010110110011
11111100110001000010010100000011
00000000000000000000000000010011
11111110110001000010011110000011
00001001000001111010011110000011
00010111010001111010011110000011
00000001000001111010011100000011
11111101010001000010011110000011
00000000111100000000010100110011
00000000000001110000000011100111
11111110110001000010011110000011
00001000100001111010011110000011
00000000100001111111011110010011
00000010000001111000011001100011
11111100110001000010010100000011
00000000000000000000000000010011
00000101010000000000000001101111
11111110110001000010011110000011
00001001000001111010011110000011
00010111010001111010011110000011
00000001000001111010011100000011
11111101010001000010011110000011
00000000111100000000010100110011
00000000000001110000000011100111
11111101010001000000011110010011
00000000111100000000010110110011
11111110110001000010010100000011
00000000000000000000000000010011
11111110101001000010010000100011
11111110100001000010011110000011
11100000000001111000011011100011
00000000100000000000000001101111
00000000000000000000000000010011
11111110100001000010011110000011
00000000000001111000011001100011
11111100110001000010010100000011
00000000000000000000000000010011
00000011110000010010000010000011
00000011100000010010010000000011
00000100000000010000000100010011
00000000000000001000000001100111
11111101000000010000000100010011
00000010000100010010011000100011
00000010100000010010010000100011
00000011000000010000010000010011
11111100101001000010111000100011
11111110000001000010010000100011
11111101110001000010011110000011
11111110111101000010011000100011
11111110100001000000011110010011
00000000111100000000010110110011
11111110110001000010010100000011
00000000000000000000000000010011
00000000101000000000011100110011
11111111111100000000011110010011
00000010111101110001111001100011
11111110110001000010010100000011
00000000000000000000000000010011
11111101110001000010011110000011
00001110010001111010011110000011
00000000000001111000110001100011
11111101110001000010011110000011
00001110010001111010011110000011
11111111111100000000010110010011
11111101110001000010010100000011
00000000000001111000000011100111
11111101110001000010010100000011
00000000000000000000000000010011
11111111111100000000011110010011
00000101000000000000000001101111
11111110100001000010011100000011
00000000000100000000011110010011
00000100111101110001000001100011
11111101110001000010011110000011
00001110010001111010011110000011
00000000000001111000110001100011
11111101110001000010011110000011
00001110010001111010011110000011
00000000000000000000010110010011
11111101110001000010010100000011
00000000000001111000000011100111
11111110110001000010011110000011
00001000100001111010011110000011
00000000001001111110011100010011
11111110110001000010011110000011
00001000111001111010010000100011
00000000000000000000011110010011
00000000100000000000000001101111
00000000000000000000011110010011
00000000111100000000010100110011
00000010110000010010000010000011
00000010100000010010010000000011
00000011000000010000000100010011
00000000000000001000000001100111
11111101000000010000000100010011
00000010000100010010011000100011
00000010100000010010010000100011
00000011000000010000010000010011
11111100101001000010111000100011
11111101110001000010011110000011
00001011010001111010011110000011
11111110111101000010011000100011
11111101110001000010011110000011
11111110111101000010010000100011
11111110110001000010011110000011
00000000000001111010001000100011
11111110110001000010011110000011
00000000100001111010011110000011
00000110000001111000011001100011
11111110110001000010011110000011
00000000000001111010010000100011
11111110000001000000011110010011
00000000111100000000010110110011
11111110100001000010010100000011
00000000000000000000000000010011
11111110101001000010001000100011
11111110010001000010011100000011
11111111111100000000011110010011
00000000111101110001100001100011
11111101110001000010010100000011
00000000000000000000000000010011
00001001000000000000000001101111
11111110000001000010011110000011
00000010000001111001100001100011
11111101110001000010010100000011
00000000000000000000000000010011
11111101110001000010011110000011
00001101000001111010011110000011
00000000000001111000111001100011
11111101110001000010011110000011
00001101000001111010011100000011
11111101110001000010011110000011
00001100010001111010011110000011
00000000111100000000010100110011
00000000000001110000000011100111
11111110100001000010010100000011
00000000000000000000000000010011
11111110101001000010001000100011
11111110010001000010011100000011
11111111111100000000011110010011
00000000111101110001100001100011
11111101110001000010010100000011
00000000000000000000000000010011
00000011100000000000000001101111
11111101110001000010010100000011
00000000000000000000000000010011
11111101110001000010011110000011
00001100100001111010011110000011
00000000000001111000111001100011
11111101110001000010011110000011
00001100100001111010011100000011
11111101110001000010011110000011
00001100010001111010011110000011
00000000111100000000010100110011
00000000000001110000000011100111
11111101110001000010010100000011
00000000000000000000000000010011
00000010110000010010000010000011
00000010100000010010010000000011
00000011000000010000000100010011
00000000000000001000000001100111
11111101000000010000000100010011
00000010000100010010011000100011
00000010100000010010010000100011
00000011000000010000010000010011
11111100101001000010111000100011
11111110000001000010000000100011
11111101110001000010011110000011
00001011010001111010011110000011
11111110111101000010011000100011
11111101110001000010011110000011
11111110111101000010010000100011
11111110110001000010011110000011
00000000000001111010010000100011
11111110000001000000011110010011
00000000111100000000010110110011
11111110100001000010010100000011
00000000000000000000000000010011
11111110101001000010001000100011
11111110010001000010011100000011
11111111111100000000011110010011
00000000111101110001100001100011
11111101110001000010010100000011
00000000000000000000000000010011
00001100110000000000000001101111
11111110000001000010011110000011
00000110000001111001101001100011
11111110110001000010011110000011
00000000010001111010011110000011
00000010000001111000110001100011
11111110110001000010011110000011
00000000000100000000011100010011
00000000111001111010010000100011
11111101110001000010011110000011
00001101010001111010011110000011
00000110000001111000101001100011
11111101110001000010011110000011
00001101010001111010011100000011
11111101110001000010011110000011
00001100010001111010011110000011
00000000111100000000010100110011
00000000000001110000000011100111
00000101100000000000000001101111
11111101110001000010010100000011
00000000000000000000000000010011
11111101110001000010011110000011
00001101000001111010011110000011
00000100000001111000001001100011
11111101110001000010011110000011
00001101000001111010011100000011
11111101110001000010011110000011
00001100010001111010011110000011
00000000111100000000010100110011
00000000000001110000000011100111
00000010100000000000000001101111
11111101110001000010011110000011
00001101010001111010011110000011
00000000000001111000111001100011
11111101110001000010011110000011
00001101010001111010011100000011
11111101110001000010011110000011
00001100010001111010011110000011
00000000111100000000010100110011
00000000000001110000000011100111
11111101110001000010010100000011
00000000000000000000000000010011
11111101110001000010011110000011
00001100100001111010011110000011
00000000000001111000111001100011
11111101110001000010011110000011
00001100100001111010011100000011
11111101110001000010011110000011
00001100010001111010011110000011
00000000111100000000010100110011
00000000000001110000000011100111
00000010110000010010000010000011
00000010100000010010010000000011
00000011000000010000000100010011
00000000000000001000000001100111
11111101000000010000000100010011
00000010000100010010011000100011
00000010100000010010010000100011
00000011000000010000010000010011
11111100101001000010111000100011
11111101110001000010011110000011
11111110111101000010011000100011
11111110110001000010011110000011
00001000100001111010011110000011
00000000001001111111011110010011
00000010000001111001001001100011
11111101110001000010010100000011
00000000000000000000000000010011
00000000101000000000011110110011
00001000000001111001010001100011
11111110110001000010011110000011
00001000100001111010011110000011
00000000001001111111011110010011
00001000000001111000000001100011
11111110110001000010011110000011
00001000100001111010011110000011
00010000000001111111011110010011
00000000000001111000100001100011
11111101110001000010010100000011
00000000000000000000000000010011
00000110100000000000000001101111
11111110110001000010010100000011
00000000000000000000000000010011
00000000101000000000011100110011
11111111111100000000011110010011
00000000111101110001100001100011
11111101110001000010010100000011
00000000000000000000000000010011
00000100100000000000000001101111
11111101110001000010010100000011
00000000000000000000000000010011
11111101110001000010011110000011
00001100100001111010011110000011
00000000000001111000111001100011
11111101110001000010011110000011
00001100100001111010011100000011
11111101110001000010011110000011
00001100010001111010011110000011
00000000111100000000010100110011
00000000000001110000000011100111
11111101110001000010010100000011
00000000000000000000000000010011
00000001000000000000000001101111
00000000000000000000000000010011
00000000100000000000000001101111
00000000000000000000000000010011
00000010110000010010000010000011
00000010100000010010010000000011
00000011000000010000000100010011
00000000000000001000000001100111
11111101000000010000000100010011
00000010000100010010011000100011
00000010100000010010010000100011
00000011000000010000010000010011
11111100101001000010111000100011
11111101110001000010011110000011
11111110111101000010011000100011
11111110000001000010010000100011
11111110110001000010011110000011
00001000100001111010011110000011
00000000001001111111011110010011
00000010000001111001001001100011
11111101110001000010010100000011
00000000000000000000000000010011
00000000101000000000011110110011
00001110000001111001001001100011
11111110110001000010011110000011
00001000100001111010011110000011
00000000001001111111011110010011
00001100000001111000111001100011
11111110110001000010011110000011
00001000100001111010011110000011
00010000000001111111011110010011
00000000000001111000100001100011
11111101110001000010010100000011
00000000000000000000000000010011
00001100010000000000000001101111
11111110100001000000011110010011
00000000111100000000010110110011
11111110110001000010010100000011
00000000000000000000000000010011
00000000101000000000011100110011
11111111111100000000011110010011
00000000111101110001100001100011
11111101110001000010010100000011
00000000000000000000000000010011
00001001110000000000000001101111
11111110100001000010011110000011
00000010000001111001101001100011
11111101110001000010010100000011
00000000000000000000000000010011
11111101110001000010011110000011
00001101000001111010011110000011
00000100000001111000001001100011
11111101110001000010011110000011
00001101000001111010011100000011
11111101110001000010011110000011
00001100010001111010011110000011
00000000111100000000010100110011
00000000000001110000000011100111
00000010100000000000000001101111
11111101110001000010011110000011
00001101010001111010011110000011
00000000000001111000111001100011
11111101110001000010011110000011
00001101010001111010011100000011
11111101110001000010011110000011
00001100010001111010011110000011
00000000111100000000010100110011
00000000000001110000000011100111
11111101110001000010010100000011
00000000000000000000000000010011
11111101110001000010011110000011
00001100100001111010011110000011
00000010000001111000011001100011
11111101110001000010011110000011
00001100100001111010011100000011
11111101110001000010011110000011
00001100010001111010011110000011
00000000111100000000010100110011
00000000000001110000000011100111
00000001000000000000000001101111
00000000000000000000000000010011
00000000100000000000000001101111
00000000000000000000000000010011
00000010110000010010000010000011
00000010100000010010010000000011
00000011000000010000000100010011
00000000000000001000000001100111
11111100000000010000000100010011
00000010000100010010111000100011
00000010100000010010110000100011
00000100000000010000010000010011
11111100101001000010011000100011
11111100110001000010011110000011
11111110111101000010011000100011
11111110110001000010011110000011
00001000100001111010011110000011
00000000001001111111011110010011
00000000000001111000100001100011
11111100110001000010011110000011
00001110100001111010011110000011
00001000000001111000110001100011
11111110110001000010011110000011
00000000000001111010011110000011
00000000000001111001110001100011
00010000000000010000011110110111
00100101010001111000011000010011
00000000011000000000010110010011
11111110110001000010010100000011
00000000000000000000000000010011
11111110110001000010011110000011
00001000100001111010011110000011
00000000001001111111011110010011
00000010000001111001111001100011
11111100110001000010011110000011
00001110010001111010011110000011
00000010000001111000100001100011
11111100110001000010011110000011
00001110010001111010011110000011
11111111111100000000010110010011
11111100110001000010010100000011
00000000000001111000000011100111
00000001100000000000000001101111
11111101110001000000011110010011
00000000000000000000011000010011
00000000111100000000010110110011
11111100110001000010010100000011
00000000000000000000000000010011
11111100110001000010011110000011
00001110100001111000011110010011
11111101110001000000011100010011
00000000111000000000010110110011
00000000111100000000010100110011
00000000000000000000000000010011
00000000101000000000011110110011
11111100000001111000100011100011
11111100110001000010010100000011
00000000000000000000000000010011
00000000100000000000000001101111
00000000000000000000000000010011
00000011110000010010000010000011
00000011100000010010010000000011
00000100000000010000000100010011
00000000000000001000000001100111
11111101000000010000000100010011
00000010000100010010011000100011
00000010100000010010010000100011
00000011000000010000010000010011
11111100101001000010111000100011
11111100101101000010110000100011
11111100110001000010101000100011
11111101110001000010011110000011
11111110111101000010011000100011
11111110110001000010011110000011
00000000000001111100011100000011
00000010010000000000011110010011
00000010111101110000001001100011
00000010010000000000010110010011
11111110110001000010010100000011
00000000000000000000000000010011
11111110101001000010011000100011
11111110110001000010011110000011
00000000000001111001011001100011
00000000000000000000011110010011
00001000100000000000000001101111
11111110110001000010011110000011
00000000000101111000011110010011
00000000101000000000011000010011
00000000000000000000010110010011
00000000111100000000010100110011
00000000000000000000000000010011
00000000101000000000011110110011
00000000111100000000011100110011
11111101010001000010011110000011
00000000111001111010000000100011
00000000110100000000010110010011
11111110110001000010010100000011
00000000000000000000000000010011
11111110101001000010011000100011
11111110110001000010011110000011
00000010000001111001001001100011
00010000000000010000011110110111
00101110110001111000011010010011
00101101010000000000011000010011
00010000000000010000011110110111
00001011110001111000010110010011
00010000000000010000011110110111
00100101110001111000010100010011
00000000000000000000000000010011
11111110110001000010011110000011
00000000001001111000011100010011
11111101100001000010011110000011
00000000111001111010000000100011
11111101010001000010011110000011
00000000000001111010011110000011
00000000010001111000011110010011
11111110110001000010011100000011
00000000111101110000011110110011
00000000111100000000010100110011
00000010110000010010000010000011
00000010100000010010010000000011
00000011000000010000000100010011
00000000000000001000000001100111
11111000000000010000000100010011
00000110000100010010111000100011
00000110100000010010110000100011
00001000000000010000010000010011
11111000101001000010111000100011
11111000101101000010110000100011
11111000110001000010101000100011
11111000110101000010100000100011
11111000111001000010011000100011
11111001110001000010011110000011
11111110111101000010001000100011
11111110010001000010011110000011
00001000100001111010011110000011
00000000110001111111011110010011
00000000000001111000011001100011
11111111111100000000011110010011
00101100100000000000000001101111
11111001100001000010011110000011
11111100111101000010000000100011
11111001010001000010011110000011
11111100111101000010010000100011
00000000000100000000011110010011
11111100111101000010001000100011
11111011000001000000011100010011
11111011100001000000011110010011
00000000111000000000011000110011
00000000111100000000010110110011
11111001000001000010010100000011
00000000000000000000000000010011
11111110101001000010010000100011
11111110100001000010011110000011
00000010000001111001001001100011
00010000000000010000011110110111
00101111110001111000011010010011
00101111001100000000011000010011
00010000000000010000011110110111
00001011110001111000010110010011
00010000000000010000011110110111
00100110000001111000010100010011
00000000000000000000000000010011
11111110100001000010011110000011
00000000000001111100011110000011
11111101110001111000011110010011
00000000000101111011011110010011
00001111111101111111011110010011
11111110111101000010000000100011
11111011100001000010011110000011
00000000000001111100011110000011
00000000111100000000010100110011
00000000000000000000000000010011
00000000101000000000011110110011
11111001000001111000011110010011
00000000000101111011011110010011
00001111111101111111011110010011
11111100111101000010111000100011
11111011100001000010011100000011
11111101110001000010011110000011
00000000111101110000011110110011
11111010111101000010110000100011
11111011000001000010011100000011
11111101110001000010011110000011
01000000111101110000011110110011
11111010111101000010100000100011
11111110000001000010011110000011
00001110000001111000111001100011
11111011100001000010011100000011
00000000101100000000011000010011
00010000000000010000011110110111
00100110110001111000010110010011
00000000111000000000010100110011
00000000000000000000000000010011
00000000101000000000011110110011
00001100000001111001111001100011
11111110010001000010011110000011
00001000100001111010011110000011
00000010000001111110011100010011
11111110010001000010011110000011
00001000111001111010010000100011
00001001110000000000000001101111
11111011010001000010011110000011
11111010110001000010011100000011
00000000111000000000010110110011
00000000111100000000010100110011
00000000000000000000000000010011
11111100101001000010110000100011
11111101110001000010011110000011
00000000000001111000101001100011
11111001110001000010011110000011
00010000010001111010011110000011
11111110111101000010011000100011
00000001000000000000000001101111
11111001110001000010011110000011
00010000000001111010011110000011
11111110111101000010011000100011
11111101100001000010010110000011
11111110110001000010010100000011
00000000000000000000000000010011
11111100101001000010101000100011
11111101010001000010011110000011
00000010000001111000000001100011
11111101010001000010011110000011
00000000010001111010011110000011
11111100111101000010100000100011
11111101000001000010011110000011
00000000100001111010011110000011
00000000000101111000011110010011
11111100111101000010001000100011
11111011110001000000011110010011
00000000111100000000011000110011
11111101100001000010010110000011
11111110110001000010010100000011
00000000000000000000000000010011
11111100101001000010011000100011
11111100110001000010011110000011
00000000000001111001011001100011
11111101100001000010010100000011
00000000000000000000000000010011
11111010110001000000011100010011
11111011010001000000011110010011
00000000111000000000011000110011
00000000111100000000010110110011
11111110100001000010010100000011
00000000000000000000000000010011
11111110101001000010010000100011
11111110100001000010011110000011
11110100000001111001010011100011
00001101000000000000000001101111
11111011100001000010011100000011
00000000110100000000011000010011
00010000000000010000011110110111
00100111100001111000010110010011
00000000111000000000010100110011
00000000000000000000000000010011
00000000101000000000011110110011
00000000000001111001111001100011
11111110010001000010011110000011
00001000100001111010011110000011
00000010000001111111011110010011
00001010000001111001000001100011
11111111111100000000011110010011
00001101100000000000000001101111
11111011100001000010011100000011
00000000100100000000011000010011
00010000000000010000011110110111
00101000100001111000010110010011
00000000111000000000010100110011
00000000000000000000000000010011
00000000101000000000011110110011
00000010000001111001101001100011
11111110010001000010011110000011
00001000100001111010011110000011
00000100000001111110011100010011
11111110010001000010011110000011
00001000111001111010010000100011
11111001110001000010011110000011
00001110100001111000011110010011
11111011110001000000011100010011
00000000111000000000010110110011
00000000111100000000010100110011
00000000000000000000000000010011
00000100100000000000000001101111
11111110010001000010011110000011
00001000100001111010011110000011
00000010000001111111011110010011
00000010000001111000000001100011
11111001110001000010011110000011
00001111100001111000011110010011
11111011110001000000011100010011
00000000111000000000010110110011
00000000111100000000010100110011
00000000000000000000000000010011
00000001110000000000000001101111
11111001110001000010011110000011
00001110100001111000011110010011
11111011110001000000011100010011
00000000111000000000010110110011
00000000111100000000010100110011
00000000000000000000000000010011
11111000110001000010011000000011
11111001000001000010010110000011
11111110010001000010010100000011
00000000000000000000000000010011
11111001110001000010010100000011
00000000000000000000000000010011
11111001110001000010011110000011
00001101000001111010011110000011
00000000000001111000111001100011
11111001110001000010011110000011
00001101000001111010011100000011
11111001110001000010011110000011
00001100010001111010011110000011
00000000111100000000010100110011
00000000000001110000000011100111
00000000000000000000011110010011
00000000111100000000010100110011
00000111110000010010000010000011
00000111100000010010010000000011
00001000000000010000000100010011
00000000000000001000000001100111
11111100000000010000000100010011
00000010000100010010111000100011
00000010100000010010110000100011
00000100000000010000010000010011
11111100101001000010111000100011
11111100101101000010110000100011
11111100110001000010101000100011
11111100110101000010100000100011
11111100111001000010011000100011
11111110010001000000011110010011
11111100110001000010011000000011
11111101000001000010010110000011
00000000111100000000010100110011
00000000000000000000000000010011
11111110101001000010011000100011
11111110110001000010011110000011
00000000000001111101011001100011
11111111111100000000011110010011
00000011010000000000000001101111
11111110010001000010011110000011
11111110110001000010011100000011
00000000111100000000011010110011
11111101010001000010011000000011
11111101100001000010010110000011
11111101110001000010010100000011
00000000000000000000000000010011
11111110101001000010010000100011
11111110010001000010011110000011
00000000111100000000010100110011
00000000000000000000000000010011
11111110100001000010011110000011
00000000111100000000010100110011
00000011110000010010000010000011
00000011100000010010010000000011
00000100000000010000000100010011
00000000000000001000000001100111
11111011000000010000000100010011
00000010000100010010111000100011
00000010100000010010110000100011
00000100000000010000010000010011
11111100101001000010111000100011
11111100101101000010110000100011
11111100110001000010101000100011
11111100110101000010100000100011
00000000111001000010000000100011
00000000111101000010001000100011
00000001000001000010010000100011
00000001000101000010011000100011
00000001000001000000011110010011
11111100111101000010011000100011
11111100110001000010011110000011
11111111000001111000011110010011
11111110111101000010010000100011
11111110100001000010011110000011
00000000111100000000011100110011
11111101000001000010011010000011
11111101010001000010011000000011
11111101100001000010010110000011
11111101110001000010010100000011
00000000000000000000000000010011
11111110101001000010011000100011
11111110110001000010011110000011
00000000111100000000010100110011
00000011110000010010000010000011
00000011100000010010010000000011
00000101000000010000000100010011
00000000000000001000000001100111
11111100000000010000000100010011
00000010000100010010111000100011
00000010100000010010110000100011
00000100000000010000010000010011
11111100101001000010111000100011
11111100101101000010110000100011
11111100110001000010101000100011
11111100110101000010100000100011
11111100111001000010011000100011
11111100111101000010010000100011
11111110010001000000011110010011
11111100100001000010011010000011
11111100110001000010011000000011
11111101000001000010010110000011
00000000111100000000010100110011
00000000000000000000000000010011
11111110101001000010011000100011
11111110110001000010011110000011
00000000000001111101011001100011
11111111111100000000011110010011
00000011010000000000000001101111
11111110010001000010011110000011
11111110110001000010011100000011
00000000111100000000011010110011
11111101010001000010011000000011
11111101100001000010010110000011
11111101110001000010010100000011
00000000000000000000000000010011
11111110101001000010010000100011
11111110010001000010011110000011
00000000111100000000010100110011
00000000000000000000000000010011
11111110100001000010011110000011
00000000111100000000010100110011
00000011110000010010000010000011
00000011100000010010010000000011
00000100000000010000000100010011
00000000000000001000000001100111
11111100000000010000000100010011
00000010000100010010111000100011
00000010100000010010110000100011
00000100000000010000010000010011
11111100101001000010111000100011
11111100101101000010110000100011
11111100110001000010101000100011
11111100110101000010100000100011
11111100111001000010011000100011
11111100110001000010011100000011
11111101000001000010011010000011
11111101010001000010011000000011
11111101100001000010010110000011
11111101110001000010010100000011
00000000000000000000000000010011
11111110101001000010011000100011
11111110110001000010011110000011
00000000111100000000010100110011
00000011110000010010000010000011
00000011100000010010010000000011
00000100000000010000000100010011
00000000000000001000000001100111
11111110000000010000000100010011
00000000000100010010111000100011
00000000100000010010110000100011
00000010000000010000010000010011
11111110101001000010011000100011
11111110101101000010001000100011
11111110110001000010010000100011
11111110110001000010011110000011
00001001100001111010011110000011
00000010000001111001000001100011
00000000100000000000010110010011
00000000000100000000010100010011
00000000000000000000000000010011
00000000101000000000011110110011
00000000111100000000011100110011
11111110110001000010011110000011
00001000111001111010110000100011
11111110010001000010011100000011
11111110110001000010011110000011
00001001100001111010011110000011
00000000000001111010011110000011
00000000111101110001110001100011
11111110100001000010011100000011
11111110110001000010011110000011
00001001100001111010011110000011
00000000010001111010011110000011
00000010111101110000000001100011
11111110110001000010011110000011
00001001100001111010011110000011
11111110010001000010011100000011
00000000111001111010000000100011
11111110100001000010011100000011
00000000111001111010001000100011
00000000100000000000000001101111
00000000000000000000000000010011
00000001110000010010000010000011
00000001100000010010010000000011
00000010000000010000000100010011
00000000000000001000000001100111
