11111101000000010000000100010011
00000010100000010010011000100011
00000011000000010000010000010011
11111100101001000010111000100011
11111100101101000010110000100011
00000000000000000001011110110111
00000000000001111000011110010011
01010000010101111000011110010011
11111110111101000010011000100011
00000010110000000000000001101111
11111110110001000010011110000011
00000000010101111001011100010011
11111110110001000010011110000011
00000000111101110000011100110011
11111101110001000010011110000011
00000000000101111000011010010011
11111100110101000010111000100011
00000000000001111100011110000011
00000000111101110000011110110011
11111110111101000010011000100011
11111101100001000010011110000011
11111111111101111000011100010011
11111100111001000010110000100011
11111100000001111001011011100011
11111110110001000010011110000011
00000000111100000000010100110011
00000010110000010010010000000011
00000011000000010000000100010011
00000000000000001000000001100111
11111110000000010000000100010011
00000000100000010010111000100011
00000010000000010000010000010011
11111110101001000010011000100011
11111110110001000010011110000011
00000000000001111010000000100011
11111110110001000010011110000011
00000000000001111010010000100011
11111110110001000010011110000011
00000000000001111010011000100011
11111110110001000010011110000011
00000000000001111010100000100011
00000000000000000000000000010011
00000001110000010010010000000011
00000010000000010000000100010011
00000000000000001000000001100111
11111101000000010000000100010011
00000010000100010010011000100011
00000010100000010010010000100011
00000011000000010000010000010011
11111100101001000010111000100011
11111100101101000010110000100011
00000001100000000000010100010011
00000000000000000000000000010011
00000000101000000000011110110011
11111110111101000010011000100011
11111101100001000010011000000011
11111101110001000010010110000011
11111110110001000010010100000011
00000000000000000000000000010011
11111110110001000010011110000011
00000000111100000000010100110011
00000010110000010010000010000011
00000010100000010010010000000011
00000011000000010000000100010011
00000000000000001000000001100111
11111110000000010000000100010011
00000000000100010010111000100011
00000000100000010010110000100011
00000010000000010000010000010011
11111110101001000010011000100011
11111110101101000010010000100011
11111110110001000010001000100011
11111110110001000010010100000011
00000000000000000000000000010011
11111110110001000010011110000011
11111110100001000010011100000011
00000000111001111010001000100011
11111110110001000010011110000011
11111110010001000010011100000011
00000000111001111010101000100011
00000000000000000000011110010011
00000000111100000000010100110011
00000001110000010010000010000011
00000001100000010010010000000011
00000010000000010000000100010011
00000000000000001000000001100111
11111011000000010000000100010011
00000100000100010010011000100011
00000100100000010010010000100011
00000101000000010000010000010011
11111010101001000010111000100011
11111010101101000010110000100011
11111011100001000010010100000011
00000000000000000000000000010011
11111110101001000010001000100011
11111011110001000010011110000011
00000001000001111010011110000011
11111011100001000010011100000011
00000000111101110111011001100011
00000000000100000000011110010011
00011101010000000000000001101111
11111011110001000010011110000011
00000000010001111010011100000011
11111011110001000010011110000011
00000001010001111010011010000011
11111100010001000000011110010011
00000000110100000000011000110011
00000000111000000000010110110011
00000000111100000000010100110011
00000000000000000000000000010011
11111110010001000010011110000011
11111100111101000010011000100011
11111110010001000010011110000011
11111111111101111000011110010011
11111100111101000010100000100011
00000000010000000000010110010011
11111110010001000010010100000011
00000000000000000000000000010011
00000000101000000000011110110011
11111100111101000010001000100011
11111011110001000010011110000011
00000001000001111010011110000011
11111100111101000010101000100011
11111110000001000010011000100011
00001110010000000000000001101111
11111011110001000010011110000011
00000000000001111010011100000011
11111110110001000010011110000011
00000000001001111001011110010011
00000000111101110000011110110011
00000000000001111010011110000011
00001010000001111000110001100011
11111011110001000010011110000011
00000000000001111010011100000011
11111110110001000010011110000011
00000000001001111001011110010011
00000000111101110000011110110011
00000000000001111010011110000011
11111110111101000010010000100011
00001000110000000000000001101111
11111110100001000010011110000011
00000000100001111010011110000011
11111110111101000010000000100011
11111011110001000010011110000011
00000000010001111010011110000011
00000000000001111010011100000011
11111110100001000010011110000011
00000000000001111010011110000011
00000000111100000000010100110011
00000000000001110000000011100111
00000000101000000000011100110011
11111101000001000010011110000011
00000000111101110111011110110011
11111100111101000010111000100011
11111100010001000010011100000011
11111101110001000010011110000011
00000000001001111001011110010011
00000000111101110000011110110011
00000000000001111010011100000011
11111110100001000010011110000011
00000000111001111010010000100011
11111100010001000010011100000011
11111101110001000010011110000011
00000000001001111001011110010011
00000000111101110000011110110011
11111110100001000010011100000011
00000000111001111010000000100011
11111011110001000010011110000011
00000001000001111010011110000011
11111111111101111000011100010011
11111011110001000010011110000011
00000000111001111010100000100011
11111110000001000010011110000011
11111110111101000010010000100011
11111110100001000010011110000011
11110110000001111001101011100011
00000000100000000000000001101111
00000000000000000000000000010011
11111110110001000010011110000011
00000000000101111000011110010011
11111110111101000010011000100011
11111011110001000010011110000011
00000000100001111010011110000011
11111110110001000010011100000011
00000000111101110111100001100011
11111011110001000010011110000011
00000001000001111010011110000011
11110000000001111001010011100011
11111011110001000010011110000011
00000001000001111010011110000011
00000010000001111000001001100011
00010000000000010000011110110111
00001001000001111000011010010011
00000111111000000000011000010011
00010000000000010000011110110111
00000000000001111000010110010011
00010000000000010000011110110111
00001000000001111000010100010011
00000000000000000000000000010011
11111011110001000010011110000011
00000000000001111010011110000011
00000000111100000000010100110011
00000000000000000000000000010011
11111011110001000010011110000011
11111100010001000010100000000011
11111100100001000010010100000011
11111100110001000010010110000011
11111101000001000010011000000011
11111101010001000010011010000011
11111101100001000010011100000011
00000001000001111010000000100011
00000000101001111010001000100011
00000000101101111010010000100011
00000000110001111010011000100011
00000000110101111010100000100011
00000000111001111010101000100011
00000000000000000000011110010011
00000000111100000000010100110011
00000100110000010010000010000011
00000100100000010010010000000011
00000101000000010000000100010011
00000000000000001000000001100111
11111101000000010000000100010011
00000010000100010010011000100011
00000010100000010010010000100011
00000011000000010000010000010011
11111100101001000010111000100011
11111100101101000010110000100011
11111100110001000010101000100011
11111101100001000010010110000011
11111101110001000010010100000011
00000000000000000000000000010011
11111110101001000010011000100011
11111110110001000010011100000011
11111111111100000000011110010011
00000000111101110001011001100011
00000000000100000000011110010011
00010000000000000000000001101111
00000000110000000000010100010011
00000000000000000000000000010011
00000000101000000000011110110011
11111110111101000010010000100011
11111101110001000010011110000011
00000000000001111010011100000011
11111110110001000010011110000011
00000000001001111001011110010011
00000000111101110000011110110011
00000000000001111010011100000011
11111110100001000010011110000011
00000000111001111010010000100011
11111101110001000010011110000011
00000000000001111010011100000011
11111110110001000010011110000011
00000000001001111001011110010011
00000000111101110000011110110011
11111110100001000010011100000011
00000000111001111010000000100011
11111101110001000010011110000011
00000000010001111010011110000011
00000000010001111010011110000011
00000010000001111000101001100011
11111101110001000010011110000011
00000000010001111010011110000011
00000000010001111010011100000011
11111101110001000010011110000011
00000001010001111010011110000011
11111101100001000010010110000011
00000000111100000000010100110011
00000000000001110000000011100111
00000000101000000000011100110011
11111110100001000010011110000011
00000000111001111010000000100011
00000001000000000000000001101111
11111110100001000010011110000011
11111101100001000010011100000011
00000000111001111010000000100011
11111101110001000010011110000011
00000000010001111010011110000011
00000000100001111010011110000011
00000010000001111000101001100011
11111101110001000010011110000011
00000000010001111010011110000011
00000000100001111010011100000011
11111101110001000010011110000011
00000001010001111010011110000011
11111101010001000010010110000011
00000000111100000000010100110011
00000000000001110000000011100111
00000000101000000000011100110011
11111110100001000010011110000011
00000000111001111010001000100011
00000001000000000000000001101111
11111110100001000010011110000011
11111101010001000010011100000011
00000000111001111010001000100011
11111101110001000010011110000011
00000001000001111010011110000011
00000000000101111000011100010011
11111101110001000010011110000011
00000000111001111010100000100011
00000000000000000000011110010011
00000000111100000000010100110011
00000010110000010010000010000011
00000010100000010010010000000011
00000011000000010000000100010011
00000000000000001000000001100111
11111101000000010000000100010011
00000010000100010010011000100011
00000010100000010010010000100011
00000011000000010000010000010011
11111100101001000010111000100011
11111100101101000010110000100011
11111100110001000010101000100011
11111101010001000010011000000011
11111101100001000010010110000011
11111101110001000010010100000011
00000000000000000000000000010011
00000000101000000000011110110011
00000000000001111001011001100011
00000000000100000000011110010011
00001011010000000000000001101111
11111101100001000010010110000011
11111101110001000010010100000011
00000000000000000000000000010011
11111110101001000010011000100011
11111110110001000010011110000011
00000000000001111010011100000011
11111110111001000010000000100011
00000000010001111010011100000011
11111110111001000010001000100011
00000000100001111010011110000011
11111110111101000010010000100011
11111101110001000010011110000011
00000000010001111010011110000011
00000000100001111010011110000011
00000010000001111000101001100011
11111101110001000010011110000011
00000000010001111010011110000011
00000000100001111010011100000011
11111101110001000010011110000011
00000001010001111010011110000011
11111101010001000010010110000011
00000000111100000000010100110011
00000000000001110000000011100111
00000000101000000000011100110011
11111110110001000010011110000011
00000000111001111010001000100011
00000001000000000000000001101111
11111110110001000010011110000011
11111101010001000010011100000011
00000000111001111010001000100011
11111101110001000010011110000011
00000000010001111010011110000011
00000001010001111010011110000011
00000010000001111000010001100011
11111101110001000010011110000011
00000000010001111010011110000011
00000001010001111010011010000011
11111101110001000010011110000011
00000001010001111010011110000011
11111110010001000010011100000011
00000000111000000000010110110011
00000000111100000000010100110011
00000000000001101000000011100111
00000000000000000000011110010011
00000000111100000000010100110011
00000010110000010010000010000011
00000010100000010010010000000011
00000011000000010000000100010011
00000000000000001000000001100111
11111101000000010000000100010011
00000010000100010010011000100011
00000010100000010010010000100011
00000011000000010000010000010011
11111100101001000010111000100011
11111100101101000010110000100011
11111101110001000010011110000011
00000000100001111010011110000011
00000000000001111001011001100011
00000000000100000000011110010011
00011010100000000000000001101111
11111101110001000010011110000011
00000000010001111010011110000011
00000000000001111010011110000011
11111101100001000010010100000011
00000000000001111000000011100111
00000000101000000000011100110011
11111101110001000010011110000011
00000000110001111010011110000011
00000000111101110111011110110011
11111110111101000010001000100011
11111101110001000010011110000011
00000000000001111010011100000011
11111110010001000010011110000011
00000000001001111001011110010011
00000000111101110000011110110011
00000000000001111010011110000011
11111110111101000010011000100011
11111110000001000010010000100011
00010101000000000000000001101111
11111101110001000010011110000011
00000000010001111010011110000011
00000000110001111010011110000011
00000100000001111000000001100011
11111101110001000010011110000011
00000000010001111010011110000011
00000000110001111010011010000011
11111101110001000010011110000011
00000001010001111010011100000011
11111110110001000010011110000011
00000000000001111010011110000011
00000000111100000000011000110011
11111101100001000010010110000011
00000000111000000000010100110011
00000000000001101000000011100111
00000000101000000000011110110011
00000000111100000011011110110011
00001111111101111111011110010011
00000001110000000000000001101111
11111110110001000010011110000011
00000000000001111010011110000011
11111101100001000010011100000011
01000000111101110000011110110011
00000000000101111011011110010011
00001111111101111111011110010011
00001100000001111000101001100011
11111110100001000010011110000011
00000000000001111000110001100011
11111110110001000010011110000011
00000000100001111010011100000011
11111110100001000010011110000011
00000000111001111010010000100011
00000010010000000000000001101111
11111101110001000010011110000011
00000000000001111010011100000011
11111110010001000010011110000011
00000000001001111001011110010011
00000000111101110000011110110011
11111110110001000010011100000011
00000000100001110010011100000011
00000000111001111010000000100011
11111101110001000010011110000011
00000000010001111010011110000011
00000001000001111010011110000011
00000010000001111000011001100011
11111101110001000010011110000011
00000000010001111010011110000011
00000001000001111010011010000011
11111101110001000010011110000011
00000001010001111010011100000011
11111110110001000010011110000011
00000000000001111010011110000011
00000000111100000000010110110011
00000000111000000000010100110011
00000000000001101000000011100111
11111101110001000010011110000011
00000000010001111010011110000011
00000001010001111010011110000011
00000010000001111000011001100011
11111101110001000010011110000011
00000000010001111010011110000011
00000001010001111010011010000011
11111101110001000010011110000011
00000001010001111010011100000011
11111110110001000010011110000011
00000000010001111010011110000011
00000000111100000000010110110011
00000000111000000000010100110011
00000000000001101000000011100111
11111110110001000010010100000011
00000000000000000000000000010011
11111101110001000010011110000011
00000001000001111010011110000011
11111111111101111000011100010011
11111101110001000010011110000011
00000000111001111010100000100011
00000000000000000000011110010011
00000010010000000000000001101111
11111110110001000010011110000011
11111110111101000010010000100011
11111110110001000010011110000011
00000000100001111010011110000011
11111110111101000010011000100011
11111110110001000010011110000011
11101010000001111001100011100011
00000000000100000000011110010011
00000000111100000000010100110011
00000010110000010010000010000011
00000010100000010010010000000011
00000011000000010000000100010011
00000000000000001000000001100111
11111101000000010000000100010011
00000010000100010010011000100011
00000010100000010010010000100011
00000011000000010000010000010011
11111100101001000010111000100011
11111110000001000010011000100011
00001110100000000000000001101111
11111101110001000010011110000011
00000000000001111010011100000011
11111110110001000010011110000011
00000000001001111001011110010011
00000000111101110000011110110011
00000000000001111010011110000011
11111110111101000010010000100011
11111110100001000010011110000011
00001010000001111000101001100011
00001010010000000000000001101111
11111110100001000010011110000011
00000000100001111010011110000011
11111110111101000010001000100011
11111101110001000010011110000011
00000000010001111010011110000011
00000001000001111010011110000011
00000010000001111000011001100011
11111101110001000010011110000011
00000000010001111010011110000011
00000001000001111010011010000011
11111101110001000010011110000011
00000001010001111010011100000011
11111110100001000010011110000011
00000000000001111010011110000011
00000000111100000000010110110011
00000000111000000000010100110011
00000000000001101000000011100111
11111101110001000010011110000011
00000000010001111010011110000011
00000001010001111010011110000011
00000010000001111000011001100011
11111101110001000010011110000011
00000000010001111010011110000011
00000001010001111010011010000011
11111101110001000010011110000011
00000001010001111010011100000011
11111110100001000010011110000011
00000000010001111010011110000011
00000000111100000000010110110011
00000000111000000000010100110011
00000000000001101000000011100111
11111110100001000010010100000011
00000000000000000000000000010011
11111101110001000010011110000011
00000001000001111010011110000011
11111111111101111000011100010011
11111101110001000010011110000011
00000000111001111010100000100011
11111110010001000010011110000011
11111110111101000010010000100011
11111110100001000010011110000011
11110100000001111001111011100011
00000000100000000000000001101111
00000000000000000000000000010011
11111110110001000010011110000011
00000000000101111000011110010011
11111110111101000010011000100011
11111101110001000010011110000011
00000000100001111010011110000011
11111110110001000010011100000011
00000000111101110111100001100011
11111101110001000010011110000011
00000001000001111010011110000011
11110000000001111001001011100011
11111101110001000010011110000011
00000000000001111010011110000011
00000000111100000000010100110011
00000000000000000000000000010011
11111101110001000010010100000011
00000000000000000000000000010011
00000000000000000000011110010011
00000000111100000000010100110011
00000010110000010010000010000011
00000010100000010010010000000011
00000011000000010000000100010011
00000000000000001000000001100111
11111110000000010000000100010011
00000000000100010010111000100011
00000000100000010010110000100011
00000010000000010000010000010011
11111110101001000010011000100011
11111110110001000010010100000011
00000000000000000000000000010011
11111110110001000010010100000011
00000000000000000000000000010011
00000000000000000000000000010011
00000001110000010010000010000011
00000001100000010010010000000011
00000010000000010000000100010011
00000000000000001000000001100111
11111101000000010000000100010011
00000010000100010010011000100011
00000010100000010010010000100011
00000011000000010000010000010011
11111100101001000010111000100011
11111100101101000010110000100011
11111101110001000010011110000011
00000000100001111010011110000011
00000000000001111001011001100011
00000000000000000000011110010011
00001101010000000000000001101111
11111101110001000010011110000011
00000000010001111010011110000011
00000000000001111010011110000011
11111101100001000010010100000011
00000000000001111000000011100111
00000000101000000000011100110011
11111101110001000010011110000011
00000000110001111010011110000011
00000000111101110111011110110011
11111110111101000010010000100011
11111101110001000010011110000011
00000000000001111010011100000011
11111110100001000010011110000011
00000000001001111001011110010011
00000000111101110000011110110011
00000000000001111010011110000011
11111110111101000010011000100011
00001000000000000000000001101111
11111101110001000010011110000011
00000000010001111010011110000011
00000000110001111010011110000011
00000100000001111000000001100011
11111101110001000010011110000011
00000000010001111010011110000011
00000000110001111010011010000011
11111101110001000010011110000011
00000001010001111010011100000011
11111110110001000010011110000011
00000000000001111010011110000011
00000000111100000000011000110011
11111101100001000010010110000011
00000000111000000000010100110011
00000000000001101000000011100111
00000000101000000000011110110011
00000000111100000011011110110011
00001111111101111111011110010011
00000001110000000000000001101111
11111110110001000010011110000011
00000000000001111010011110000011
11111101100001000010011100000011
01000000111101110000011110110011
00000000000101111011011110010011
00001111111101111111011110010011
00000000000001111000011001100011
11111110110001000010011110000011
00000001110000000000000001101111
11111110110001000010011110000011
00000000100001111010011110000011
11111110111101000010011000100011
11111110110001000010011110000011
11111000000001111001000011100011
00000000000000000000011110010011
00000000111100000000010100110011
00000010110000010010000010000011
00000010100000010010010000000011
00000011000000010000000100010011
00000000000000001000000001100111
11111101000000010000000100010011
00000010000100010010011000100011
00000010100000010010010000100011
00000011000000010000010000010011
11111100101001000010111000100011
00000001000000000000010100010011
00000000000000000000000000010011
00000000101000000000011110110011
11111110111101000010011000100011
11111110110001000010011110000011
11111101110001000010011100000011
00000000111001111010000000100011
11111110110001000010011110000011
11111111111100000000011100010011
00000000111001111010001000100011
11111110110001000010011110000011
00000000000001111010010000100011
11111110110001000010011110000011
00000000000001111010011000100011
11111110110001000010011110000011
00000000111100000000010100110011
00000010110000010010000010000011
00000010100000010010010000000011
00000011000000010000000100010011
00000000000000001000000001100111
11111110000000010000000100010011
00000000100000010010111000100011
00000010000000010000010000010011
11111110101001000010011000100011
11111110110001000010011110000011
00000000100001111010011110000011
00000100000001111001111001100011
11111110110001000010011110000011
00000000010001111010011110000011
00000000000101111000011100010011
11111110110001000010011110000011
00000000111001111010001000100011
11111110110001000010011110000011
00000000010001111010011110000011
11111110110001000010011100000011
00000000000001110010011100000011
00000000100001110010011100000011
00000110111001111101011001100011
11111110110001000010011110000011
00000000000001111010011110000011
00000000000001111010011100000011
11111110110001000010011110000011
00000000010001111010011110000011
00000000001001111001011110010011
00000000111101110000011110110011
00000000000001111010011100000011
11111110110001000010011110000011
00000000111001111010010000100011
00000001010000000000000001101111
11111110110001000010011110000011
00000000110001111010011100000011
11111110110001000010011110000011
00000000111001111010010000100011
11111110110001000010011110000011
00000000100001111010011110000011
11111000000001111000001011100011
11111110110001000010011110000011
00000000100001111010011110000011
00000000100001111010011100000011
11111110110001000010011110000011
00000000111001111010011000100011
11111110110001000010011110000011
00000000100001111010011110000011
00000000110000000000000001101111
00000000000000000000000000010011
00000000000000000000011110010011
00000000111100000000010100110011
00000001110000010010010000000011
00000010000000010000000100010011
00000000000000001000000001100111
11111110000000010000000100010011
00000000000100010010111000100011
00000000100000010010110000100011
00000010000000010000010000010011
11111110101001000010011000100011
11111110110001000010010100000011
00000000000000000000000000010011
00000000000000000000000000010011
00000001110000010010000010000011
00000001100000010010010000000011
00000010000000010000000100010011
00000000000000001000000001100111
11111110000000010000000100010011
00000000000100010010111000100011
00000000100000010010110000100011
00000010000000010000010000010011
11111110101001000010011000100011
11111110110001000010011110000011
00000000100001111010011110000011
00000000000001111001110001100011
00000000010000000000010110010011
11111110110001000010010100000011
00000000000000000000000000010011
00000000101000000000011110110011
00000011110000000000000001101111
11111110110001000010011110000011
00000001000001111010011100000011
11111110110001000010011110000011
00000000100001111010011110000011
00000010111101110001001001100011
11111110110001000010011110000011
00000000100001111010011110000011
00000000000101111001011110010011
00000000111100000000010110110011
11111110110001000010010100000011
00000000000000000000000000010011
00000000101000000000011110110011
00000000100000000000000001101111
00000000000000000000011110010011
00000000111100000000010100110011
00000001110000010010000010000011
00000001100000010010010000000011
00000010000000010000000100010011
00000000000000001000000001100111
11111101000000010000000100010011
00000010100000010010011000100011
00000011000000010000010000010011
11111100101001000010111000100011
00000000010000000000011110010011
11111110111101000010011000100011
11111101110001000010011100000011
10000000000000000000011110110111
00000000000001111000011110010011
11111111111001111100011110010011
00000000111001111111101001100011
10000000000000000000011110110111
00000000000001111000011110010011
11111111111101111100011110010011
00000010100000000000000001101111
11111110110001000010011100000011
11111101110001000010011110000011
00000000111101110110011001100011
11111110110001000010011110000011
00000001010000000000000001101111
11111110110001000010011110000011
00000000000101111001011110010011
11111110111101000010011000100011
11111110000111111111000001101111
00000000111100000000010100110011
00000010110000010010010000000011
00000011000000010000000100010011
00000000000000001000000001100111
11111101000000010000000100010011
00000010000100010010011000100011
00000010100000010010010000100011
00000011000000010000010000010011
11111100101001000010111000100011
11111100101101000010110000100011
11111101110001000010010100000011
00000000000000000000000000010011
00000000101000000000011100110011
00000000000100000000011110010011
00000000111101110001011001100011
11111111111100000000011110010011
00001101010000000000000001101111
11111101110001000010011110000011
00000000010001111010011110000011
00000000000001111010011110000011
11111101100001000010010100000011
00000000000001111000000011100111
00000000101000000000011100110011
11111101110001000010011110000011
00000000110001111010011110000011
00000000111101110111011110110011
11111110111101000010010000100011
11111101110001000010011110000011
00000000000001111010011100000011
11111110100001000010011110000011
00000000001001111001011110010011
00000000111101110000011110110011
00000000000001111010011110000011
11111110111101000010011000100011
00001000000000000000000001101111
11111101110001000010011110000011
00000000010001111010011110000011
00000000110001111010011110000011
00000100000001111000000001100011
11111101110001000010011110000011
00000000010001111010011110000011
00000000110001111010011010000011
11111101110001000010011110000011
00000001010001111010011100000011
11111110110001000010011110000011
00000000000001111010011110000011
00000000111100000000011000110011
11111101100001000010010110000011
00000000111000000000010100110011
00000000000001101000000011100111
00000000101000000000011110110011
00000000111100000011011110110011
00001111111101111111011110010011
00000001110000000000000001101111
11111110110001000010011110000011
00000000000001111010011110000011
11111101100001000010011100000011
01000000111101110000011110110011
00000000000101111011011110010011
00001111111101111111011110010011
00000000000001111000011001100011
11111111111100000000011110010011
00000001110000000000000001101111
11111110110001000010011110000011
00000000100001111010011110000011
11111110111101000010011000100011
11111110110001000010011110000011
11111000000001111001000011100011
11111110100001000010011110000011
00000000111100000000010100110011
00000010110000010010000010000011
00000010100000010010010000000011
00000011000000010000000100010011
00000000000000001000000001100111
