11111110000000010000000100010011
00000000000100010010111000100011
00000000100000010010110000100011
00000010000000010000010000010011
11111110101001000010011000100011
11111110110001000010011110000011
00000010000001111000011001100011
11111110110001000010011110000011
00001000010001111010011110000011
00000010000001111100000001100011
11111110110001000010011110000011
00001000010001111010011110000011
00000000111100000000010100110011
00000000000000000000000000010011
11111110110001000010011110000011
11111111111100000000011100010011
00001000111001111010001000100011
00000000000000000000000000010011
00000001110000010010000010000011
00000001100000010010010000000011
00000010000000010000000100010011
00000000000000001000000001100111
11110101000000010000000100010011
00001010000100010010011000100011
00001010100000010010010000100011
00001011000000010000010000010011
11110100101001000010111000100011
11110100101101000010110000100011
11110100110001000010101000100011
00000000000000000000000000010011
00000000101000000000011110110011
00000000000001111010011110000011
11111110111101000010010000100011
11110110000001000010010000100011
11110110110001000000011110010011
00000111110000000000011100010011
00000000111000000000011000110011
00000000000000000000010110010011
00000000111100000000010100110011
00000000000000000000000000010011
11111110000001000010011000100011
11110101010001000010011110000011
00000010000001111000010001100011
11110110100001000000011100010011
11110101010001000010011010000011
00010000000000010000011110110111
00000000000001111000011000010011
00001000000000000000010110010011
00000000111000000000010100110011
00000000000000000000000000010011
00000000101000000000011110110011
11111110111101000010011000100011
11110110100001000000011100010011
11111110110001000010011110000011
00000000111101110000011010110011
00001000000000000000011100010011
11111110110001000010011110000011
01000000111101110000011110110011
00000000111100000000011000110011
00000000110100000000010110110011
11111110100001000010010100000011
00000000000000000000000000010011
11110110100001000000011110010011
00000000111100000000011000110011
11110101100001000010010110000011
11110101110001000010010100000011
00000000000000000000000000010011
00000000000000000000000000010011
00001010110000010010000010000011
00001010100000010010010000000011
00001011000000010000000100010011
00000000000000001000000001100111
11111101000000010000000100010011
00000010000100010010011000100011
00000010100000010010010000100011
00000011000000010000010000010011
11111100101001000010111000100011
00000000000100000000011110010011
11111110111101000010011000100011
11111101110001000010011110000011
00001000010001111010011110000011
11111110110001000000011010010011
00000000010000000000011100010011
00000000001000000000011000010011
00000000000100000000010110010011
00000000111100000000010100110011
00000000000000000000000000010011
00000000101000000000011100110011
11111111111100000000011110010011
00000010111101110001001001100011
00000000000000000000011000010011
00000000000100000000010110010011
11111101110001000010010100000011
00000000000000000000000000010011
11111101110001000010010100000011
00000000000000000000000000010011
11111111111100000000011110010011
00000000100000000000000001101111
00000000000000000000011110010011
00000000111100000000010100110011
00000010110000010010000010000011
00000010100000010010010000000011
00000011000000010000000100010011
00000000000000001000000001100111
11111101000000010000000100010011
00000010000100010010011000100011
00000010100000010010010000100011
00000011000000010000010000010011
11111100101001000010111000100011
11111100101101000010110000100011
00000000000000000000011000010011
00000000000100000000010110010011
11111101100001000010010100000011
00000000000000000000000000010011
11111110101001000010011000100011
11111110110001000010011100000011
11111111111100000000011110010011
00000000111101110001111001100011
00000000000000000000011000010011
00000000000100000000010110010011
11111101110001000010010100000011
00000000000000000000000000010011
11111111111100000000011110010011
00000011110000000000000001101111
11111101110001000010011110000011
11111110110001000010011100000011
00001000111001111010001000100011
11111101100001000010011100000011
00000000001000000000011110010011
00000010111101110001000001100011
11111101110001000010010100000011
00000000000000000000000000010011
00000000101000000000011100110011
11111111111100000000011110010011
00000000111101110001011001100011
11111111111100000000011110010011
00000000100000000000000001101111
00000000000000000000011110010011
00000000111100000000010100110011
00000010110000010010000010000011
00000010100000010010010000000011
00000011000000010000000100010011
00000000000000001000000001100111
11111101000000010000000100010011
00000010000100010010011000100011
00000010100000010010010000100011
00000011000000010000010000010011
11111100101001000010111000100011
11111100101101000010110000100011
11111101110001000010011110000011
00001000010001111010011110000011
00000000001100000000010110010011
00000000111100000000010100110011
00000000000000000000000000010011
11111110101001000010011000100011
11111110110001000010011100000011
11111111111100000000011110010011
00000010111101110001010001100011
00010000000000010000011110110111
00000000100001111000011000010011
00000000000100000000010110010011
11111101110001000010010100000011
00000000000000000000000000010011
11111101110001000010010100000011
00000000000000000000000000010011
11111111111100000000011110010011
00001000110000000000000001101111
11111101100001000010011110000011
00000010000001111000000001100011
11111110110001000010011100000011
11111111111111111111011110110111
00000000000001111000011110010011
01111111111101111000011110010011
00000000111101110111011110110011
11111110111101000010011000100011
00000001110000000000000001101111
11111110110001000010011100000011
00000000000000000001011110110111
00000000000001111000011110010011
10000000000001111000011110010011
00000000111101110110011110110011
11111110111101000010011000100011
11111101110001000010011110000011
00001000010001111010011110000011
11111110110001000010011000000011
00000000010000000000010110010011
00000000111100000000010100110011
00000000000000000000000000010011
00000000101000000000011100110011
11111111111100000000011110010011
00000010111101110001010001100011
00010000000000010000011110110111
00000001100001111000011000010011
00000000000100000000010110010011
11111101110001000010010100000011
00000000000000000000000000010011
11111101110001000010010100000011
00000000000000000000000000010011
11111111111100000000011110010011
00000000100000000000000001101111
00000000000000000000011110010011
00000000111100000000010100110011
00000010110000010010000010000011
00000010100000010010010000000011
00000011000000010000000100010011
00000000000000001000000001100111
11111101000000010000000100010011
00000010000100010010011000100011
00000010100000010010010000100011
00000011000000010000010000010011
11111100101001000010111000100011
11111100101101000010110000100011
00000000000100000000011110010011
11111110111101000010010000100011
11111101110001000010011110000011
00001000010001111010011110000011
11111110111101000010011000100011
11111110100001000000011110010011
00000000010000000000011100010011
00000000111100000000011010110011
00000000100100000000011000010011
00000000000100000000010110010011
11111110110001000010010100000011
00000000000000000000000000010011
00000000101000000000011100110011
11111111111100000000011110010011
00000010111101110001101001100011
00000000000000000000000000010011
00000000101000000000011110110011
00000000000001111010011110000011
00000000111100000000010100110011
00000000000000000000000000010011
00000000101000000000011110110011
00000000111100000000011000110011
00000000001000000000010110010011
11111101110001000010010100000011
00000000000000000000000000010011
11111111111100000000011110010011
00010011010000000000000001101111
11111101100001000010011110000011
11111110111101000010010000100011
11111110100001000000011110010011
00000000010000000000011100010011
00000000111100000000011010110011
00000000010000000000011000010011
00000000011000000000010110010011
11111110110001000010010100000011
00000000000000000000000000010011
00000000101000000000011110110011
00000010000001111101101001100011
00000000000000000000000000010011
00000000101000000000011110110011
00000000000001111010011110000011
00000000111100000000010100110011
00000000000000000000000000010011
00000000101000000000011110110011
00000000111100000000011000110011
00000000001000000000010110010011
11111101110001000010010100000011
00000000000000000000000000010011
11111111111100000000011110010011
00001101100000000000000001101111
11111101100001000010011100000011
00000000001100000000011110010011
00000010111101110100011110110011
11111110111101000010010000100011
11111110100001000010011110000011
00000000000001111001011001100011
00000000000100000000011110010011
11111110111101000010010000100011
11111110100001000000011110010011
00000000010000000000011100010011
00000000111100000000011010110011
00000000010100000000011000010011
00000000011000000000010110010011
11111110110001000010010100000011
00000000000000000000000000010011
00000000101000000000011110110011
00000010000001111101101001100011
00000000000000000000000000010011
00000000101000000000011110110011
00000000000001111010011110000011
00000000111100000000010100110011
00000000000000000000000000010011
00000000101000000000011110110011
00000000111100000000011000110011
00000000001000000000010110010011
11111101110001000010010100000011
00000000000000000000000000010011
11111111111100000000011110010011
00000110010000000000000001101111
00000000001100000000011110010011
11111110111101000010010000100011
11111110100001000000011110010011
00000000010000000000011100010011
00000000111100000000011010110011
00000000011000000000011000010011
00000000011000000000010110010011
11111110110001000010010100000011
00000000000000000000000000010011
00000000101000000000011110110011
00000010000001111101101001100011
00000000000000000000000000010011
00000000101000000000011110110011
00000000000001111010011110000011
00000000111100000000010100110011
00000000000000000000000000010011
00000000101000000000011110110011
00000000111100000000011000110011
00000000001000000000010110010011
11111101110001000010010100000011
00000000000000000000000000010011
11111111111100000000011110010011
00000000100000000000000001101111
00000000000000000000011110010011
00000000111100000000010100110011
00000010110000010010000010000011
00000010100000010010010000000011
00000011000000010000000100010011
00000000000000001000000001100111
11111101000000010000000100010011
00000010000100010010011000100011
00000010100000010010010000100011
00000011000000010000010000010011
11111100101001000010111000100011
00000000000100000000011110010011
11111110111101000010011000100011
11111101110001000010011110000011
00001000010001111010011110000011
11111110110001000000011010010011
00000000010000000000011100010011
00000000000100000000011000010011
00000000011000000000010110010011
00000000111100000000010100110011
00000000000000000000000000010011
00000000101000000000011100110011
11111111111100000000011110010011
00000010111101110001010001100011
00010000000000010000011110110111
00000010100001111000011000010011
00000000000100000000010110010011
11111101110001000010010100000011
00000000000000000000000000010011
11111101110001000010010100000011
00000000000000000000000000010011
11111111111100000000011110010011
00000000100000000000000001101111
00000000000000000000011110010011
00000000111100000000010100110011
00000010110000010010000010000011
00000010100000010010010000000011
00000011000000010000000100010011
00000000000000001000000001100111
11111101000000010000000100010011
00000010100000010010011000100011
00000011000000010000010000010011
11111100101001000010111000100011
11111100101101000010110000100011
11111101110001000010011110000011
00001001100001111010011110000011
11111110111101000010010000100011
11111111111100000000011110010011
11111110111101000010011000100011
11111110100001000010011110000011
00001000000001111000011001100011
11111110100001000010011110000011
00000000010001111010011100000011
00000000000011110100011110110111
00000000000001111000011110010011
00100100000001111000011110010011
00000000111001111100111001100011
11111110100001000010011110000011
00000000000001111010011100000011
00000000001000001100011110110111
00000000000001111000011110010011
01001001101001111000011110010011
00000000111001111101110001100011
11111101100001000010011110000011
11111110110001000010011100000011
00000000111001111010000000100011
11111111111100000000011110010011
00000101100000000000000001101111
11111110100001000010011110000011
00000000000001111010011100000011
00111110100000000000011110010011
00000010111101110000011100110011
11111110100001000010011110000011
00000000010001111010011110000011
00111110011101111000011010010011
00111110100000000000011110010011
00000010111101101100011110110011
00000000111101110000011110110011
11111110111101000010011000100011
11111110110001000010011110000011
00000000000001111101101001100011
10000000000000000000011110110111
00000000000001111000011110010011
11111111111101111100011110010011
11111110111101000010011000100011
11111101100001000010011110000011
11111110110001000010011100000011
00000000111001111010000000100011
00000000000000000000011110010011
00000000111100000000010100110011
00000010110000010010010000000011
00000011000000010000000100010011
00000000000000001000000001100111
11111101000000010000000100010011
00000010000100010010011000100011
00000010100000010010010000100011
00000011000000010000010000010011
11111100101001000010111000100011
11111100101101000010110000100011
11111101110001000010011110000011
00001000010001111010011110000011
11111110111101000010010000100011
00000000010000000000011110010011
11111110111101000001011000100011
00000000000000000000000000010011
00000000101000000000011110110011
00000000000001111010011100000011
00000111001100000000011110010011
00001100111101110001000001100011
11111110100001000000011110010011
11111101100001000010011000000011
00000000000100000000010110010011
00000000111100000000010100110011
00000000000000000000000000010011
00000000101000000000011110110011
11111110111101000010001000100011
11111110010001000010011100000011
11111111111100000000011110010011
00000010111101110001010001100011
00010000000000010000011110110111
00000100000001111000011000010011
00000000000100000000010110010011
11111101110001000010010100000011
00000000000000000000000000010011
11111101110001000010010100000011
00000000000000000000000000010011
11111111111100000000011110010011
00001001000000000000000001101111
11111110010001000010011110000011
00000010000001111001101001100011
00000000000000000000000000010011
00000000101000000000011100110011
00000110111000000000011110010011
00000000111101110010000000100011
00000000000000000000011000010011
00000000000100000000010110010011
11111101110001000010010100000011
00000000000000000000000000010011
11111101110001000010010100000011
00000000000000000000000000010011
11111111111100000000011110010011
00000101100000000000000001101111
11111110010001000000011110010011
00000000111100000000010110110011
11111101110001000010010100000011
00000000000000000000000000010011
00000000101000000000011110110011
00000000000001111001011001100011
11111110010001000010011110000011
00000000000001111001101001100011
11111101110001000010010100000011
00000000000000000000000000010011
11111111111100000000011110010011
00000010100000000000000001101111
00000000000000000000011110010011
00000010000000000000000001101111
00000000000000000000011000010011
00000000000100000000010110010011
11111101110001000010010100000011
00000000000000000000000000010011
11111101110001000010010100000011
00000000000000000000000000010011
11111111111100000000011110010011
00000000111100000000010100110011
00000010110000010010000010000011
00000010100000010010010000000011
00000011000000010000000100010011
00000000000000001000000001100111
11111101000000010000000100010011
00000010000100010010011000100011
00000010100000010010010000100011
00000011000000010000010000010011
11111100101001000010111000100011
11111100101101000010110000100011
11111101110001000010011110000011
00001000010001111010011100000011
11111101110001000010011110000011
00001010110001111010011010000011
11111101110001000010011110000011
00001011000001111010011110000011
00000000111100000000011000110011
00000000110100000000010110110011
00000000111000000000010100110011
00000000000000000000000000010011
11111110101001000010011000100011
11111110110001000010011110000011
00000000000001111001110001100011
11111101100001000010011110000011
00000000000100000000011100010011
00000000111001111010000000100011
00000000000000000000011110010011
00000101100000000000000001101111
00000000000000000000000000010011
00000000101000000000011110110011
00000000000001111010011110000011
00000111001100000000011100010011
00000100111101110100000001100011
00000111001000000000011100010011
00000010111001111101010001100011
00000000101100000000011100010011
00000010111001111000000001100011
00000110101000000000011100010011
00000010111001111001010001100011
11111101100001000010011110000011
00000000000100000000011100010011
00000000111001111010000000100011
00000000000000000000011110010011
00000001100000000000000001101111
11111101100001000010011110000011
00000000000001111010000000100011
00000000000000000000011110010011
00000000100000000000000001101111
11111111111100000000011110010011
00000000111100000000010100110011
00000010110000010010000010000011
00000010100000010010010000000011
00000011000000010000000100010011
00000000000000001000000001100111
11111101000000010000000100010011
00000010000100010010011000100011
00000010100000010010010000100011
00000011000000010000010000010011
11111100101001000010111000100011
11111110000001000010010000100011
00000000000000000000000000010011
00000000101000000000011110110011
00000000000001111010011110000011
11111110111101000010011000100011
00000000010000000000011110010011
11111110111101000010001000100011
11111101110001000010011110000011
00001000010001111010011110000011
11111110010001000000011100010011
11111110100001000000011010010011
00000000010000000000011000010011
00000000000100000000010110010011
00000000111100000000010100110011
00000000000000000000000000010011
00000000101000000000011100110011
11111111111100000000011110010011
00000010111101110001000001100011
00010000000000010000011110110111
00000100100001111000011000010011
00000000000100000000010110010011
11111101110001000010010100000011
00000000000000000000000000010011
11111111111100000000011110010011
00000100100000000000000001101111
11111110100001000010011110000011
00000000000001111001011001100011
11111110110001000010011110000011
11111110111101000010010000100011
11111110100001000010011110000011
00000010000001111000011001100011
00000000000000000000000000010011
00000000101000000000011100110011
11111110100001000010011110000011
00000000111101110010000000100011
00000000000000000000011000010011
00000000000100000000010110010011
11111101110001000010010100000011
00000000000000000000000000010011
11111111111100000000011110010011
00000000100000000000000001101111
00000000000000000000011110010011
00000000111100000000010100110011
00000010110000010010000010000011
00000010100000010010010000000011
00000011000000010000000100010011
00000000000000001000000001100111
11111110000000010000000100010011
00000000000100010010111000100011
00000000100000010010110000100011
00000010000000010000010000010011
11111110101001000010011000100011
11111110101101000010001000100011
11111110110001000010010000100011
11111110110001000010011110000011
00001000010001111010011110000011
11111110010001000000011010010011
00000000100000000000011100010011
00000001010000000000011000010011
00000000000100000000010110010011
00000000111100000000010100110011
00000000000000000000000000010011
00000000101000000000011100110011
11111111111100000000011110010011
00000010111101110001000001100011
00010000000000010000011110110111
00000110000001111000011000010011
00000000000100000000010110010011
11111110110001000010010100000011
00000000000000000000000000010011
11111111111100000000011110010011
00000101000000000000000001101111
11111110110001000010011110000011
00001000010001111010011110000011
11111110010001000000011010010011
00000000100000000000011100010011
00000001010100000000011000010011
00000000000100000000010110010011
00000000111100000000010100110011
00000000000000000000000000010011
00000000101000000000011100110011
11111111111100000000011110010011
00000010111101110001000001100011
00010000000000010000011110110111
00000111100001111000011000010011
00000000000100000000010110010011
11111110110001000010010100000011
00000000000000000000000000010011
11111111111100000000011110010011
00000000100000000000000001101111
00000000000000000000011110010011
00000000111100000000010100110011
00000001110000010010000010000011
00000001100000010010010000000011
00000010000000010000000100010011
00000000000000001000000001100111
11101111000000010000000100010011
00010000000100010010011000100011
00010000100000010010010000100011
00010001000000010000010000010011
11110000101001000010011000100011
11110000101101000010010000100011
11110000110001000010001000100011
11110000110101000010000000100011
11101110111001000010111000100011
11110000110001000010011110000011
00001000100001111010011110000011
00000000000101111111011110010011
11111100111101000010110000100011
11110000110001000010011110000011
00001000100001111010011110000011
00001000000001111111011110010011
11111100111101000010101000100011
11111110000001000010000000100011
11111111111100000000011110010011
11111000111101000010110000100011
11111010000001000010000000100011
11110000110001000010011110000011
00001000000001111010101000100011
11110000110001000010011110000011
11110000010001000010011100000011
00001010111001111010001000100011
11110000110001000010011110000011
00001001110001111010011110000011
11110000100001000010011100000011
00000010111101110000011001100011
11110000110001000010011110000011
00001001110001111010011110000011
00000000111100000000010100110011
00000000000000000000000000010011
11110000100001000010010100000011
00000000000000000000000000010011
00000000101000000000011110110011
00000000111100000000011100110011
11110000110001000010011110000011
00001000111001111010111000100011
11110000000001000010011110000011
00000100000001111000101001100011
11110000110001000010011110000011
00001001100001111010011110000011
11110000000001000010011100000011
00000100111101110000111001100011
11110000110001000010011110000011
00001001100001111010011110000011
00000000000001111001111001100011
00000000100000000000010100010011
00000000000000000000000000010011
00000000101000000000011110110011
00000000111100000000011100110011
11110000110001000010011110000011
00001000111001111010110000100011
11110000110001000010011110000011
00001001100001111010011110000011
00000000100000000000011000010011
11110000000001000010010110000011
00000000111100000000010100110011
00000000000000000000000000010011
00000001110000000000000001101111
11110000110001000010011110000011
00001001100001111010011110000011
00000000111100000000010100110011
00000000000000000000000000010011
11110000110001000010011110000011
00001000000001111010110000100011
11111001100001000000011110010011
00000000111100000000010110110011
11110000110001000010010100000011
00000000000000000000000000010011
00000000101000000000011110110011
00000000000001111000111001100011
00010000000000010000011110110111
00001001000001111000011000010011
00000000000100000000010110010011
11110000110001000010010100000011
00000000000000000000000000010011
01010001110000000000000001101111
11101111110001000010011110000011
00000010000001111001000001100011
11110000110001000010011110000011
00001010000001111010011110000011
00000000111100000000010100110011
00000000000000000000000000010011
11110000110001000010011110000011
00001010000001111010000000100011
00000011110000000000000001101111
11110000110001000010011110000011
00001010000001111010011110000011
11101111110001000010011100000011
00000010111101110000011001100011
11110000110001000010011110000011
00001010000001111010011110000011
00000000111100000000010100110011
00000000000000000000000000010011
11101111110001000010010100000011
00000000000000000000000000010011
00000000101000000000011110110011
00000000111100000000011100110011
11110000110001000010011110000011
00001010111001111010000000100011
11111100010001000000011100010011
11110000010001000010011010000011
00010000000000010000011110110111
00001010110001111000011000010011
00000000011000000000010110010011
00000000111000000000010100110011
00000000000000000000000000010011
11111010010001000000011110010011
00000010000000000000011000010011
00000000000000000000010110010011
00000000111100000000010100110011
00000000000000000000000000010011
00000000001000000000011110010011
11111010111101000010010000100011
00000000000100000000011110010011
11111010111101000010011000100011
11110000110001000010011110000011
00001001110001111010011110000011
11111010000001000000011010010011
11111010010001000000011000010011
11111100010001000000011100010011
00000000111000000000010110110011
00000000111100000000010100110011
00000000000000000000000000010011
11111110101001000010011000100011
11111110110001000010011110000011
00000100000001111000110001100011
00000000101000000000011110010011
11111010111101000010010000100011
11111010000001000000011010010011
11111010010001000000011100010011
11111100010001000000011110010011
00000000111000000000011000110011
00000000111100000000010110110011
11110000100001000010010100000011
00000000000000000000000000010011
11111110101001000010011000100011
11111110110001000010011110000011
00000010000001111000010001100011
11111110110001000010010100000011
00000000000000000000000000010011
00000000101000000000011110110011
00000000111100000000011000110011
00000000001000000000010110010011
11110000110001000010010100000011
00000000000000000000000000010011
11111111111100000000011110010011
01000010000000000000000001101111
11111010000001000010011110000011
11111110111101000010010000100011
00110110110000000000000001101111
00000000000000000000000000010011
11111110100001000010011110000011
00000000010001111010011100000011
11111110100001000010011110000011
00000000100001111010011010000011
11111110100001000010011110000011
00000000110001111010011110000011
00000000111100000000011000110011
00000000110100000000010110110011
00000000111000000000010100110011
00000000000000000000000000010011
11111100101001000010100000100011
11111101000001000010011100000011
11111111111100000000011110010011
00110010111101110000000001100011
11110000110001000010011110000011
11111101000001000010011100000011
00001000111001111010001000100011
00000000000000000000010110010011
11110000110001000010010100000011
00000000000000000000000000010011
00000000101000000000011110110011
00110110000001111001011001100011
11110000110001000010011110000011
00001010000001111010011110000011
00010110000001111000100001100011
11111100000001000010111000100011
11110000110001000010011110000011
00001010000001111010011110000011
11111001110001000000011010010011
11111010010001000000011100010011
00000000111000000000011000110011
00000000000000000000010110010011
00000000111100000000010100110011
00000000000000000000000000010011
11111110101001000010011000100011
11111110110001000010011110000011
00000100000001111000001001100011
11111110110001000010010100000011
00000000000000000000000000010011
00000000101000000000011110110011
11110001100001000000011100010011
00000000111100000000011010110011
00010000000000010000011110110111
00001011000001111000011000010011
00001000000000000000010110010011
00000000111000000000010100110011
00000000000000000000000000010011
11110001100001000000011110010011
00000000111100000000011000110011
00000000001000000000010110010011
11110000110001000010010100000011
00000000000000000000000000010011
00110001110000000000000001101111
11111101010001000010011110000011
00000100000001111000000001100011
00000000000100000000011110010011
11111100111101000010011000100011
11111100110001000000011110010011
00000000010000000000011100010011
00000000111100000000011010110011
00000000001000000000011000010011
00000000000100000000010110010011
11111101000001000010010100000011
00000000000000000000000000010011
00000000101000000000011110110011
00000000000001111101101001100011
11111001110001000010011110000011
00000000111100000000010100110011
00000000000000000000000000010011
00101101100000000000000001101111
11111001110001000010011110000011
11111110111101000010001000100011
00000100100000000000000001101111
11111110010001000010011110000011
00000001010001111010011100000011
11111110010001000010011110000011
00000001000001111010011110000011
00000000111100000000011000110011
00000000111000000000010110110011
11111101000001000010010100000011
00000000000000000000000000010011
00000000101000000000011100110011
11111111111100000000011110010011
00000000111101110000100001100011
00000000000100000000011110010011
11111100111101000010111000100011
00000001100000000000000001101111
11111110010001000010011110000011
00000001110001111010011110000011
11111110111101000010001000100011
11111110010001000010011110000011
11111010000001111001110011100011
11111001110001000010011110000011
00000000111100000000010100110011
00000000000000000000000000010011
11111101110001000010011110000011
00000100000001111001100001100011
00000000000000000000000000010011
00000000101000000000011110110011
00000000000001111010011110000011
00000000111100000000010100110011
00000000000000000000000000010011
00000000101000000000011110110011
11110001100001000000011100010011
00000000111100000000011010110011
00010000000000010000011110110111
00001100010001111000011000010011
00001000000000000000010110010011
00000000111000000000010100110011
00000000000000000000000000010011
11110001100001000000011110010011
00000000111100000000011000110011
00000000001000000000010110010011
11110000110001000010010100000011
00000000000000000000000000010011
00100010000000000000000001101111
11110000110001000010011110000011
00001010110001111010011110000011
00000000000001111000101001100011
11110000110001000010011110000011
00001010110001111010011110000011
00000000111100000000010100110011
00000000000000000000000000010011
11111110100001000010011110000011
00000001000001111010011110000011
00000000111100000000010100110011
00000000000000000000000000010011
00000000101000000000011110110011
00000000111100000000011100110011
11110000110001000010011110000011
00001010111001111010011000100011
11110000110001000010011110000011
00001010110001111010011100000011
11111110100001000010011110000011
00000001010001111010011010000011
11111110100001000010011110000011
00000001000001111010011110000011
00000000111100000000011000110011
00000000110100000000010110110011
00000000111000000000010100110011
00000000000000000000000000010011
11111110100001000010011110000011
00000001000001111010011100000011
11110000110001000010011110000011
00001010111001111010100000100011
11111110100001000010011110000011
00000001010001111010011100000011
11111110100001000010011110000011
00000001000001111010011110000011
00000000111100000000011000110011
00000000111000000000010110110011
11111101000001000010010100000011
00000000000000000000000000010011
00000000101000000000011100110011
11111111111100000000011110010011
00001010111101110001000001100011
00000000000000000000000000010011
00000000101000000000011110110011
00000000000001111010011100000011
00000111000100000000011110010011
00000000111101110001100001100011
11110000110001000010010100000011
00000000000000000000000000010011
00001100110000000000000001101111
00000000000000000000000000010011
00000000101000000000011110110011
00000000000001111010011100000011
00000111001100000000011110010011
00000000111101110001100001100011
11111101100001000010011110000011
00000110000001111000001001100011
00000100100000000000000001101111
00000000000000000000000000010011
00000000101000000000011110110011
00000000000001111010011100000011
00000110001100000000011110010011
00000010111101110001100001100011
11111101010001000010011110000011
00000010000001111000010001100011
11111110000001000010011110000011
00000000000101111000011110010011
11111110111101000010000000100011
11111110000001000010011100000011
00000000100100000000011110010011
00001110111001111100010001100011
11110000110001000010010100000011
00000000000000000000000000010011
11010001010111111111000001101111
00000000000000000000000000010011
11111001100001000010011110000011
00000000111100000000010110110011
11110000110001000010010100000011
00000000000000000000000000010011
00000000101000000000011110110011
00001100000001111001010001100011
11111101100001000010011110000011
00000000000001111000110001100011
00000000000100000000010110010011
11110000110001000010010100000011
00000000000000000000000000010011
00000000101000000000011110110011
00001010000001111001101001100011
11110000110001000010010100000011
00000000000000000000000000010011
00000000101000000000011110110011
00001010000001111001011001100011
11110000110001000010011110000011
00001000100001111010011110000011
00000000001001111110011100010011
11110000110001000010011110000011
00001000111001111010010000100011
11111110000001000010011000100011
00001010010000000000000001101111
00000000000000000000000000010011
11111110100001000010011110000011
00000001110001111010011110000011
11111110111101000010010000100011
11111110100001000010011110000011
11001000000001111001101011100011
11111110100001000010011110000011
00000110000001111001110001100011
00000000000000000000000000010011
00000000101000000000011110110011
00000000000001111010011110000011
00000000111100000000010100110011
00000000000000000000000000010011
00000000101000000000011110110011
11110001100001000000011100010011
00000000111100000000011010110011
00010000000000010000011110110111
00001101110001111000011000010011
00001000000000000000010110010011
00000000111000000000010100110011
00000000000000000000000000010011
11110001100001000000011110010011
00000000111100000000011000110011
00000000001000000000010110010011
11110000110001000010010100000011
00000000000000000000000000010011
00000011000000000000000001101111
00000000000000000000000000010011
00000010100000000000000001101111
00000000000000000000000000010011
00000010000000000000000001101111
00000000000000000000000000010011
00000001100000000000000001101111
00000000000000000000000000010011
00000001000000000000000001101111
00000000000000000000000000010011
00000000100000000000000001101111
00000000000000000000000000010011
11111111111100000000011110010011
11111110111101000010011000100011
11111010000001000010011110000011
00000000000001111000100001100011
11111010000001000010011110000011
00000000111100000000010100110011
00000000000000000000000000010011
11111110110001000010011110000011
00000000111100000000010100110011
00010000110000010010000010000011
00010000100000010010010000000011
00010001000000010000000100010011
00000000000000001000000001100111
11111110000000010000000100010011
00000000000100010010111000100011
00000000100000010010110000100011
00000010000000010000010000010011
11111110101001000010011000100011
11111110101101000010010000100011
11111110110001000010001000100011
11111110110101000010000000100011
00000000000000000000011100010011
11111110000001000010011010000011
11111110010001000010011000000011
11111110100001000010010110000011
11111110110001000010010100000011
00000000000000000000000000010011
00000000101000000000011110110011
00000000111100000000010100110011
00000001110000010010000010000011
00000001100000010010010000000011
00000010000000010000000100010011
00000000000000001000000001100111
11111101000000010000000100010011
00000010000100010010011000100011
00000010100000010010010000100011
00000011000000010000010000010011
11111110101001000010011000100011
11111110101101000010010000100011
11111110110001000010001000100011
11111110110101000010000000100011
11111100111001000010111000100011
11111101110001000010011100000011
11111110000001000010011010000011
11111110010001000010011000000011
11111110100001000010010110000011
11111110110001000010010100000011
00000000000000000000000000010011
00000000101000000000011110110011
00000000111100000000010100110011
00000010110000010010000010000011
00000010100000010010010000000011
00000011000000010000000100010011
00000000000000001000000001100111
11111101000000010000000100010011
00000010000100010010011000100011
00000010100000010010010000100011
00000011000000010000010000010011
11111100101001000010111000100011
11111100101101000010110000100011
11111100110001000010101000100011
11111101110001000010011110000011
00001000100001111010011110000011
00000000000101111111011110010011
11111110111101000010011000100011
11111111111100000000011110010011
11111110111101000010001000100011
00000000000100000000010110010011
11111101110001000010010100000011
00000000000000000000000000010011
00000000101000000000011110110011
00000000000001111101011001100011
11111111111100000000011110010011
00011101010000000000000001101111
00000000000000000000010110010011
11111101110001000010010100000011
00000000000000000000000000010011
00000000101000000000011110110011
00000000000001111000011001100011
11111111111100000000011110010011
00011011100000000000000001101111
11111101110001000010011110000011
00000000000100000000011100010011
00001000111001111010101000100011
11111101110001000010011110000011
00001010100001111010011110000011
11111101100001000010011100000011
00000000111101110000111001100011
11111101100001000010010100000011
00000000000000000000000000010011
00000000101000000000011110110011
00000000111100000000011100110011
11111101110001000010011110000011
00001010111001111010010000100011
11111101010001000010011110000011
00000100000001111000101001100011
11111101110001000010011110000011
00001001100001111010011110000011
11111101010001000010011100000011
00000100111101110000111001100011
11111101110001000010011110000011
00001001100001111010011110000011
00000000000001111001111001100011
00000000100000000000010100010011
00000000000000000000000000010011
00000000101000000000011110110011
00000000111100000000011100110011
11111101110001000010011110000011
00001000111001111010110000100011
11111101110001000010011110000011
00001001100001111010011110000011
00000000100000000000011000010011
11111101010001000010010110000011
00000000111100000000010100110011
00000000000000000000000000010011
00000001110000000000000001101111
11111101110001000010011110000011
00001001100001111010011110000011
00000000111100000000010100110011
00000000000000000000000000010011
11111101110001000010011110000011
00001000000001111010110000100011
11111110010001000000011110010011
00000000111100000000010110110011
11111101110001000010010100000011
00000000000000000000000000010011
00000000101000000000011110110011
00000000000001111000011001100011
11111111111100000000011110010011
00001111010000000000000001101111
00000110111000000000010100010011
00000000000000000000000000010011
00000000101000000000011110110011
00000000111100000000011100110011
11111101110001000010011110000011
00001010111001111010011000100011
11111101110001000010011110000011
00001010110001111010011110000011
11111110111101000010010000100011
11111101110001000010011110000011
00000110111000000000011100010011
00001010111001111010100000100011
11111110100001000010011110000011
00000000000100000000011100010011
00000000111001111001000000100011
11111110100001000010011110000011
00000000001001111000011110010011
00000110101100000000011000010011
11111101100001000010010110000011
00000000111100000000010100110011
00000000000000000000000000010011
11111101110001000010011110000011
00001000010001111010011110000011
00000110111000000000011000010011
11111110100001000010010110000011
00000000111100000000010100110011
00000000000000000000000000010011
00000000101000000000011100110011
11111111111100000000011110010011
00000100111101110001000001100011
00000000000000000000000000010011
00000000101000000000011110110011
00000000000001111010011100000011
00000111001100000000011110010011
00000000111101110001011001100011
11111110110001000010011110000011
00000010000001111000001001100011
11111110010001000010011110000011
00000000111100000000010110110011
11111101110001000010010100000011
00000000000000000000000000010011
00000000101000000000011110110011
00000000000001111000011001100011
11111111111100000000011110010011
00000100000000000000000001101111
11111110110001000010011110000011
00000010000001111000000001100011
00000000000100000000010110010011
11111101110001000010010100000011
00000000000000000000000000010011
00000000101000000000011110110011
00000000000001111000011001100011
11111111111100000000011110010011
00000001110000000000000001101111
11111101110001000010011110000011
00001000100001111010011110000011
00000000001001111110011100010011
11111101110001000010011110000011
00001000111001111010010000100011
00000000000000000000011110010011
00000000111100000000010100110011
00000010110000010010000010000011
00000010100000010010010000000011
00000011000000010000000100010011
00000000000000001000000001100111
