11111101000000010000000100010011
00000010100000010010011000100011
00000011000000010000010000010011
11111100101001000010111000100011
11111101110001000010011110000011
11111111111101111000011110010011
00000000000001111100011110000011
11111110111101000000011110100011
11111110111101000100011110000011
00000000011101111111011110010011
00000000010000000000011100010011
00001110111101110110111001100011
00000000001001111001011100010011
00010000000000010000011110110111
00000000000001111000011110010011
00000000111101110000011110110011
00000000000001111010011110000011
00000000000001111000000001100111
11111110111101000100011110000011
00000000001101111101011110010011
00001111111101111111011110010011
00001101100000000000000001101111
11111101110001000010011110000011
11111111110101111000011110010011
00000000000001111100011110000011
00001100100000000000000001101111
11111101110001000010011110000011
11111111101101111000011110010011
00000000000001111100011100000011
00000000000101111100011110000011
00000000100001111001011110010011
00000000111001111110011110110011
00000001000001111001011110010011
00000001000001111101011110010011
00001010010000000000000001101111
11111101110001000010011110000011
11111111011101111000011110010011
00000000000001111100011100000011
00000000000101111100011010000011
00000000100001101001011010010011
00000000111001101110011100110011
00000000001001111100011010000011
00000001000001101001011010010011
00000000111001101110011100110011
00000000001101111100011110000011
00000001100001111001011110010011
00000000111001111110011110110011
00000111000000000000000001101111
11111101110001000010011110000011
11111110111101111000011110010011
00000000000001111100011100000011
00000000000101111100011010000011
00000000100001101001011010010011
00000000111001101110011100110011
00000000001001111100011010000011
00000001000001101001011010010011
00000000111001101110011100110011
00000000001101111100011010000011
00000001100001101001011010010011
00000000111001101110011100110011
00000000111000000000010100110011
00000000010001111100011100000011
00000000010101111100011010000011
00000000100001101001011010010011
00000000111001101110011100110011
00000000011001111100011010000011
00000001000001101001011010010011
00000000111001101110011100110011
00000000011101111100011110000011
00000001100001111001011110010011
00000000111001111110011110110011
00000000111100000000010110110011
00000000101000000000011110110011
00000000100000000000000001101111
00000000000000000000011110010011
00000000111100000000010100110011
00000010110000010010010000000011
00000011000000010000000100010011
00000000000000001000000001100111
11111100000000010000000100010011
00000010100000010010111000100011
00000100000000010000010000010011
11111100101001000010011000100011
11111100110001000010011110000011
11111111111101111000011110010011
00000000000001111100011110000011
11111110111101000000011110100011
11111110111101000100011110000011
00000000011101111111011110010011
00000000010000000000011100010011
00011110111101110110000001100011
00000000001001111001011100010011
00010000000000010000011110110111
00000001010001111000011110010011
00000000111101110000011110110011
00000000000001111010011110000011
00000000000001111000000001100111
00000000000000000000011110010011
00011100010000000000000001101111
11111100110001000010011110000011
11111111110101111000011110010011
11111100111101000010111000100011
11111101110001000010011110000011
00000000000101111100011110000011
00000000111100000000011100110011
11111101110001000010011110000011
00000000000001111100011110000011
01000000111101110000011110110011
00011001110000000000000001101111
11111100110001000010011110000011
11111111101101111000011110010011
11111110111101000010000000100011
11111110000001000010011110000011
00000000001001111100011100000011
00000000001101111100011110000011
00000000100001111001011110010011
00000000111001111110011110110011
00000001000001111001011110010011
00000001000001111101011110010011
00000000111100000000011010110011
11111110000001000010011110000011
00000000000001111100011100000011
00000000000101111100011110000011
00000000100001111001011110010011
00000000111001111110011110110011
00000001000001111001011110010011
00000001000001111101011110010011
01000000111101101000011110110011
00010100110000000000000001101111
11111100110001000010011110000011
11111111011101111000011110010011
11111110111101000010001000100011
11111110010001000010011110000011
00000000010001111100011100000011
00000000010101111100011010000011
00000000100001101001011010010011
00000000111001101110011100110011
00000000011001111100011010000011
00000001000001101001011010010011
00000000111001101110011100110011
00000000011101111100011110000011
00000001100001111001011110010011
00000000111001111110011110110011
00000000111100000000011000110011
11111110010001000010011110000011
00000000000001111100011100000011
00000000000101111100011010000011
00000000100001101001011010010011
00000000111001101110011100110011
00000000001001111100011010000011
00000001000001101001011010010011
00000000111001101110011100110011
00000000001101111100011110000011
00000001100001111001011110010011
00000000111001111110011110110011
01000000111101100000011110110011
00001101110000000000000001101111
11111100110001000010011110000011
11111110111101111000011110010011
11111110111101000010010000100011
11111110100001000010011110000011
00000000100001111100011100000011
00000000100101111100011010000011
00000000100001101001011010010011
00000000111001101110011100110011
00000000101001111100011010000011
00000001000001101001011010010011
00000000111001101110011100110011
00000000101101111100011010000011
00000001100001101001011010010011
00000000111001101110011100110011
00000000111000000000010100110011
00000000110001111100011100000011
00000000110101111100011010000011
00000000100001101001011010010011
00000000111001101110011100110011
00000000111001111100011010000011
00000001000001101001011010010011
00000000111001101110011100110011
00000000111101111100011110000011
00000001100001111001011110010011
00000000111001111110011110110011
00000000111100000000010110110011
00000000101000000000011000110011
11111110100001000010011110000011
00000000000001111100011100000011
00000000000101111100011010000011
00000000100001101001011010010011
00000000111001101110011100110011
00000000001001111100011010000011
00000001000001101001011010010011
00000000111001101110011100110011
00000000001101111100011010000011
00000001100001101001011010010011
00000000111001101110011100110011
00000000111000000000010100110011
00000000010001111100011100000011
00000000010101111100011010000011
00000000100001101001011010010011
00000000111001101110011100110011
00000000011001111100011010000011
00000001000001101001011010010011
00000000111001101110011100110011
00000000011101111100011110000011
00000001100001111001011110010011
00000000111001111110011110110011
00000000111100000000010110110011
00000000101000000000011110110011
01000000111101100000011110110011
00000000100000000000000001101111
00000000000000000000011110010011
00000000111100000000010100110011
00000011110000010010010000000011
00000100000000010000000100010011
00000000000000001000000001100111
11111101000000010000000100010011
00000010000100010010011000100011
00000010100000010010010000100011
00000011000000010000010000010011
11111100101001000010111000100011
11111100101101000010110000100011
11111100110001000010101000100011
11111101110001000010011110000011
00010111000001111010011110000011
00000100000001111000001001100011
11111101110001000010011110000011
00010111010001111010011110000011
00000010000001111000110001100011
11111101110001000010011110000011
00010111010001111010011110000011
00000001000001111010011110000011
00000010000001111000010001100011
11111101110001000010011110000011
00010111010001111010011110000011
00000001000001111010011100000011
11111101110001000010011110000011
00010111000001111010011110000011
00000000111100000000010100110011
00000000000001110000000011100111
11111101110001000010011110000011
00010110000001111010100000100011
11111101110001000010011110000011
00001000010001111010011110000011
00000000111100000000010100110011
00000000000000000000000000010011
11111101110001000010011110000011
00001000000001111010001000100011
11111101110001000010011110000011
00001000000001111010011000100011
11111101110001000010011110000011
00001000110001111010011100000011
11111101110001000010011110000011
00001000111001111010010000100011
11111101110001000010011110000011
11111111111100000000011100010011
00010110111001111010011000100011
11111101110001000010011110000011
11111101100001000010011100000011
00000000111001111010000000100011
11111101010001000010010100000011
00000000000000000000000000010011
11111110101001000010011000100011
11111110110001000010011110000011
00000111111100000000011100010011
00000000111101110111010001100011
00000111111100000000011110010011
11111110111101000010011000100011
11111101110001000010011110000011
00000000010001111000011110010011
11111110110001000010011000000011
11111101010001000010010110000011
00000000111100000000010100110011
00000000000000000000000000010011
11111101110001000010011100000011
11111110110001000010011110000011
00000000111101110000011110110011
00000000000001111000001000100011
00000000000000000000000000010011
00000010110000010010000010000011
00000010100000010010010000000011
00000011000000010000000100010011
00000000000000001000000001100111
11111101000000010000000100010011
00000010000100010010011000100011
00000010100000010010010000100011
00000011000000010000010000010011
11111100101001000010111000100011
11111100101101000010110000100011
00000000110000000000011110110011
11111100111101000000101110100011
11111110000001000010011000100011
11111101011101000100011110000011
00000010001000000000011100010011
00000010111101110100100001100011
00000000011100000000011100010011
00001110111001111100110001100011
11111111100101111000011110010011
00000001101100000000011100010011
00001110111101110110011001100011
00000000001001111001011100010011
00010000000000010000011110110111
00000110110001111000011110010011
00000000111101110000011110110011
00000000000001111010011110000011
00000000000001111000000001100111
00000101110000000000011100010011
00001100111001111001011001100011
11111101011101000100011110000011
00000000111100000000011010110011
00010000000000010000011110110111
00000010100001111000011000010011
11111101100001000010010110000011
11111101110001000010010100000011
00000000000000000000000000010011
00000000101000000000011110110011
11111110111101000010011000100011
00010010010000000000000001101111
00010000000000010000011110110111
00000011000001111000011000010011
11111101100001000010010110000011
11111101110001000010010100000011
00000000000000000000000000010011
00000000101000000000011110110011
11111110111101000010011000100011
00010000010000000000000001101111
00010000000000010000011110110111
00000011100001111000011000010011
11111101100001000010010110000011
11111101110001000010010100000011
00000000000000000000000000010011
00000000101000000000011110110011
11111110111101000010011000100011
00001110010000000000000001101111
00010000000000010000011110110111
00000100000001111000011000010011
11111101100001000010010110000011
11111101110001000010010100000011
00000000000000000000000000010011
00000000101000000000011110110011
11111110111101000010011000100011
00001100010000000000000001101111
00010000000000010000011110110111
00000100100001111000011000010011
11111101100001000010010110000011
11111101110001000010010100000011
00000000000000000000000000010011
00000000101000000000011110110011
11111110111101000010011000100011
00001010010000000000000001101111
00010000000000010000011110110111
00000101000001111000011000010011
11111101100001000010010110000011
11111101110001000010010100000011
00000000000000000000000000010011
00000000101000000000011110110011
11111110111101000010011000100011
00001000010000000000000001101111
00000000000000000000000000010011
00000000101000000000011110110011
00000000000001111010011100000011
11111101011101000100011110000011
00000000000101111001011110010011
00000000111101110000011110110011
00000000000001111101011110000011
00000000111100000000011100110011
00000000000000000100011110110111
00000000000001111000011110010011
00000000111101110111011110110011
00000010000001111000011001100011
11111101011101000100011110000011
00000000111100000000011010110011
00010000000000010000011110110111
00000101100001111000011000010011
11111101100001000010010110000011
11111101110001000010010100000011
00000000000000000000000000010011
00000000101000000000011110110011
11111110111101000010011000100011
00000010100000000000000001101111
11111101011101000100011110000011
00000000111100000000011010110011
00010000000000010000011110110111
00000110000001111000011000010011
11111101100001000010010110000011
11111101110001000010010100000011
00000000000000000000000000010011
00000000101000000000011110110011
11111110111101000010011000100011
00000000000000000000000000010011
11111110110001000010011110000011
00000000111100000000010100110011
00000010110000010010000010000011
00000010100000010010010000000011
00000011000000010000000100010011
00000000000000001000000001100111
11110101000000010000000100010011
00001010000100010010011000100011
00001010100000010010010000100011
00001011000000010000010000010011
11110100101001000010111000100011
00000000101100000000011110110011
11110100111101000000110110100011
11110101101101000100011100000011
11111110100001000000011110010011
00000000111000000000011000110011
00000000100000000000010110010011
00000000111100000000010100110011
00000000000000000000000000010011
11111110100001000000011110010011
11110110100001000000011100010011
00000000111100000000011010110011
00010000000000010000011110110111
00001101110001111000011000010011
00001000000000000000010110010011
00000000111000000000010100110011
00000000000000000000000000010011
11110110100001000000011110010011
00000000111100000000011000110011
00000000010000000000010110010011
11110101110001000010010100000011
00000000000000000000000000010011
00000000000000000000000000010011
00001010110000010010000010000011
00001010100000010010010000000011
00001011000000010000000100010011
00000000000000001000000001100111
11111110000000010000000100010011
00000000000100010010111000100011
00000000100000010010110000100011
00000010000000010000010000010011
11111110101001000010011000100011
00010000000000010000011110110111
00010000100001111000011000010011
00000000010100000000010110010011
11111110110001000010010100000011
00000000000000000000000000010011
00000000000000000000000000010011
00000001110000010010000010000011
00000001100000010010010000000011
00000010000000010000000100010011
00000000000000001000000001100111
11111101000000010000000100010011
00000010100000010010011000100011
00000011000000010000010000010011
11111100101001000010111000100011
11111100101101000010110000100011
11111101110001000010011110000011
00001000110001111010011100000011
11111101110001000010011110000011
00001000100001111010011110000011
01000000111101110000011110110011
11111101100001000010011100000011
00000010111001111110111001100011
11111101110001000010011110000011
00001000010001111010011100000011
11111101110001000010011110000011
00001000100001111010011110000011
00000000111101110000011110110011
11111110111101000010011000100011
11111101110001000010011110000011
00001000100001111010011100000011
11111101100001000010011110000011
00000000111101110000011100110011
11111101110001000010011110000011
00001000111001111010010000100011
11111110110001000010011110000011
00000000100000000000000001101111
00000000000000000000011110010011
00000000111100000000010100110011
00000010110000010010010000000011
00000011000000010000000100010011
00000000000000001000000001100111
11111101000000010000000100010011
00000010100000010010011000100011
00000011000000010000010000010011
11111100101001000010111000100011
11111100101101000010110000100011
11111110000001000010011000100011
11111101100001000010011110000011
11111111111101111000011110010011
11111110111101000010010000100011
00001000000000000000000001101111
11111110110001000010011110000011
00000000000101111000011110010011
11111110111101000010011000100011
11111110110001000010011100000011
11111110100001000010011110000011
00000000111101110101111001100011
11111110110001000010011110000011
11111101110001000010011100000011
00000000111101110000011110110011
00000000000001111100011100000011
00000000110100000000011110010011
11111100111101110001101011100011
11111110110001000010011100000011
11111110100001000010011110000011
00000000111101110001011001100011
00000000000000000000011110010011
00000100110000000000000001101111
11111110110001000010011110000011
00000000000101111000011110010011
11111101110001000010011100000011
00000000111101110000011110110011
00000000000001111100011100000011
00000000101000000000011110010011
00000000111101110001101001100011
11111110110001000010011110000011
11111101110001000010011100000011
00000000111101110000011110110011
00000010000000000000000001101111
11111110110001000010011110000011
00000000000101111000011110010011
11111110111101000010011000100011
11111110110001000010011100000011
11111110100001000010011110000011
11111000111101110100010011100011
00000000000000000000011110010011
00000000111100000000010100110011
00000010110000010010010000000011
00000011000000010000000100010011
00000000000000001000000001100111
11111100000000010000000100010011
00000010100000010010111000100011
00000011001000010010110000100011
00000011001100010010101000100011
00000100000000010000010000010011
11111100101001000010011000100011
11111100101101000010010000100011
11111100110001000010001000100011
11111100110001000010011110000011
11111110111101000010011000100011
11111110000001000010010000100011
11111110000001000010001000100011
11111110100001000010011100000011
11111100100001000010011110000011
00000000111101110001011001100011
11111111111100000000011110010011
00110110000000000000000001101111
11111100100001000010011100000011
00000000000100000000011110010011
00000010111101110001110001100011
11111110110001000010011110000011
00000000000001111100011100000011
00000011000000000000011110010011
00000010111101110001010001100011
11111100010001000010011110000011
00000000000001111000110001100011
11111100010001000010011110000011
00000000000000000000011010010011
00000000000000000000011100010011
00000000110101111010000000100011
00000000111001111010001000100011
00000000000000000000011110010011
00110010000000000000000001101111
11111110110001000010011110000011
00000000000001111100011100000011
00000010110100000000011110010011
00000010111101110001110001100011
00000000000100000000011110010011
11111110111101000010001000100011
11111110110001000010011110000011
00000000000101111000011110010011
11111110111101000010011000100011
11111110100001000010011110000011
00000000000101111000011110010011
11111110111101000010010000100011
11111110100001000010011100000011
11111100100001000010011110000011
00000000111101110001011001100011
11111111111100000000011110010011
00101101110000000000000001101111
11111110110001000010011110000011
00000000000001111100011100000011
00000011000000000000011110010011
00000100111001111111010001100011
11111110110001000010011110000011
00000000000001111100011100000011
00000011100100000000011110010011
00000010111001111110110001100011
11111110110001000010011110000011
00000000000001111100011110000011
11111101000001111000011110010011
11111100111101000010110000100011
01000001111101111101011110010011
11111100111101000010111000100011
11111110110001000010011110000011
00000000000101111000011110010011
11111110111101000010011000100011
11111110100001000010011110000011
00000000000101111000011110010011
11111110111101000010010000100011
00011001010000000000000001101111
11111110110001000010011110000011
00000000000001111100011100000011
00000011000000000000011110010011
00000010111101110001011001100011
11111100100001000010011100000011
00000000000100000000011110010011
00000010111101110001000001100011
11111100010001000010011110000011
00000000000000000000011010010011
00000000000000000000011100010011
00000000110101111010000000100011
00000000111001111010001000100011
00000000000000000000011110010011
00100101000000000000000001101111
11111111111100000000011110010011
00100100100000000000000001101111
11111101110001000010011100000011
00011001100110011010011110110111
00000000000001111000011110010011
10011001100101111000011110010011
00000010111001111110011001100011
11111101110001000010011100000011
00011001100110011010011110110111
00000000000001111000011110010011
10011001100101111000011110010011
00000010111101110001000001100011
11111101100001000010011100000011
10011001100110011010011110110111
00000000000001111000011110010011
10011001100101111000011110010011
00000000111001111111011001100011
11111111111100000000011110010011
00100000010000000000000001101111
11111101100001000010010100000011
11111101110001000010010110000011
00000000101000000000011100110011
00000000101100000000011110110011
00000001111001110101011010010011
00000000001001111001100010010011
00000001000101101110100010110011
00000000001001110001100000010011
00000001000000000000011100110011
00000001000100000000011110110011
00000000101001110000011000110011
00000000110000000000001010110011
00000000111000101011001010110011
00000000101101111000011010110011
00000000110100101000011110110011
00000000111100000000011010110011
00000000110000000000011100110011
00000000110100000000011110110011
00000001111101110101011010010011
00000000000101111001001110010011
00000000011101101110001110110011
00000000000101110001001100010011
00000000011000000000011100110011
00000000011100000000011110110011
11111100111001000010110000100011
11111100111101000010111000100011
11111110110001000010011110000011
00000000000001111100011110000011
11111101000001111000011110010011
00000000111100000000111100110011
01000001111101111101011110010011
00000000111100000000111110110011
11111111111111110100111000010011
11111111111111111100111010010011
11111101110001000010011110000011
00000001110100000000011100110011
00000000111101110110111001100011
11111101110001000010011110000011
00000001110100000000011100110011
00000000111001111001110001100011
11111101100001000010011110000011
00000001110000000000011100110011
00000000111101110111011001100011
11111111111100000000011110010011
00010101000000000000000001101111
11111110110001000010011110000011
00000000000001111100011110000011
11111101000001111000011110010011
00000000111100000000100100110011
01000001111101111101011110010011
00000000111100000000100110110011
11111101100001000010011000000011
11111101110001000010011010000011
00000001001001100000011100110011
00000000111000000000010110110011
00000000110001011011010110110011
00000001001101101000011110110011
00000000111101011000011010110011
00000000110100000000011110110011
11111100111001000010110000100011
11111100111101000010111000100011
11111110110001000010011110000011
00000000000101111000011110010011
11111110111101000010011000100011
11111110100001000010011110000011
00000000000101111000011110010011
11111110111101000010010000100011
11111110100001000010011100000011
11111100100001000010011110000011
00000010111101110111001001100011
11111110110001000010011110000011
00000000000001111100011100000011
00000010111100000000011110010011
00000000111001111111101001100011
11111110110001000010011110000011
00000000000001111100011100000011
00000011100100000000011110010011
11101000111001111111010011100011
11111110100001000010011100000011
11111100100001000010011110000011
00000000111101110111011001100011
11111111111100000000011110010011
00001011100000000000000001101111
11111110010001000010011110000011
00000110000001111000111001100011
11111101110001000010011100000011
10000000000000000000011110110111
00000000000001111000011110010011
00000000111001111110111001100011
11111101110001000010011100000011
10000000000000000000011110110111
00000000000001111000011110010011
00000000111101110001101001100011
11111101100001000010011110000011
00000000000001111000011001100011
11111111111100000000011110010011
00001000000000000000000001101111
11111100010001000010011110000011
00000110000001111000101001100011
00000000000000000000011100010011
00000000000000000000011110010011
11111101100001000010010100000011
11111101110001000010010110000011
01000000101001110000011000110011
00000000110000000000100000110011
00000001000001110011100000110011
01000000101101111000011010110011
01000001000001101000011110110011
00000000111100000000011010110011
00000000110000000000011100110011
00000000110100000000011110110011
11111100010001000010011010000011
00000000111001101010000000100011
00000000111101101010001000100011
00000011010000000000000001101111
11111101100001000010011100000011
11111101110001000010011110000011
00000000000001111101011001100011
11111111111100000000011110010011
00000010010000000000000001101111
11111100010001000010011110000011
00000000000001111000110001100011
11111101100001000010011100000011
11111101110001000010011110000011
11111100010001000010011010000011
00000000111001101010000000100011
00000000111101101010001000100011
00000000000000000000011110010011
00000000111100000000010100110011
00000011110000010010010000000011
00000011100000010010100100000011
00000011010000010010100110000011
00000100000000010000000100010011
00000000000000001000000001100111
11111101000000010000000100010011
00000010000100010010011000100011
00000010100000010010010000100011
00000011000000010000010000010011
11111100101001000010111000100011
11111100101101000010110000100011
11111101110001000010011110000011
00001000010001111010011100000011
11111101110001000010011110000011
00001000100001111010011110000011
00000000111101110000011110110011
11111110111101000010011000100011
11111101110001000010011110000011
00001000110001111010011100000011
11111101110001000010011110000011
00001000100001111010011110000011
01000000111101110000011110110011
00000000111100000000010110110011
11111110110001000010010100000011
00000000000000000000000000010011
11111110101001000010010000100011
11111110100001000010011110000011
00000100000001111000111001100011
11111101110001000010011110000011
00001000010001111010011100000011
11111101110001000010011110000011
00001000100001111010011110000011
00000000111101110000011110110011
11111110100001000010011100000011
01000000111101110000011110110011
11111110111101000010001000100011
11111101110001000010011110000011
00001000100001111010011100000011
11111110010001000010011110000011
00000000111101110000011110110011
00000000001001111000011100010011
11111101110001000010011110000011
00001000111001111010010000100011
11111101100001000010011110000011
00000000000001111000100001100011
11111101100001000010011110000011
11111110010001000010011100000011
00000000111001111010000000100011
11111110110001000010011110000011
00000000100000000000000001101111
00000000000000000000011110010011
00000000111100000000010100110011
00000010110000010010000010000011
00000010100000010010010000000011
00000011000000010000000100010011
00000000000000001000000001100111
11111101000000010000000100010011
00000010000100010010011000100011
00000010100000010010010000100011
00000011000000010000010000010011
11111100101001000010111000100011
00010100100000000000000001101111
11111101110001000010011110000011
00010110110001111010011110000011
00000000000001111001111001100011
11111101110001000010011110000011
00010110110001111010011110000011
11111111111101111000011100010011
11111101110001000010011110000011
00010110111001111010011000100011
00010011000000000000000001101111
11111101110001000010011110000011
00010110110001111010011100000011
00000000111000000000011110110011
00000000000101111001011110010011
00000000111001111000011110110011
00000000001101111001011110010011
00001001000001111000011110010011
11111101110001000010011100000011
00000000111101110000011110110011
00000000010001111000011110010011
11111110111101000010011000100011
11111101110001000010011110000011
00010110110001111010011110000011
11111111111101111000011100010011
00000000111000000000011110110011
00000000000101111001011110010011
00000000111001111000011110110011
00000000001101111001011110010011
00001001000001111000011110010011
11111101110001000010011100000011
00000000111101110000011110110011
00000000010001111000011110010011
11111110111101000010010000100011
11111110100001000010011110000011
00000000000001111010011100000011
00000000001000000000011110010011
00000010111101110000001001100011
00010000000000010000011110110111
00110000010001111000011010010011
00001111011000000000011000010011
00010000000000010000011110110111
00010001100001111000010110010011
00010000000000010000011110110111
00011001100001111000010100010011
00000000000000000000000000010011
11111110110001000010011110000011
00000000100001111010011100000011
11111110100001000010011110000011
00000000010001111010011110000011
11111111111101111000011110010011
00000000111101110001111001100011
11111101110001000010011110000011
00010110110001111010011110000011
11111111111101111000011100010011
11111101110001000010011110000011
00010110111001111010011000100011
00000110100000000000000001101111
11111110110001000010011110000011
00000000100001111010011100000011
11111110100001000010011110000011
00000000010001111010011110000011
00000010111101110100001001100011
00010000000000010000011110110111
00110000010001111000011010010011
00001111101100000000011000010011
00010000000000010000011110110111
00010001100001111000010110010011
00010000000000010000011110110111
00011011100001111000010100010011
00000000000000000000000000010011
11111110110001000010011110000011
11111111111100000000011100010011
00000000111001111010000000100011
11111110110001000010011110000011
11111111111100000000011100010011
00000000111001111010001000100011
11111110110001000010011110000011
00000000100001111010011110000011
00000000000101111000011100010011
11111110110001000010011110000011
00000000111001111010010000100011
00000001000000000000000001101111
11111101110001000010011110000011
00010110110001111010011110000011
11101010000001111101101011100011
00000010110000010010000010000011
00000010100000010010010000000011
00000011000000010000000100010011
00000000000000001000000001100111
11111100000000010000000100010011
00000010000100010010111000100011
00000010100000010010110000100011
00000100000000010000010000010011
11111100101001000010011000100011
11111100110001000010011110000011
00010110110001111010011100000011
00000000111000000000011110110011
00000000000101111001011110010011
00000000111001111000011110110011
00000000001101111001011110010011
00001001000001111000011110010011
11111100110001000010011100000011
00000000111101110000011110110011
00000000010001111000011110010011
11111110111101000010010000100011
11111110000001000000011110010011
00000000111100000000010110110011
11111100110001000010010100000011
00000000000000000000000000010011
11111110101001000010001000100011
11111110010001000010011110000011
00010010000001111000111001100011
11111110100001000010011110000011
00000000000001111010011100000011
00000000001100000000011110010011
00001000111101110001111001100011
11111100110001000010011110000011
00010111010001111010011110000011
00001000000001111000001001100011
11111100110001000010011110000011
00010111010001111010011110000011
00000000100001111010011110000011
00000110000001111000101001100011
11111110000001000010011110000011
00000000111100000000011100110011
11111101100001000000011110010011
00000000111100000000011000110011
00000000111000000000010110110011
11111110010001000010010100000011
00000000000000000000000000010011
00000000101000000000011100110011
11111111111100000000011110010011
00000010111101110001000001100011
00010000000000010000011110110111
00011101010001111000011000010011
00000000010000000000010110010011
11111100110001000010010100000011
00000000000000000000000000010011
11111111111100000000011110010011
00001101000000000000000001101111
11111100110001000010011110000011
00010111010001111010011110000011
00000000100001111010011010000011
11111101100001000010011100000011
11111101110001000010011110000011
00000000111000000000010110110011
00000000111100000000011000110011
11111110100001000010010100000011
00000000000001101000000011100111
11111110101001000010011000100011
00000110000000000000000001101111
00000000001100000000011110010011
11111110111101000010011000100011
00000101010000000000000001101111
11111100110001000010011110000011
00010111010001111010011110000011
00000010000001111000111001100011
11111100110001000010011110000011
00010111010001111010011110000011
00000000000001111010011110000011
00000010000001111000011001100011
11111100110001000010011110000011
00010111010001111010011110000011
00000000000001111010011100000011
11111110000001000010011110000011
00000000111100000000011000110011
11111110010001000010010110000011
11111110100001000010010100000011
00000000000001110000000011100111
11111110101001000010011000100011
00000001000000000000000001101111
11111110100001000010011110000011
00000000000001111010011110000011
11111110111101000010011000100011
11111110110001000010011110000011
00000000000001111001101001100011
11111100110001000010010100000011
00000000000000000000000000010011
11111111111100000000011110010011
00000011000000000000000001101111
11111100110001000010011110000011
00010110110001111010011110000011
00000000000001111001100001100011
11111100110001000010011110000011
11111110110001000010011100000011
00010110111001111010100000100011
11111100110001000010010100000011
00000000000000000000000000010011
00000000000000000000011110010011
00000000100000000000000001101111
11111111111100000000011110010011
00000000111100000000010100110011
00000011110000010010000010000011
00000011100000010010010000000011
00000100000000010000000100010011
00000000000000001000000001100111
11111100000000010000000100010011
00000010000100010010111000100011
00000010100000010010110000100011
00000100000000010000010000010011
11111100101001000010011000100011
11111100110001000010011110000011
00010110110001111010011100000011
00000000111000000000011110110011
00000000000101111001011110010011
00000000111001111000011110110011
00000000001101111001011110010011
00001001000001111000011110010011
11111100110001000010011100000011
00000000111101110000011110110011
00000000010001111000011110010011
11111110111101000010000000100011
11111110000001000010011000100011
11111110000001000010001000100011
11111100110001000010011110000011
00001000010001111010011100000011
11111100110001000010011110000011
00001000100001111010011110000011
00000000111101110000011110110011
11111100111101000010111000100011
11111100110001000010011110000011
00001000110001111010011100000011
11111100110001000010011110000011
00001000100001111010011110000011
01000000111101110000011110110011
00000000111100000000010110110011
11111101110001000010010100000011
00000000000000000000000000010011
11111100101001000010110000100011
11111101100001000010011110000011
00100010000001111000111001100011
11111100110001000010011110000011
00001000010001111010011100000011
11111100110001000010011110000011
00001000100001111010011110000011
00000000111101110000011110110011
11111100111101000010111000100011
11111100110001000010011110000011
00001000010001111010011100000011
11111100110001000010011110000011
00001000100001111010011110000011
00000000111101110000011110110011
11111101100001000010011100000011
01000000111101110000011110110011
00000000001001111000011110010011
11111110111101000010010000100011
11111110100001000010011110000011
11111111111001111000011110010011
11111101000001000000011100010011
00000000111000000000011000110011
00000000111100000000010110110011
11111101110001000010010100000011
00000000000000000000000000010011
00000000101000000000011100110011
11111111111100000000011110010011
00000010111101110001000001100011
00010000000000010000011110110111
00011110100001111000011000010011
00000000010000000000010110010011
11111100110001000010010100000011
00000000000000000000000000010011
11111111111100000000011110010011
00011100000000000000000001101111
11111101000001000010011100000011
11111101010001000010011110000011
00000000111100000000011000110011
11111111111100000000011010010011
00000010110101100100111001100011
00000000111100000000011000110011
11111111111100000000011010010011
00000000110101100001011001100011
11111111111100000000011110010011
00000010111101110110010001100011
11111101000001000010011100000011
11111101010001000010011110000011
00000000111100000100111001100011
11111101000001000010011100000011
11111101010001000010011110000011
00000000111000000000011000110011
11111111111100000000011010010011
00000110110101100001111001100011
00000010000000000000000001101111
00010000000000010000011110110111
00100000000001111000011000010011
00000000010000000000010110010011
11111100110001000010010100000011
00000000000000000000000000010011
11111111111100000000011110010011
00010101100000000000000001101111
00000000111100000000011100110011
11111111111100000000011110010011
00000100111101110001100001100011
11111100110001000010011110000011
00010111010001111010011110000011
00000010000001111000100001100011
11111100110001000010011110000011
00010111010001111010011110000011
00000000110001111010011110000011
00000010000001111000000001100011
11111100110001000010011110000011
00010111010001111010011110000011
00000000110001111010011110000011
11111110000001000010010100000011
00000000000001111000000011100111
11111110101001000010011000100011
00000000110000000000000001101111
00000000010000000000011110010011
11111110111101000010011000100011
00000000000100000000011110010011
11111110111101000010001000100011
00001001110000000000000001101111
11111101000001000010011100000011
11111101010001000010011110000011
11111110100001000010011110000011
00000000111101110000011110110011
00000000001001111000011110010011
11111110111101000010010000100011
11111100110001000010011110000011
00001000100001111010011100000011
11111110100001000010011110000011
00000000111101110000011100110011
11111100110001000010011110000011
00001000110001111010011110000011
00000110111001111110010001100011
11111100110001000010011110000011
00010111010001111010011110000011
00000100000001111000011001100011
11111100110001000010011110000011
00010111010001111010011110000011
00000000000001111010011110000011
00000010000001111000111001100011
11111100110001000010011110000011
00010111010001111010011110000011
00000000000001111010100000000011
11111101100001000010011110000011
00000000001001111000011010010011
11111101000001000010011100000011
11111101010001000010011110000011
00000000111000000000011110110011
00000000111100000000011000110011
00000000110100000000010110110011
11111110000001000010010100000011
00000000000010000000000011100111
11111110101001000010011000100011
00000000110000000000000001101111
00000000000100000000011110010011
11111110111101000010011000100011
00000000000100000000011110010011
11111110111101000010001000100011
11111110010001000010011110000011
00000100000001111000111001100011
11111110110001000010011110000011
00000000000001111001101001100011
11111100110001000010010100000011
00000000000000000000000000010011
11111111111100000000011110010011
00000100100000000000000001101111
11111100110001000010011110000011
00001000100001111010011100000011
11111110100001000010011110000011
00000000111101110000011100110011
11111100110001000010011110000011
00001000111001111010010000100011
11111100110001000010011110000011
00010110110001111010011110000011
00000000000001111001100001100011
11111100110001000010011110000011
11111110110001000010011100000011
00010110111001111010100000100011
11111100110001000010010100000011
00000000000000000000000000010011
00000000000000000000011110010011
00000000100000000000000001101111
11111111111100000000011110010011
00000000111100000000010100110011
00000011110000010010000010000011
00000011100000010010010000000011
00000100000000010000000100010011
00000000000000001000000001100111
11111100000000010000000100010011
00000010000100010010111000100011
00000010100000010010110000100011
00000100000000010000010000010011
11111100101001000010011000100011
11111100110001000010011110000011
00010110110001111010011100000011
00000000111000000000011110110011
00000000000101111001011110010011
00000000111001111000011110110011
00000000001101111001011110010011
00001001000001111000011110010011
11111100110001000010011100000011
00000000111101110000011110110011
00000000010001111000011110010011
11111110111101000010010000100011
11111110000001000010001000100011
11111100110001000010011110000011
00010110110001111010011100000011
00000000100000000000011110010011
00000010111101110001000001100011
00010000000000010000011110110111
00100010000001111000011000010011
00000000010000000000010110010011
11111100110001000010010100000011
00000000000000000000000000010011
11111111111100000000011110010011
00110011100000000000000001101111
11111101010001000000011110010011
00000000111100000000010110110011
11111100110001000010010100000011
00000000000000000000000000010011
11111110101001000010000000100011
11111110000001000010011110000011
00110000000001111000110001100011
11111101010001000010011110000011
00000000111100000000011100110011
11111101100001000000011110010011
00000000111100000000011000110011
00000000111000000000010110110011
11111110000001000010010100000011
00000000000000000000000000010011
00000000101000000000011100110011
11111111111100000000011110010011
00000010111101110001000001100011
00010000000000010000011110110111
00100101100001111000011000010011
00000000010000000000010110010011
11111100110001000010010100000011
00000000000000000000000000010011
11111111111100000000011110010011
00101101100000000000000001101111
11111100110001000010011110000011
00010110110001111010011110000011
00000000000101111011011110010011
00001111111101111111011110010011
11111110111101000010001000100011
11111101100001000010011100000011
11111101110001000010011110000011
00000000111100000000011000110011
11111111111100000000011010010011
00000100110101100100000001100011
00000000111100000000011000110011
11111111111100000000011010010011
00000000110101100001011001100011
11111111111100000000011110010011
00000010111101110110011001100011
11111101100001000010011100000011
11111101110001000010011110000011
00000000111100000000011010110011
00000000110100000100111001100011
00000000111100000000011010110011
00000010000001101001100001100011
10000000000000000000011110110111
00000000000001111000011110010011
11111111111101111100011110010011
00000010111001111111000001100011
00010000000000010000011110110111
00100111000001111000011000010011
00000000010000000000010110010011
11111100110001000010010100000011
00000000000000000000000000010011
11111111111100000000011110010011
00100101100000000000000001101111
11111101100001000010011100000011
11111101110001000010011110000011
00000000111000000000011000110011
11111111111100000000011010010011
00000110110101100001101001100011
00000000111100000000011100110011
11111111111100000000011110010011
00000110111101110001010001100011
11111100110001000010011110000011
00010111010001111010011110000011
00000010000001111000100001100011
11111100110001000010011110000011
00010111010001111010011110000011
00000000110001111010011110000011
00000010000001111000000001100011
11111100110001000010011110000011
00010111010001111010011110000011
00000000110001111010011110000011
11111110100001000010010100000011
00000000000001111000000011100111
11111110101001000010011000100011
00000000110000000000000001101111
00000000010000000000011110010011
11111110111101000010011000100011
11111110110001000010011110000011
00000000000001111001101001100011
11111100110001000010010100000011
00000000000000000000000000010011
11111111111100000000011110010011
00011110000000000000000001101111
11111100110001000010010100000011
00000000000000000000000000010011
00011011010000000000000001101111
11111100110001000010011110000011
00010111010001111010011110000011
00000100000001111000000001100011
11111100110001000010011110000011
00010111010001111010011110000011
00000000010001111010011110000011
00000010000001111000100001100011
11111100110001000010011110000011
00010111010001111010011110000011
00000000010001111010011010000011
11111101100001000010011100000011
11111101110001000010011110000011
00000000111000000000011110110011
00000000111100000000010110110011
11111110100001000010010100000011
00000000000001101000000011100111
11111110101001000010011000100011
00000000110000000000000001101111
00000000001000000000011110010011
11111110111101000010011000100011
11111110110001000010011110000011
00000000000001111001101001100011
11111100110001000010010100000011
00000000000000000000000000010011
11111111111100000000011110010011
00010110110000000000000001101111
11111101100001000010011100000011
11111101110001000010011110000011
00000000111100000000011010110011
00000000110100000100101001100011
00000000111100000000011010110011
00010010000001101001011001100011
00000000111000000000011110110011
00010010000001111000001001100011
11111101100001000010011100000011
11111101110001000010011110000011
11111110100001000010011110000011
00000000111001111010001000100011
11111110100001000010011110000011
11111110110001000010011100000011
00000000111001111010011000100011
11111100110001000010011110000011
00010110110001111010011110000011
00000000000101111000011100010011
11111100110001000010011110000011
00010110111001111010011000100011
11111100110001000010011110000011
00010110110001111010011100000011
11111100110001000010011010000011
00000000111000000000011110110011
00000000000101111001011110010011
00000000111001111000011110110011
00000000001101111001011110010011
00000000111101101000011110110011
11111111111100000000011100010011
00001000111001111010101000100011
11111100110001000010011110000011
00010110110001111010011100000011
11111100110001000010011010000011
00000000111000000000011110110011
00000000000101111001011110010011
00000000111001111000011110110011
00000000001101111001011110010011
00000000111101101000011110110011
11111111111100000000011100010011
00001000111001111010110000100011
11111100110001000010011110000011
00010110110001111010011100000011
11111100110001000010011010000011
00000000111000000000011110110011
00000000000101111001011110010011
00000000111001111000011110110011
00000000001101111001011110010011
00000000111101101000011110110011
00001000000001111010111000100011
11111100110001000010011110000011
00010110110001111010011100000011
11111100110001000010011010000011
00000000111000000000011110110011
00000000000101111001011110010011
00000000111001111000011110110011
00000000001101111001011110010011
00000000111101101000011110110011
00001010000001111010000000100011
11111100110001000010011110000011
00010110110001111010011100000011
11111100110001000010011010000011
00000000111000000000011110110011
00000000000101111001011110010011
00000000111001111000011110110011
00000000001101111001011110010011
00000000111101101000011110110011
11111110100001000010011100000011
00001010111001111010001000100011
11111100110001000010011110000011
00010110110001111010011100000011
11111100110001000010011110000011
00010111100001111010011010000011
11111100110001000010011000000011
00000000111000000000011110110011
00000000000101111001011110010011
00000000111001111000011110110011
00000000001101111001011110010011
00000000111101100000011110110011
00001010110101111010010000100011
00000000110000000000000001101111
11111100110001000010010100000011
00000000000000000000000000010011
11111110010001000010011110000011
00000000000001111000100001100011
11111100110001000010011110000011
11111110110001000010011100000011
00010110111001111010100000100011
00000000000000000000011110010011
00000000100000000000000001101111
11111111111100000000011110010011
00000000111100000000010100110011
00000011110000010010000010000011
00000011100000010010010000000011
00000100000000010000000100010011
00000000000000001000000001100111
11111101000000010000000100010011
00000010000100010010011000100011
00000010100000010010010000100011
00000011000000010000010000010011
11111100101001000010111000100011
11111101110001000010011110000011
00010110110001111010011100000011
00000000111000000000011110110011
00000000000101111001011110010011
00000000111001111000011110110011
00000000001101111001011110010011
00001001000001111000011110010011
11111101110001000010011100000011
00000000111101110000011110110011
00000000010001111000011110010011
11111110111101000010011000100011
11111110110001000010011110000011
00000000000001111010011110000011
00001010000001111101111001100011
00000000000100000000010110010011
11111101110001000010010100000011
00000000000000000000000000010011
11111110101001000010010000100011
11111110100001000010011110000011
00001000000001111000111001100011
11111110100001000010011110000011
00000000000001111100011110000011
11111101110001111000011110010011
00000001011000000000011100010011
00000110111101110110011001100011
00000000001001111001011100010011
00010000000000010000011110110111
00101001100001111000011110010011
00000000111101110000011110110011
00000000000001111010011110000011
00000000000001111000000001100111
11111110110001000010011110000011
00000000011000000000011100010011
00000000111001111010000000100011
00000110100000000000000001101111
11111110110001000010011110000011
00000000010100000000011100010011
00000000111001111010000000100011
00000101100000000000000001101111
11111110110001000010011110000011
00000000001100000000011100010011
00000000111001111010000000100011
00000100100000000000000001101111
11111110110001000010011110000011
00000000000100000000011100010011
00000000111001111010000000100011
00000011100000000000000001101111
11111110110001000010011110000011
00000000001000000000011100010011
00000000111001111010000000100011
00000010100000000000000001101111
11111110100001000010011110000011
00000000000001111100011110000011
00000000111100000000010110110011
11111101110001000010010100000011
00000000000000000000000000010011
11111111111100000000011110010011
00001001100000000000000001101111
11111111111100000000011110010011
00001001000000000000000001101111
11111110110001000010011110000011
00000000000001111010011110000011
00000000011000000000011100010011
00000110111101110100000001100011
00000000010100000000011100010011
00000010111001111101010001100011
00000000001100000000011100010011
00000010111001111000000001100011
00000000001100000000011100010011
00000100111101110100010001100011
00000000000100000000011100010011
00000010111001111000000001100011
00000000001000000000011100010011
00000010111001111000010001100011
00000011010000000000000001101111
11111101110001000010010100000011
00000000000000000000000000010011
00000000101000000000011110110011
00000100010000000000000001101111
11111101110001000010010100000011
00000000000000000000000000010011
00000000101000000000011110110011
00000011010000000000000001101111
11111101110001000010010100000011
00000000000000000000000000010011
00000000101000000000011110110011
00000010010000000000000001101111
00010000000000010000011110110111
00110001010001111000011010010011
00011110010100000000011000010011
00010000000000010000011110110111
00010001100001111000010110010011
00010000000000010000011110110111
00101001000001111000010100010011
00000000000000000000000000010011
00000000111100000000010100110011
00000010110000010010000010000011
00000010100000010010010000000011
00000011000000010000000100010011
00000000000000001000000001100111
11111101000000010000000100010011
00000010000100010010011000100011
00000010100000010010010000100011
00000011000000010000010000010011
11111100101001000010111000100011
00010111110000000000010110010011
00000000000100000000010100010011
00000000000000000000000000010011
00000000101000000000011110110011
11111110111101000010011000100011
11111110110001000010011110000011
00000000000001111001011001100011
00000000000000000000011110010011
00000101110000000000000001101111
11111110110001000010011110000011
11111101110001000010011100000011
00010110111001111010101000100011
00000000000000000000000000010011
00000000101000000000011100110011
11111110110001000010011110000011
00001000111001111010001000100011
11111110110001000010011110000011
00000000000000000100011100110111
00000000000001110000011100010011
00001000111001111010100000100011
11111110110001000010011110000011
00001000010001111010011110000011
00000000000001111001101001100011
11111110110001000010010100000011
00000000000000000000000000010011
00000000000000000000011110010011
00000001010000000000000001101111
11111110110001000010011110000011
11111111111100000000011100010011
00010110111001111010011000100011
11111110110001000010011110000011
00000000111100000000010100110011
00000010110000010010000010000011
00000010100000010010010000000011
00000011000000010000000100010011
00000000000000001000000001100111
11111110000000010000000100010011
00000000000100010010111000100011
00000000100000010010110000100011
00000010000000010000010000010011
11111110101001000010011000100011
11111110110001000010011110000011
00000110000001111000001001100011
11111110110001000010011110000011
00010111000001111010011110000011
00000010000001111000111001100011
11111110110001000010011110000011
00010111010001111010011110000011
00000010000001111000100001100011
11111110110001000010011110000011
00010111010001111010011110000011
00000001000001111010011110000011
00000010000001111000000001100011
11111110110001000010011110000011
00010111010001111010011110000011
00000001000001111010011100000011
11111110110001000010011110000011
00010111000001111010011110000011
00000000111100000000010100110011
00000000000001110000000011100111
11111110110001000010011110000011
00001000010001111010011110000011
00000000111100000000010100110011
00000000000000000000000000010011
11111110110001000010010100000011
00000000000000000000000000010011
00000000100000000000000001101111
00000000000000000000000000010011
00000001110000010010000010000011
00000001100000010010010000000011
00000010000000010000000100010011
00000000000000001000000001100111
11111101000000010000000100010011
00000010000100010010011000100011
00000010100000010010010000100011
00000011000000010000010000010011
11111100101001000010111000100011
11111100101101000010110000100011
11111100110001000010101000100011
11111101110001000010011110000011
00000000000001111010011110000011
00000000000001111000011001100011
11111111111100000000011110010011
00010000000000000000000001101111
11111101100001000010011110000011
00001110000001111000101001100011
11111101010001000010011110000011
00001110000001111000011001100011
11111101110001000010011110000011
00001000110001111010011110000011
00001000000001111001001001100011
11111101110001000010011110000011
00001001000001111010011110000011
00000110000001111000110001100011
11111101110001000010011110000011
00001000010001111010011110000011
00000000111100000000010100110011
00000000000000000000000000010011
00000000101000000000011100110011
11111101110001000010011110000011
00001001000001111010011110000011
00000100111001111111110001100011
11111101110001000010011110000011
00001000010001111010011110000011
00000000111100000000010100110011
00000000000000000000000000010011
00000000000000000000000000010011
00000000101000000000011100110011
11111101110001000010011110000011
00001000111001111010001000100011
11111101110001000010011110000011
00001000000001111010010000100011
11111101110001000010011110000011
00001000010001111010011110000011
00000010000001111001001001100011
00010000000000010000011110110111
00110010000001111000011010010011
00100001011000000000011000010011
00010000000000010000011110110111
00010001100001111000010110010011
00010000000000010000011110110111
00101111010001111000010100010011
00000000000000000000000000010011
11111101110001000010011110000011
00001000010001111010011110000011
11111101010001000010011000000011
11111101100001000010010110000011
00000000111100000000010100110011
00000000000000000000000000010011
11111110101001000010011000100011
11111110110001000010011110000011
00000000000001111001101001100011
11111101110001000010010100000011
00000000000000000000000000010011
11111111111100000000011110010011
00000011000000000000000001101111
11111101110001000010011110000011
11111110110001000010011100000011
00001000111001111010001000100011
11111101110001000010011110000011
00001000010001111010011110000011
00000000111100000000010100110011
00000000000000000000000000010011
00000000101000000000011100110011
11111101110001000010011110000011
00001000111001111010011000100011
00000000000000000000011110010011
00000000111100000000010100110011
00000010110000010010000010000011
00000010100000010010010000000011
00000011000000010000000100010011
00000000000000001000000001100111
11111110000000010000000100010011
00000000000100010010111000100011
00000000100000010010110000100011
00000010000000010000010000010011
11111110101001000010011000100011
11111110101101000010010000100011
11111110100001000010011110000011
00000000000001111000011001100011
11111110100001000010011110000011
00000000000001111010000000100011
11111110110001000010011110000011
00000000000001111010011110000011
00000000000001111000011001100011
11111111111100000000011110010011
00010011100000000000000001101111
11111110110001000010011110000011
00001000110001111010011110000011
00000000000001111001011001100011
00000000000000000000011110010011
00010010010000000000000001101111
11111110110001000010011110000011
00010110110001111010011100000011
11111111111100000000011110010011
00000110111101110001001001100011
11111110110001000010011110000011
11111111111100000000011100010011
00001000111001111010101000100011
11111110110001000010011110000011
11111111111100000000011100010011
00001000111001111010110000100011
11111110110001000010011110000011
11111111111100000000011100010011
00001000111001111010111000100011
11111110110001000010011110000011
00001010000001111010000000100011
11111110110001000010011110000011
00001010000001111010001000100011
11111110110001000010011110000011
00010111100001111010011100000011
11111110110001000010011110000011
00001010111001111010010000100011
11111110110001000010011110000011
00010110000001111010011000100011
00000001010000000000000001101111
11111110110001000010010100000011
00000000000000000000000000010011
00000000101000000000011110110011
00000000000001111001101001100011
11111110110001000010011110000011
00010110110001111010011110000011
11111110000001111101010011100011
00000000100000000000000001101111
00000000000000000000000000010011
11111110110001000010011110000011
00000000000001111010011110000011
00000000000001111000011001100011
11111111111100000000011110010011
00001000110000000000000001101111
11111110110001000010011110000011
00001000100001111010011100000011
00111111111100000000011110010011
00000100111001111111010001100011
11111110110001000010011110000011
00001000010001111010011100000011
11111110110001000010011110000011
00001000100001111010011110000011
11111111111100000000011000010011
00000000111100000000010110110011
00000000111000000000010100110011
00000000000000000000000000010011
11111110110001000010011110000011
00001000000001111010010000100011
11111110110001000010011110000011
00001000010001111010011110000011
00000000111100000000010100110011
00000000000000000000000000010011
00000000101000000000011100110011
11111110110001000010011110000011
00001000111001111010011000100011
11111110110001000010011110000011
00010110110001111010011100000011
11111111111100000000011110010011
00000010111101110001001001100011
11111110100001000010011110000011
00000000000001111000101001100011
11111110110001000010011110000011
00010111000001111010011100000011
11111110100001000010011110000011
00000000111001111010000000100011
11111110110001000010011110000011
00010110000001111010100000100011
00000000000000000000011110010011
00000000111100000000010100110011
00000001110000010010000010000011
00000001100000010010010000000011
00000010000000010000000100010011
00000000000000001000000001100111
