11111110000000010000000100010011
00000000100000010010111000100011
00000010000000010000010000010011
00000000101000000000011110110011
11111110111101000000011110100011
11111110111101000000011110000011
00000000000001111100011001100011
00000000000100000000011110010011
00000110000000000000000001101111
11111110111101000100011110000011
00000000001101111101011110010011
00001111111101111111011110010011
00000001111000000000011100010011
00000100111001111000000001100011
00000001111000000000011100010011
00000100111101110100000001100011
00000001101100000000011100010011
00000000111101110100100001100011
00000001100000000000011100010011
00000000111001111101110001100011
00000010110000000000000001101111
11111110010001111000011100010011
00000000000100000000011110010011
00000010111001111110000001100011
00000000110000000000000001101111
00000000001000000000011110010011
00000001100000000000000001101111
00000000001100000000011110010011
00000001000000000000000001101111
00000000010000000000011110010011
00000000100000000000000001101111
00000000000000000000011110010011
00000000111100000000010100110011
00000001110000010010010000000011
00000010000000010000000100010011
00000000000000001000000001100111
11111101000000010000000100010011
00000010100000010010011000100011
00000011000000010000010000010011
11111100101001000010111000100011
11111100101101000010110000100011
11111101100001000010011110000011
00000000000001111010011100000011
00000000000100000000011110010011
00000000111101110001100001100011
11111101110001000010011110000011
00000000000001111100011110000011
00011101100000000000000001101111
11111101100001000010011110000011
00000000000001111010011110000011
00011010000001111000101001100011
11111101100001000010011110000011
00000000000001111010011100000011
00000000010000000000011110010011
00011010111001111110001001100011
11111110000001000010011000100011
11111101110001000010011110000011
00000000000001111100011110000011
00000000111100000000011010110011
11111101100001000010011110000011
00000000000001111010011110000011
00000000011100000000011100010011
01000000111101110000011110110011
00000000000100000000011100010011
00000000111101110001011110110011
11111111111101111000011110010011
00000000111101101111011010110011
11111101100001000010011110000011
00000000000001111010011100000011
00000000111000000000011110110011
00000000000101111001011110010011
00000000111001111000011110110011
00000000000101111001011110010011
11111111101001111000011110010011
00000000111101101001011110110011
00000000111100000000011100110011
11111110110001000010011110000011
00000000111001111110011110110011
11111110111101000010011000100011
00000000000100000000011110010011
11111110111101000010001000100011
00001001010000000000000001101111
11111101110001000010011100000011
11111110010001000010011110000011
00000000111101110000011110110011
00000000000001111100011110000011
00001100000001111111011100010011
00001000000000000000011110010011
00000010111101110000000001100011
11111101100001000010011110000011
00000000000001111010011100000011
11111110010001000010011110000011
01000000111101110000011100110011
11111101100001000010011110000011
00000000111001111010000000100011
00010000110000000000000001101111
11111101110001000010011100000011
11111110010001000010011110000011
00000000111101110000011110110011
00000000000001111100011110000011
00000011111101111111011010010011
11111101100001000010011110000011
00000000000001111010011100000011
11111110010001000010011110000011
01000000111101110000011100110011
00000000111000000000011110110011
00000000000101111001011110010011
00000000111001111000011110110011
00000000000101111001011110010011
11111111101001111000011110010011
00000000111101101001011110110011
00000000111100000000011100110011
11111110110001000010011110000011
00000000111001111110011110110011
11111110111101000010011000100011
11111110010001000010011110000011
00000000000101111000011110010011
11111110111101000010001000100011
11111101100001000010011110000011
00000000000001111010011110000011
11111110010001000010011100000011
11110110111101110110001011100011
11111101100001000010011110000011
00000000000001111010011110000011
00000000010000000000011100010011
00000100111001111000101001100011
00000000010000000000011100010011
00000110111101110110010001100011
00000000001000000000011100010011
00000000111001111000100001100011
00000000001100000000011100010011
00000000111001111000111001100011
00000101010000000000000001101111
11111110110001000010011110000011
01111000000001111111011110010011
00000000111100000011011110110011
11111110111101000000010110100011
00000100000000000000000001101111
11111110110001000010011100000011
00000000000000010000011110110111
00000000000001111000011110010011
10000000000001111000011110010011
00000000111101110111011110110011
00000000111100000011011110110011
11111110111101000000010110100011
00000010000000000000000001101111
11111110110001000010011100000011
00000000000111110000011110110111
00000000000001111000011110010011
00000000111101110111011110110011
00000000111100000011011110110011
11111110111101000000010110100011
00000000000000000000000000010011
11111110101101000100011110000011
00000000000101111100011110010011
00001111111101111111011110010011
00000000000001111001101001100011
11111110110001000010011110000011
00000001110000000000000001101111
00000000000000000000000000010011
00000000100000000000000001101111
00000000000000000000000000010011
00000000000000010000011110110111
00000000000001111000011110010011
11111111110101111000011110010011
00000000111100000000010100110011
00000010110000010010010000000011
00000011000000010000000100010011
00000000000000001000000001100111
11111110000000010000000100010011
00000000100000010010111000100011
00000010000000010000010000010011
11111110101001000010011000100011
11111110110001000010011100000011
00000100000000000000011110010011
00000000111001111111100001100011
11111110110001000010011100000011
00000101101000000000011110010011
00000010111001111111101001100011
11111110110001000010011100000011
00001011111100000000011110010011
00000000111001111111100001100011
11111110110001000010011100000011
00001101011000000000011110010011
00000000111001111111111001100011
11111110110001000010011100000011
00001101011100000000011110010011
00000000111001111111111001100011
11111110110001000010011100000011
00001101111000000000011110010011
00000000111001111110100001100011
11111110110001000010011110000011
00000010000001111000011110010011
00100101110000000000000001101111
11111110110001000010011100000011
00001111111100000000011110010011
00000000111001111111100001100011
11111110110001000010011100000011
00010010111100000000011110010011
00001100111001111111001001100011
11111110110001000010011100000011
00010011000100000000011110010011
00000000111001111111100001100011
11111110110001000010011100000011
00010011011100000000011110010011
00001010111001111111011001100011
11111110110001000010011100000011
00010100100100000000011110010011
00000000111001111111100001100011
11111110110001000010011100000011
00010111011100000000011110010011
00001000111001111111101001100011
11111110110001000010011100000011
00011000000100000000011110010011
00000000111001111111100001100011
11111110110001000010011100000011
00011000010100000000011110010011
00000110111001111111111001100011
11111110110001000010011100000011
00011001111100000000011110010011
00000000111001111111100001100011
11111110110001000010011100000011
00011010010100000000011110010011
00000110111001111111001001100011
11111110110001000010011100000011
00011101110100000000011110010011
00000000111001111111100001100011
11111110110001000010011100000011
00011110111100000000011110010011
00000100111001111111011001100011
11111110110001000010011100000011
00011111011100000000011110010011
00000000111001111111100001100011
11111110110001000010011100000011
00100001111100000000011110010011
00000010111001111111101001100011
11111110110001000010011100000011
00100010000100000000011110010011
00000000111001111111100001100011
11111110110001000010011100000011
00100011001100000000011110010011
00000000111001111111111001100011
11111110110001000010011100000011
00100100010100000000011110010011
00000000111001111111111001100011
11111110110001000010011100000011
00100100111100000000011110010011
00000000111001111110100001100011
11111110110001000010011110000011
11111111111001111111011110010011
00010111100000000000000001101111
11111110110001000010011100000011
00010011100000000000011110010011
00000000111001111111100001100011
11111110110001000010011100000011
00010100100000000000011110010011
00000100111001111111011001100011
11111110110001000010011100000011
00010111100000000000011110010011
00000000111001111111100001100011
11111110110001000010011100000011
00010111111000000000011110010011
00000010111001111111101001100011
11111110110001000010011100000011
00011011001000000000011110010011
00000000111001111111100001100011
11111110110001000010011100000011
00011011011000000000011110010011
00000000111001111111111001100011
11111110110001000010011100000011
00011100110000000000011110010011
00000010111001111111000001100011
11111110110001000010011100000011
00011101110000000000011110010011
00000000111001111110101001100011
11111110110001000010011110000011
00000000000101111000011110010011
11111111111001111111011110010011
00010000100000000000000001101111
11111110110001000010011110000011
11101000100001111000011110010011
00001100101100000000011100010011
00001110111101110110101001100011
00000000001001111001011100010011
00010000000000010000011110110111
00000000000001111000011110010011
00000000111101110000011110110011
00000000000001111010011110000011
00000000000001111000000001100111
00001111111100000000011110010011
00001101100000000000000001101111
00011000100000000000011110010011
00001101000000000000000001101111
00011000110000000000011110010011
00001100100000000000000001101111
00011101110100000000011110010011
00001100000000000000000001101111
00011001001000000000011110010011
00001011100000000000000001101111
00011001100100000000011110010011
00001011000000000000000001101111
00011010100000000000011110010011
00001010100000000000000001101111
00011010110100000000011110010011
00001010000000000000000001101111
00011011000000000000011110010011
00001001100000000000000001101111
00101001001000000000011110010011
00001001000000000000000001101111
00011011100100000000011110010011
00001000100000000000000001101111
00011011110100000000011110010011
00001000000000000000000001101111
00011100011000000000011110010011
00000111100000000000000001101111
00011100011000000000011110010011
00000111000000000000000001101111
00011100100100000000011110010011
00000110100000000000000001101111
00011100100100000000011110010011
00000110000000000000000001101111
00011100110000000000011110010011
00000101100000000000000001101111
00011100110000000000011110010011
00000101000000000000000001101111
00011111001100000000011110010011
00000100100000000000000001101111
00011111001100000000011110010011
00000100000000000000000001101111
00011111010100000000011110010011
00000011100000000000000001101111
00011011111100000000011110010011
00000011000000000000000001101111
00011001111000000000011110010011
00000010100000000000000001101111
00100011110000000000011110010011
00000010000000000000000001101111
00011001101000000000011110010011
00000001100000000000000001101111
00100100001000000000011110010011
00000001000000000000000001101111
00011000000000000000011110010011
00000000100000000000000001101111
11111110110001000010011110000011
00000000111100000000010100110011
00000001110000010010010000000011
00000010000000010000000100010011
00000000000000001000000001100111
11111100000000010000000100010011
00000010000100010010111000100011
00000010100000010010110000100011
00000100000000010000010000010011
11111100101001000010011000100011
11111100101101000010010000100011
11111100110001000010011110000011
11111110111101000010011000100011
11111100100001000010011110000011
11111110111101000010010000100011
11111110110001000010011110000011
00000000000001111100011110000011
00000000000001111001110001100011
11111110100001000010011110000011
00000000000001111100011110000011
00000000000001111001011001100011
00000000000000000000011110010011
00100001010000000000000001101111
11111110110001000010011110000011
00000000000001111100011110000011
00000000000001111001011001100011
00000000000100000000011110010011
00100000000000000000000001101111
11111110100001000010011110000011
00000000000001111100011110000011
00000000000001111001011001100011
11111111111100000000011110010011
00011110110000000000000001101111
11111110110001000010011110000011
00000000000001111100011110000011
00000000111100000000010100110011
00000000000000000000000000010011
00000000101000000000011110110011
11111100111101000010111000100011
11111110100001000010011110000011
00000000000001111100011110000011
00000000111100000000010100110011
00000000000000000000000000010011
00000000101000000000011110110011
11111100111101000010110000100011
11111101110001000010011100000011
00000000000100000000011110010011
00001010111101110001110001100011
11111101100001000010011100000011
00000000000100000000011110010011
00001010111101110001011001100011
11111110110001000010011110000011
00000000000001111100011100000011
11111110100001000010011110000011
00000000000001111100011110000011
00010110111101110000000001100011
11111110110001000010011110000011
00000000000001111100011100000011
00000100000000000000011110010011
00000010111001111111001001100011
11111110110001000010011110000011
00000000000001111100011100000011
00000101101000000000011110010011
00000000111001111110101001100011
11111110110001000010011110000011
00000000000001111100011110000011
00000010000001111000011110010011
00000000110000000000000001101111
11111110110001000010011110000011
00000000000001111100011110000011
11111110111101000010001000100011
11111110100001000010011110000011
00000000000001111100011100000011
00000100000000000000011110010011
00000010111001111111001001100011
11111110100001000010011110000011
00000000000001111100011100000011
00000101101000000000011110010011
00000000111001111110101001100011
11111110100001000010011110000011
00000000000001111100011110000011
00000010000001111000011110010011
00000000110000000000000001101111
11111110100001000010011110000011
00000000000001111100011110000011
11111110111101000010000000100011
11111110010001000010011100000011
11111110000001000010011110000011
00001100111101110000111001100011
11111110010001000010011100000011
11111110000001000010011110000011
01000000111101110000011110110011
00001111110000000000000001101111
11111101110001000010011110000011
00001000000001111000011001100011
11111101100001000010011110000011
00001000000001111000001001100011
11111101110001000000011110010011
00000000111100000000010110110011
11111110110001000010010100000011
00000000000000000000000000010011
00000000101000000000011110110011
11111110111101000010001000100011
11111101100001000000011110010011
00000000111100000000010110110011
11111110100001000010010100000011
00000000000000000000000000010011
00000000101000000000011110110011
11111110111101000010000000100011
11111110010001000010011100000011
11111110000001000010011110000011
00001000111101110000010001100011
11111110010001000010011110000011
00000000111100000000010100110011
00000000000000000000000000010011
00000000101000000000011110110011
11111110111101000010001000100011
11111110000001000010011110000011
00000000111100000000010100110011
00000000000000000000000000010011
00000000101000000000011110110011
11111110111101000010000000100011
11111110010001000010011100000011
11111110000001000010011110000011
00000100111101110000101001100011
11111110010001000010011100000011
11111110000001000010011110000011
01000000111101110000011110110011
00000110110000000000000001101111
11111101110001000010011100000011
11111101100001000010011110000011
00000000111101110110011110110011
00000000000001111000110001100011
11111101110001000010011110000011
00000000111100000000011100110011
11111101100001000010011110000011
01000000111101110000011110110011
00000100100000000000000001101111
00000000000100000000011110010011
11111100111101000010110000100011
11111101100001000010011110000011
11111100111101000010111000100011
00000001000000000000000001101111
00000000000000000000000000010011
00000000100000000000000001101111
00000000000000000000000000010011
11111101110001000010011110000011
11111110110001000010011100000011
00000000111101110000011110110011
11111110111101000010011000100011
11111101100001000010011110000011
11111110100001000010011100000011
00000000111101110000011110110011
11111110111101000010010000100011
11011101010111111111000001101111
00000000111100000000010100110011
00000011110000010010000010000011
00000011100000010010010000000011
00000100000000010000000100010011
00000000000000001000000001100111
