11111101000000010000000100010011
00000010000100010010011000100011
00000010100000010010010000100011
00000011000000010000010000010011
11111100101001000010111000100011
11111100101101000010110000100011
11111101100001000010011110000011
00000000100001111010011100000011
00000000110001111010011110000011
11111110111001000010010000100011
11111110111101000010011000100011
11111101100001000010011110000011
00000000000001111010011100000011
00000000010001111010011110000011
11111110111001000010000000100011
11111110111101000010001000100011
11111110000001000010011000000011
11111110010001000010011010000011
11111110100001000010010100000011
11111110110001000010010110000011
00000000000000000000000000010011
00000000101000000000011100110011
00000000101100000000011110110011
11111101110001000010011010000011
00000000111001101010010000100011
00000000111101101010011000100011
11111110100001000010011000000011
11111110110001000010011010000011
11111110000001000010010100000011
11111110010001000010010110000011
00000000000000000000000000010011
00000000101000000000011100110011
00000000101100000000011110110011
00000000111000000000010100110011
00000000111100000000010110110011
00000000000000000000000000010011
00000000101000000000011100110011
00000000101100000000011110110011
11111101110001000010011010000011
00000000111001101010000000100011
00000000111101101010001000100011
00000000000000000000000000010011
00000010110000010010000010000011
00000010100000010010010000000011
00000011000000010000000100010011
00000000000000001000000001100111
