11111101000000010000000100010011
00000010100000010010011000100011
00000011000000010000010000010011
11111100101001000010111000100011
11111100101101000010110000100011
11111101110001000010011110000011
00000000000001111101011110000011
11111110111101000001011000100011
11111110000001000001011100100011
00000011110000000000000001101111
11111110111001000101011110000011
00000000000101111000011110010011
00000000000101111001011110010011
11111101110001000010011100000011
00000000111101110000011100110011
11111110111001000101011110000011
00000000000001110101011100000011
00000000000101111001011110010011
11111111000001000000011010010011
00000000111101101000011110110011
11111110111001111001101000100011
11111110111001000101011110000011
00000000000101111000011110010011
11111110111101000001011100100011
11111110111001000101011100000011
00000000001000000000011110010011
11111100111001111111000011100011
11111101100001000010011110000011
11111110110001000101011100000011
00000000111001111001000000100011
11111110000001000001011100100011
00011100010000000000000001101111
11111110111001000101011100000011
00000000001100000000011110010011
00000010111101110111011110110011
00000001000001111001011110010011
00000001000001111101011110010011
00000000000101111001011110010011
11111111000001000000011100010011
00000000111101110000011110110011
11111111010001111101011110000011
00000000011101111101011110010011
00000001000001111001011110010011
00000001000001111101011110010011
00000001000001111001011100010011
01000001000001110101011100010011
11111110111001000101011010000011
00000000001100000000011110010011
00000010111101101111011110110011
00000001000001111001011110010011
00000001000001111101011110010011
00000000000101111001011110010011
11111111000001000000011010010011
00000000111101101000011110110011
11111111010001111101011110000011
00000000100101111001011110010011
00000001000001111001011110010011
01000001000001111101011110010011
00000000111101110110011110110011
00000001000001111001011010010011
01000001000001101101011010010011
11111110111001000101011100000011
00000000001100000000011110010011
00000010111101110111011110110011
00000001000001111001011110010011
00000001000001111101011110010011
00000001000001101001011100010011
00000001000001110101011100010011
00000000000101111001011110010011
11111111000001000000011010010011
00000000111101101000011110110011
11111110111001111001101000100011
11111110111001000101011100000011
00000000001100000000011110010011
00000010111101110111011110110011
00000001000001111001011010010011
00000001000001101101011010010011
00000000110100000000011110110011
00000000000101111001011110010011
11111111000001000000011100010011
00000000111101110000011110110011
11111111010001111101011100000011
11111110110001000101011110000011
00000000111101110000011110110011
00000001000001111001011100010011
00000001000001110101011100010011
00000000000101101001011110010011
11111111000001000000011010010011
00000000111101101000011110110011
11111110111001111001101000100011
11111110111001000101011100000011
00000000001100000000011110010011
00000010111101110111011110110011
00000001000001111001011010010011
00000001000001101101011010010011
00000000110100000000011110110011
00000000000101111001011110010011
11111111000001000000011100010011
00000000111101110000011110110011
11111111010001111101011100000011
11111110111001000101011110000011
00000000111101110100011110110011
00000001000001111001011100010011
00000001000001110101011100010011
00000000000101101001011110010011
11111111000001000000011010010011
00000000111101101000011110110011
11111110111001111001101000100011
11111110110001000101011110000011
00000000001001111001011110010011
00000001000001111001011100010011
01000001000001110101011100010011
11111110110001000101011110000011
00000000111001111101011110010011
00000001000001111001011110010011
00000001000001111101011110010011
00000001000001111001011110010011
01000001000001111101011110010011
00000000111101110110011110110011
00000001000001111001011110010011
01000001000001111101011110010011
11111110111101000001011000100011
11111110111001000101011100000011
00000000001100000000011110010011
00000010111101110111011110110011
00000001000001111001011110010011
00000001000001111101011110010011
00000000000101111001011110010011
11111111000001000000011100010011
00000000111101110000011110110011
11111111010001111101011100000011
11111110110001000101011110000011
00000000111101110100011110110011
11111110111101000001011000100011
11111110111001000101011110000011
00000000000101111000011110010011
00000000000101111001011110010011
11111101100001000010011100000011
00000000111101110000011110110011
11111110110001000101011100000011
00000000111001111001000000100011
11111110111001000101011110000011
00000000000101111000011110010011
11111110111101000001011100100011
11111110111001000101011100000011
00000001010000000000011110010011
11100010111001111111110011100011
00000000000000000000000000010011
00000000000000000000000000010011
00000010110000010010010000000011
00000011000000010000000100010011
00000000000000001000000001100111
11111101000000010000000100010011
00000010100000010010011000100011
00000011000000010000010000010011
11111100101001000010111000100011
11111100101101000010110000100011
11111100110001000010101000100011
11111101110001000010011110000011
00000000000001111101011100000011
11111101100001000010011110000011
00000000111001111001000000100011
11111101100001000010011110000011
00000000001001111000011110010011
11111101110001000010011100000011
00000000001001110101011100000011
00000000111001111001000000100011
11111110000001000001011100100011
00010100000000000000000001101111
11111101100001000010011110000011
00000000001001111000011110010011
00000000000001111101011110000011
00000000011101111101011110010011
00000001000001111001011110010011
00000001000001111101011110010011
00000001000001111001011100010011
01000001000001110101011100010011
11111101100001000010011110000011
00000000001001111000011110010011
00000000000001111101011110000011
00000000100101111001011110010011
00000001000001111001011110010011
01000001000001111101011110010011
00000000111101110110011110110011
00000001000001111001011100010011
01000001000001110101011100010011
11111101100001000010011110000011
00000000001001111000011110010011
00000001000001110001011100010011
00000001000001110101011100010011
00000000111001111001000000100011
11111101100001000010011110000011
00000000001001111000011110010011
00000000000001111101011010000011
11111101100001000010011110000011
00000000000001111101011100000011
11111101100001000010011110000011
00000000001001111000011110010011
00000000111001101000011100110011
00000001000001110001011100010011
00000001000001110101011100010011
00000000111001111001000000100011
11111101100001000010011110000011
00000000001001111000011110010011
00000000000001111101011010000011
11111110111001000101011110000011
00000000000101111001011110010011
11111101010001000010011100000011
00000000111101110000011110110011
00000000000001111101011100000011
11111101100001000010011110000011
00000000001001111000011110010011
00000000111001101100011100110011
00000001000001110001011100010011
00000001000001110101011100010011
00000000111001111001000000100011
11111101100001000010011110000011
00000000000001111101011110000011
00000000001001111001011110010011
00000001000001111001011100010011
01000001000001110101011100010011
11111101100001000010011110000011
00000000000001111101011110000011
00000000111001111101011110010011
00000001000001111001011110010011
00000001000001111101011110010011
00000001000001111001011110010011
01000001000001111101011110010011
00000000111101110110011110110011
00000001000001111001011110010011
01000001000001111101011110010011
00000001000001111001011100010011
00000001000001110101011100010011
11111101100001000010011110000011
00000000111001111001000000100011
11111101100001000010011110000011
00000000000001111101011100000011
11111101100001000010011110000011
00000000001001111000011110010011
00000000000001111101011110000011
00000000111101110100011110110011
00000001000001111001011100010011
00000001000001110101011100010011
11111101100001000010011110000011
00000000111001111001000000100011
11111110111001000101011110000011
00000000000101111000011110010011
11111110111101000001011100100011
11111110111001000101011100000011
00000001010100000000011110010011
11101010111001111111111011100011
00000000000000000000000000010011
00000000000000000000000000010011
00000010110000010010010000000011
00000011000000010000000100010011
00000000000000001000000001100111
11111101000000010000000100010011
00000010100000010010011000100011
00000011000000010000010000010011
11111100101001000010111000100011
11111100101101000010110000100011
11111100110001000010101000100011
11111101110001000010011110000011
00000000000001111101011100000011
11111101100001000010011110000011
00000000111001111001000000100011
11111101100001000010011110000011
00000000001001111000011110010011
11111101110001000010011100000011
00000000001001110101011100000011
00000000111001111001000000100011
11111110000001000001011100100011
00010100100000000000000001101111
11111101100001000010011110000011
00000000000001111101011100000011
11111101100001000010011110000011
00000000001001111000011110010011
00000000000001111101011110000011
00000000111101110100011110110011
00000001000001111001011100010011
00000001000001110101011100010011
11111101100001000010011110000011
00000000111001111001000000100011
11111101100001000010011110000011
00000000000001111101011110000011
00000000001001111101011110010011
00000001000001111001011110010011
00000001000001111101011110010011
00000001000001111001011100010011
01000001000001110101011100010011
11111101100001000010011110000011
00000000000001111101011110000011
00000000111001111001011110010011
00000001000001111001011110010011
01000001000001111101011110010011
00000000111101110110011110110011
00000001000001111001011110010011
01000001000001111101011110010011
00000001000001111001011100010011
00000001000001110101011100010011
11111101100001000010011110000011
00000000111001111001000000100011
11111101100001000010011110000011
00000000001001111000011110010011
00000000000001111101011010000011
11111110111001000101011110000011
00000001010100000000011100010011
01000000111101110000011110110011
00000000000101111001011110010011
11111101010001000010011100000011
00000000111101110000011110110011
00000000000001111101011100000011
11111101100001000010011110000011
00000000001001111000011110010011
00000000111001101100011100110011
00000001000001110001011100010011
00000001000001110101011100010011
00000000111001111001000000100011
11111101100001000010011110000011
00000000001001111000011110010011
00000000000001111101011010000011
11111101100001000010011110000011
00000000000001111101011100000011
11111101100001000010011110000011
00000000001001111000011110010011
01000000111001101000011100110011
00000001000001110001011100010011
00000001000001110101011100010011
00000000111001111001000000100011
11111101100001000010011110000011
00000000001001111000011110010011
00000000000001111101011110000011
00000000011101111001011110010011
00000001000001111001011100010011
01000001000001110101011100010011
11111101100001000010011110000011
00000000001001111000011110010011
00000000000001111101011110000011
00000000100101111101011110010011
00000001000001111001011110010011
00000001000001111101011110010011
00000001000001111001011110010011
01000001000001111101011110010011
00000000111101110110011110110011
00000001000001111001011100010011
01000001000001110101011100010011
11111101100001000010011110000011
00000000001001111000011110010011
00000001000001110001011100010011
00000001000001110101011100010011
00000000111001111001000000100011
11111110111001000101011110000011
00000000000101111000011110010011
11111110111101000001011100100011
11111110111001000101011100000011
00000001010100000000011110010011
11101010111001111111101011100011
00000000000000000000000000010011
00000000000000000000000000010011
00000010110000010010010000000011
00000011000000010000000100010011
00000000000000001000000001100111
11111101000000010000000100010011
00000010100000010010011000100011
00000011000000010000010000010011
11111100101001000010111000100011
11111100101101000010110000100011
11111100110001000010101000100011
11111101010001000010011110000011
00000000000001111101011110000011
11111110111101000001011000100011
11111101110001000010011110000011
00000000000001111101011100000011
11111101100001000010011110000011
00000000111001111001000000100011
11111101100001000010011110000011
00000000001001111000011110010011
11111101110001000010011100000011
00000000001001110101011100000011
00000000111001111001000000100011
11111110000001000001011100100011
00000011110000000000000001101111
11111110111001000101011110000011
00000000000101111000011110010011
00000000000101111001011110010011
11111101010001000010011100000011
00000000111101110000011100110011
11111110111001000101011110000011
00000000000001110101011100000011
00000000000101111001011110010011
11111111000001000000011010010011
00000000111101101000011110110011
11111110111001111001101000100011
11111110111001000101011110000011
00000000000101111000011110010011
11111110111101000001011100100011
11111110111001000101011100000011
00000000001000000000011110010011
11111100111001111111000011100011
11111101100001000010011110000011
00000000001001111000011110010011
00000000000001111101011110000011
00000000011101111101011110010011
00000001000001111001011110010011
00000001000001111101011110010011
00000001000001111001011100010011
01000001000001110101011100010011
11111101100001000010011110000011
00000000001001111000011110010011
00000000000001111101011110000011
00000000100101111001011110010011
00000001000001111001011110010011
01000001000001111101011110010011
00000000111101110110011110110011
00000001000001111001011100010011
01000001000001110101011100010011
11111101100001000010011110000011
00000000001001111000011110010011
00000001000001110001011100010011
00000001000001110101011100010011
00000000111001111001000000100011
11111101100001000010011110000011
00000000001001111000011110010011
00000000000001111101011010000011
11111101100001000010011110000011
00000000000001111101011100000011
11111101100001000010011110000011
00000000001001111000011110010011
00000000111001101000011100110011
00000001000001110001011100010011
00000001000001110101011100010011
00000000111001111001000000100011
11111101100001000010011110000011
00000000001001111000011110010011
00000000000001111101011010000011
11111101100001000010011110000011
00000000001001111000011110010011
11111110110001000101011100000011
00000000111001101100011100110011
00000001000001110001011100010011
00000001000001110101011100010011
00000000111001111001000000100011
11111101100001000010011110000011
00000000000001111101011110000011
00000000001001111001011110010011
00000001000001111001011100010011
01000001000001110101011100010011
11111101100001000010011110000011
00000000000001111101011110000011
00000000111001111101011110010011
00000001000001111001011110010011
00000001000001111101011110010011
00000001000001111001011110010011
01000001000001111101011110010011
00000000111101110110011110110011
00000001000001111001011110010011
01000001000001111101011110010011
00000001000001111001011100010011
00000001000001110101011100010011
11111101100001000010011110000011
00000000111001111001000000100011
11111101100001000010011110000011
00000000000001111101011100000011
11111101100001000010011110000011
00000000001001111000011110010011
00000000000001111101011110000011
00000000111101110100011110110011
00000001000001111001011100010011
00000001000001110101011100010011
11111101100001000010011110000011
00000000111001111001000000100011
11111110000001000001011100100011
00101100100000000000000001101111
11111110111001000101011100000011
00000000001100000000011110010011
00000010111101110111011110110011
00000001000001111001011110010011
00000001000001111101011110010011
00000000000101111001011110010011
11111111000001000000011100010011
00000000111101110000011110110011
11111111010001111101011110000011
00000000011101111101011110010011
00000001000001111001011110010011
00000001000001111101011110010011
00000001000001111001011100010011
01000001000001110101011100010011
11111110111001000101011010000011
00000000001100000000011110010011
00000010111101101111011110110011
00000001000001111001011110010011
00000001000001111101011110010011
00000000000101111001011110010011
11111111000001000000011010010011
00000000111101101000011110110011
11111111010001111101011110000011
00000000100101111001011110010011
00000001000001111001011110010011
01000001000001111101011110010011
00000000111101110110011110110011
00000001000001111001011010010011
01000001000001101101011010010011
11111110111001000101011100000011
00000000001100000000011110010011
00000010111101110111011110110011
00000001000001111001011110010011
00000001000001111101011110010011
00000001000001101001011100010011
00000001000001110101011100010011
00000000000101111001011110010011
11111111000001000000011010010011
00000000111101101000011110110011
11111110111001111001101000100011
11111110111001000101011100000011
00000000001100000000011110010011
00000010111101110111011110110011
00000001000001111001011010010011
00000001000001101101011010010011
00000000110100000000011110110011
00000000000101111001011110010011
11111111000001000000011100010011
00000000111101110000011110110011
11111111010001111101011100000011
11111110110001000101011110000011
00000000111101110000011110110011
00000001000001111001011100010011
00000001000001110101011100010011
00000000000101101001011110010011
11111111000001000000011010010011
00000000111101101000011110110011
11111110111001111001101000100011
11111110111001000101011100000011
00000000001100000000011110010011
00000010111101110111011110110011
00000001000001111001011010010011
00000001000001101101011010010011
00000000110100000000011110110011
00000000000101111001011110010011
11111111000001000000011100010011
00000000111101110000011110110011
11111111010001111101011100000011
11111110111001000101011110000011
00000000111101110100011110110011
00000001000001111001011100010011
00000001000001110101011100010011
00000000000101101001011110010011
11111111000001000000011010010011
00000000111101101000011110110011
11111110111001111001101000100011
11111110110001000101011110000011
00000000001001111001011110010011
00000001000001111001011100010011
01000001000001110101011100010011
11111110110001000101011110000011
00000000111001111101011110010011
00000001000001111001011110010011
00000001000001111101011110010011
00000001000001111001011110010011
01000001000001111101011110010011
00000000111101110110011110110011
00000001000001111001011110010011
01000001000001111101011110010011
11111110111101000001011000100011
11111110111001000101011100000011
00000000001100000000011110010011
00000010111101110111011110110011
00000001000001111001011110010011
00000001000001111101011110010011
00000000000101111001011110010011
11111111000001000000011100010011
00000000111101110000011110110011
11111111010001111101011100000011
11111110110001000101011110000011
00000000111101110100011110110011
11111110111101000001011000100011
11111101100001000010011110000011
00000000001001111000011110010011
00000000000001111101011110000011
00000000011101111101011110010011
00000001000001111001011110010011
00000001000001111101011110010011
00000001000001111001011100010011
01000001000001110101011100010011
11111101100001000010011110000011
00000000001001111000011110010011
00000000000001111101011110000011
00000000100101111001011110010011
00000001000001111001011110010011
01000001000001111101011110010011
00000000111101110110011110110011
00000001000001111001011100010011
01000001000001110101011100010011
11111101100001000010011110000011
00000000001001111000011110010011
00000001000001110001011100010011
00000001000001110101011100010011
00000000111001111001000000100011
11111101100001000010011110000011
00000000001001111000011110010011
00000000000001111101011010000011
11111101100001000010011110000011
00000000000001111101011100000011
11111101100001000010011110000011
00000000001001111000011110010011
00000000111001101000011100110011
00000001000001110001011100010011
00000001000001110101011100010011
00000000111001111001000000100011
11111101100001000010011110000011
00000000001001111000011110010011
00000000000001111101011010000011
11111101100001000010011110000011
00000000001001111000011110010011
11111110110001000101011100000011
00000000111001101100011100110011
00000001000001110001011100010011
00000001000001110101011100010011
00000000111001111001000000100011
11111101100001000010011110000011
00000000000001111101011110000011
00000000001001111001011110010011
00000001000001111001011100010011
01000001000001110101011100010011
11111101100001000010011110000011
00000000000001111101011110000011
00000000111001111101011110010011
00000001000001111001011110010011
00000001000001111101011110010011
00000001000001111001011110010011
01000001000001111101011110010011
00000000111101110110011110110011
00000001000001111001011110010011
01000001000001111101011110010011
00000001000001111001011100010011
00000001000001110101011100010011
11111101100001000010011110000011
00000000111001111001000000100011
11111101100001000010011110000011
00000000000001111101011100000011
11111101100001000010011110000011
00000000001001111000011110010011
00000000000001111101011110000011
00000000111101110100011110110011
00000001000001111001011100010011
00000001000001110101011100010011
11111101100001000010011110000011
00000000111001111001000000100011
11111110111001000101011110000011
00000000000101111000011110010011
11111110111101000001011100100011
11111110111001000101011100000011
00000001010000000000011110010011
11010010111001111111101011100011
00000000000000000000000000010011
00000000000000000000000000010011
00000010110000010010010000000011
00000011000000010000000100010011
00000000000000001000000001100111
11111101000000010000000100010011
00000010100000010010011000100011
00000011000000010000010000010011
11111100101001000010111000100011
11111100101101000010110000100011
11111100110001000010101000100011
11111101010001000010011110000011
00000000000001111101011110000011
11111110111101000001010100100011
11111101110001000010011110000011
00000000000001111101011100000011
11111101100001000010011110000011
00000000111001111001000000100011
11111101100001000010011110000011
00000000001001111000011110010011
11111101110001000010011100000011
00000000001001110101011100000011
00000000111001111001000000100011
11111110000001000010011000100011
00000011110000000000000001101111
11111110110001000010011110000011
00000000000101111000011110010011
00000000000101111001011110010011
11111101010001000010011100000011
00000000111101110000011110110011
00000000000001111101011100000011
11111110110001000010011110000011
00000000000101111001011110010011
11111111000001000000011010010011
00000000111101101000011110110011
11111110111001111001101000100011
11111110110001000010011110000011
00000000000101111000011110010011
11111110111101000010011000100011
11111110110001000010011100000011
00000000001000000000011110010011
11111100111001111101000011100011
11111110000001000010011000100011
00011000100000000000000001101111
11111110110001000010011100000011
00000000001100000000011110010011
00000010111101110110011110110011
00000000000101111001011110010011
11111111000001000000011100010011
00000000111101110000011110110011
11111111010001111101011110000011
00000000011101111101011110010011
00000001000001111001011110010011
00000001000001111101011110010011
00000001000001111001011100010011
01000001000001110101011100010011
11111110110001000010011010000011
00000000001100000000011110010011
00000010111101101110011110110011
00000000000101111001011110010011
11111111000001000000011010010011
00000000111101101000011110110011
11111111010001111101011110000011
00000000100101111001011110010011
00000001000001111001011110010011
01000001000001111101011110010011
00000000111101110110011110110011
00000001000001111001011010010011
01000001000001101101011010010011
11111110110001000010011100000011
00000000001100000000011110010011
00000010111101110110011110110011
00000001000001101001011100010011
00000001000001110101011100010011
00000000000101111001011110010011
11111111000001000000011010010011
00000000111101101000011110110011
11111110111001111001101000100011
11111110110001000010011100000011
00000000001100000000011110010011
00000010111101110110011100110011
00000000000101110001011110010011
11111111000001000000011010010011
00000000111101101000011110110011
11111111010001111101011010000011
11111110101001000101011110000011
00000000111101101000011110110011
00000001000001111001011010010011
00000001000001101101011010010011
00000000000101110001011110010011
11111111000001000000011100010011
00000000111101110000011110110011
11111110110101111001101000100011
11111110110001000010011100000011
00000000001100000000011110010011
00000010111101110110011100110011
00000000000101110001011110010011
11111111000001000000011010010011
00000000111101101000011110110011
11111111010001111101011110000011
00000001000001111001011010010011
01000001000001101101011010010011
11111110110001000010011110000011
00000001000001111001011110010011
01000001000001111101011110010011
00000000111101101100011110110011
00000001000001111001011110010011
01000001000001111101011110010011
00000001000001111001011010010011
00000001000001101101011010010011
00000000000101110001011110010011
11111111000001000000011100010011
00000000111101110000011110110011
11111110110101111001101000100011
11111110101001000101011110000011
00000000001001111001011110010011
00000001000001111001011100010011
01000001000001110101011100010011
11111110101001000101011110000011
00000000111001111101011110010011
00000001000001111001011110010011
00000001000001111101011110010011
00000001000001111001011110010011
01000001000001111101011110010011
00000000111101110110011110110011
00000001000001111001011110010011
01000001000001111101011110010011
11111110111101000001010100100011
11111110110001000010011100000011
00000000001100000000011110010011
00000010111101110110011110110011
00000000000101111001011110010011
11111111000001000000011100010011
00000000111101110000011110110011
11111111010001111101011100000011
11111110101001000101011110000011
00000000111101110100011110110011
11111110111101000001010100100011
11111110110001000010011110000011
00000000000101111000011110010011
11111110111101000010011000100011
11111110110001000010011100000011
00000001010000000000011110010011
11100110111001111101101011100011
11111110000001000010011000100011
00101111000000000000000001101111
11111101100001000010011110000011
00000000000001111101011100000011
11111101100001000010011110000011
00000000001001111000011110010011
00000000000001111101011110000011
00000000111101110100011110110011
00000001000001111001011100010011
00000001000001110101011100010011
11111101100001000010011110000011
00000000111001111001000000100011
11111101100001000010011110000011
00000000000001111101011110000011
00000000001001111101011110010011
00000001000001111001011110010011
00000001000001111101011110010011
00000001000001111001011100010011
01000001000001110101011100010011
11111101100001000010011110000011
00000000000001111101011110000011
00000000111001111001011110010011
00000001000001111001011110010011
01000001000001111101011110010011
00000000111101110110011110110011
00000001000001111001011110010011
01000001000001111101011110010011
00000001000001111001011100010011
00000001000001110101011100010011
11111101100001000010011110000011
00000000111001111001000000100011
11111101100001000010011110000011
00000000001001111000011110010011
00000000000001111101011010000011
11111101100001000010011110000011
00000000001001111000011110010011
11111110101001000101011100000011
00000000111001101100011100110011
00000001000001110001011100010011
00000001000001110101011100010011
00000000111001111001000000100011
11111101100001000010011110000011
00000000001001111000011110010011
00000000000001111101011010000011
11111101100001000010011110000011
00000000000001111101011100000011
11111101100001000010011110000011
00000000001001111000011110010011
01000000111001101000011100110011
00000001000001110001011100010011
00000001000001110101011100010011
00000000111001111001000000100011
11111101100001000010011110000011
00000000001001111000011110010011
00000000000001111101011110000011
00000000011101111001011110010011
00000001000001111001011100010011
01000001000001110101011100010011
11111101100001000010011110000011
00000000001001111000011110010011
00000000000001111101011110000011
00000000100101111101011110010011
00000001000001111001011110010011
00000001000001111101011110010011
00000001000001111001011110010011
01000001000001111101011110010011
00000000111101110110011110110011
00000001000001111001011100010011
01000001000001110101011100010011
11111101100001000010011110000011
00000000001001111000011110010011
00000001000001110001011100010011
00000001000001110101011100010011
00000000111001111001000000100011
00000001010000000000011100010011
11111110110001000010011110000011
01000000111101110000011100110011
00000000001100000000011110010011
00000010111101110110011110110011
00000000000101111001011110010011
11111111000001000000011100010011
00000000111101110000011110110011
11111111010001111101011100000011
11111110101001000101011110000011
00000000111101110100011110110011
11111110111101000001010100100011
11111110101001000101011110000011
00000000001001111101011110010011
00000001000001111001011110010011
00000001000001111101011110010011
00000001000001111001011100010011
01000001000001110101011100010011
11111110101001000101011110000011
00000000111001111001011110010011
00000001000001111001011110010011
01000001000001111101011110010011
00000000111101110110011110110011
00000001000001111001011110010011
01000001000001111101011110010011
11111110111101000001010100100011
00000001010000000000011100010011
11111110110001000010011110000011
01000000111101110000011100110011
00000000001100000000011110010011
00000010111101110110011100110011
00000000000101110001011110010011
11111111000001000000011010010011
00000000111101101000011110110011
11111111010001111101011110000011
00000001000001111001011010010011
01000001000001101101011010010011
11111110110001000010011110000011
00000001000001111001011110010011
00000001000001111101011110010011
00000001010000000000011000010011
01000000111101100000011110110011
00000001000001111001011110010011
00000001000001111101011110010011
00000001000001111001011110010011
01000001000001111101011110010011
00000000111101101100011110110011
00000001000001111001011110010011
01000001000001111101011110010011
00000001000001111001011010010011
00000001000001101101011010010011
00000000000101110001011110010011
11111111000001000000011100010011
00000000111101110000011110110011
11111110110101111001101000100011
00000001010000000000011100010011
11111110110001000010011110000011
01000000111101110000011100110011
00000000001100000000011110010011
00000010111101110110011100110011
00000000000101110001011110010011
11111111000001000000011010010011
00000000111101101000011110110011
11111111010001111101011010000011
11111110101001000101011110000011
01000000111101101000011110110011
00000001000001111001011010010011
00000001000001101101011010010011
00000000000101110001011110010011
11111111000001000000011100010011
00000000111101110000011110110011
11111110110101111001101000100011
00000001010000000000011100010011
11111110110001000010011110000011
01000000111101110000011100110011
00000000001100000000011110010011
00000010111101110110011110110011
00000000000101111001011110010011
11111111000001000000011100010011
00000000111101110000011110110011
11111111010001111101011110000011
00000000011101111001011110010011
00000001000001111001011100010011
01000001000001110101011100010011
00000001010000000000011010010011
11111110110001000010011110000011
01000000111101101000011010110011
00000000001100000000011110010011
00000010111101101110011110110011
00000000000101111001011110010011
11111111000001000000011010010011
00000000111101101000011110110011
11111111010001111101011110000011
00000000100101111101011110010011
00000001000001111001011110010011
00000001000001111101011110010011
00000001000001111001011110010011
01000001000001111101011110010011
00000000111101110110011110110011
00000001000001111001011010010011
01000001000001101101011010010011
00000001010000000000011100010011
11111110110001000010011110000011
01000000111101110000011100110011
00000000001100000000011110010011
00000010111101110110011110110011
00000001000001101001011100010011
00000001000001110101011100010011
00000000000101111001011110010011
11111111000001000000011010010011
00000000111101101000011110110011
11111110111001111001101000100011
11111110110001000010011110000011
00000000000101111000011110010011
11111110111101000010011000100011
11111110110001000010011100000011
00000001010100000000011110010011
11010000111001111101011011100011
00000000000000000000000000010011
00000000000000000000000000010011
00000010110000010010010000000011
00000011000000010000000100010011
00000000000000001000000001100111
