11111101000000010000000100010011
00000010100000010010011000100011
00000011000000010000010000010011
11111100101001000010111000100011
11111110000001000010011000100011
11111101110001000010011110000011
11111110111101000010010000100011
00000001110000000000000001101111
11111110110001000010011110000011
00000000000101111000011110010011
11111110111101000010011000100011
11111110100001000010011110000011
00000000010001111010011110000011
11111110111101000010010000100011
11111110100001000010011110000011
11111110000001111001001011100011
11111110110001000010011110000011
00000000111100000000010100110011
00000010110000010010010000000011
00000011000000010000000100010011
00000000000000001000000001100111
11111100000000010000000100010011
00000010000100010010111000100011
00000010100000010010110000100011
00000100000000010000010000010011
11111100101001000010011000100011
11111100101101000010010000100011
00000000110000000000011110110011
11111100111101000000001110100011
00000000000100000000011110010011
11111110111101000000011110100011
11111100100001000010011110000011
00100110000001111000111001100011
11111100110001000010011110000011
00100110000001111000100001100011
11111100110001000010010100000011
00000000000000000000000000010011
00000000101000000000011110110011
11111110111101000010000000100011
11111110000001000010010000100011
11111110000001000010011110000011
00000010000001111001001001100011
00010000000000010000011110110111
00011111010001111000011010010011
00000010011000000000011000010011
00010000000000010000011110110111
00000000000001111000010110010011
00010000000000010000011110110111
00001000100001111000010100010011
00000000000000000000000000010011
11111110000001000010011110000011
00000000001001111001011110010011
00000000111100000000010100110011
00000000000000000000000000010011
00000000101000000000011110110011
11111100111101000010111000100011
11111100110001000010011110000011
11111110111101000010001000100011
11111101110001000010011110000011
00000010000001111001001001100011
00010000000000010000011110110111
00011111010001111000011010010011
00000010101100000000011000010011
00010000000000010000011110110111
00000000000001111000010110010011
00010000000000010000011110110111
00001001010001111000010100010011
00000000000000000000000000010011
11111110100001000010011100000011
11111110000001000010011110000011
00000010111101110110001001100011
00010000000000010000011110110111
00011111010001111000011010010011
00000011000100000000011000010011
00010000000000010000011110110111
00000000000001111000010110010011
00010000000000010000011110110111
00001010010001111000010100010011
00000000000000000000000000010011
11111110010001000010011110000011
00000000000001111010011110000011
00000000000001111010011100000011
00000000110000000000011110010011
00000000111101110001101001100011
11111110010001000010011110000011
00000000000001111010011110000011
00000000010001111010011110000011
00000010000001111001001001100011
00010000000000010000011110110111
00011111010001111000011010010011
00000011001000000000011000010011
00010000000000010000011110110111
00000000000001111000010110010011
00010000000000010000011110110111
00001011000001111000010100010011
00000000000000000000000000010011
11111110100001000010011110000011
00000000001001111001011110010011
11111101110001000010011100000011
00000000111101110000011110110011
11111110010001000010011100000011
00000000111001111010000000100011
11111110100001000010011110000011
00000000000101111000011110010011
11111110111101000010010000100011
11111110010001000010011110000011
00000000010001111010011110000011
11111110111101000010001000100011
11111110010001000010011110000011
11110100000001111001111011100011
11111110100001000010011100000011
11111110000001000010011110000011
00000010111101110000001001100011
00010000000000010000011110110111
00011111010001111000011010010011
00000011100100000000011000010011
00010000000000010000011110110111
00000000000001111000010110010011
00010000000000010000011110110111
00001110100001111000010100010011
00000000000000000000000000010011
11111100100001000010011110000011
11111110111101000010001000100011
11111110010001000010011110000011
00000000000001111010011110000011
00000000000001111010011100000011
00000000110000000000011110010011
00000000111101110001101001100011
11111110010001000010011110000011
00000000000001111010011110000011
00000000010001111010011110000011
00000010000001111001001001100011
00010000000000010000011110110111
00011111010001111000011010010011
00000100000000000000011000010011
00010000000000010000011110110111
00000000000001111000010110010011
00010000000000010000011110110111
00001011000001111000010100010011
00000000000000000000000000010011
11111110000001000010010000100011
00001000010000000000000001101111
11111110100001000010011110000011
00000000001001111001011110010011
11111101110001000010011100000011
00000000111101110000011110110011
00000000000001111010011110000011
00000110000001111000000001100011
11111110100001000010011110000011
00000000001001111001011110010011
11111101110001000010011100000011
00000000111101110000011110110011
00000000000001111010011110000011
00000000000001111010011110000011
00000000010001111010011100000011
11111110010001000010011110000011
00000000000001111010011110000011
00000000010001111010011110000011
11111100011101000100011010000011
00000000110100000000011000110011
00000000111100000000010110110011
00000000111000000000010100110011
00000000000000000000000000010011
00000000101000000000011110110011
00000000000001111000111001100011
11111110100001000010011110000011
00000000001001111001011110010011
11111101110001000010011100000011
00000000111101110000011110110011
00000000000001111010000000100011
00000001110000000000000001101111
11111110100001000010011110000011
00000000000101111000011110010011
11111110111101000010010000100011
11111110100001000010011100000011
11111110000001000010011110000011
11110110111101110110110011100011
11111110100001000010011100000011
11111110000001000010011110000011
00000000111101110001011001100011
11111110000001000000011110100011
00000001100000000000000001101111
11111110010001000010011110000011
00000000010001111010011110000011
11111110111101000010001000100011
11111110010001000010011110000011
11110000000001111001001011100011
11111101110001000010010100000011
00000000000000000000000000010011
00000000100000000000000001101111
11111110000001000000011110100011
11111110111101000100011110000011
00000000111100000000010100110011
00000011110000010010000010000011
00000011100000010010010000000011
00000100000000010000000100010011
00000000000000001000000001100111
11111100000000010000000100010011
00000010000100010010111000100011
00000010100000010010110000100011
00000100000000010000010000010011
11111100101001000010011000100011
11111100101101000010010000100011
00000000110000000000011110110011
11111100111101000000001110100011
00000000000100000000011110010011
11111110111101000000011110100011
11111100100001000010011110000011
00011110000001111000000001100011
11111100110001000010011110000011
00011100000001111000101001100011
11111100110001000010010100000011
00000000000000000000000000010011
00000000101000000000011110110011
11111110111101000010000000100011
11111110000001000010010000100011
11111110000001000010011110000011
00000010000001111001001001100011
00010000000000010000011110110111
00100001000001111000011010010011
00000111001000000000011000010011
00010000000000010000011110110111
00000000000001111000010110010011
00010000000000010000011110110111
00001000100001111000010100010011
00000000000000000000000000010011
11111110000001000010011110000011
00000000001001111001011110010011
00000000111100000000010100110011
00000000000000000000000000010011
00000000101000000000011110110011
11111100111101000010111000100011
11111100110001000010011110000011
11111110111101000010001000100011
11111101110001000010011110000011
00000010000001111001001001100011
00010000000000010000011110110111
00100001000001111000011010010011
00000111011100000000011000010011
00010000000000010000011110110111
00000000000001111000010110010011
00010000000000010000011110110111
00001001010001111000010100010011
00000000000000000000000000010011
11111110100001000010011100000011
11111110000001000010011110000011
00000010111101110110001001100011
00010000000000010000011110110111
00100001000001111000011010010011
00000111110100000000011000010011
00010000000000010000011110110111
00000000000001111000010110010011
00010000000000010000011110110111
00001010010001111000010100010011
00000000000000000000000000010011
11111110100001000010011110000011
00000000001001111001011110010011
11111101110001000010011100000011
00000000111101110000011110110011
11111110010001000010011100000011
00000000111001111010000000100011
11111110100001000010011110000011
00000000000101111000011110010011
11111110111101000010010000100011
11111110010001000010011110000011
00000000010001111010011110000011
11111110111101000010001000100011
11111110010001000010011110000011
11111010000001111001000011100011
11111110100001000010011100000011
11111110000001000010011110000011
00000010111101110000001001100011
00010000000000010000011110110111
00100001000001111000011010010011
00001000001100000000011000010011
00010000000000010000011110110111
00000000000001111000010110010011
00010000000000010000011110110111
00001110100001111000010100010011
00000000000000000000000000010011
11111100100001000010011110000011
11111110111101000010001000100011
11111110000001000010010000100011
00000111000000000000000001101111
11111110100001000010011110000011
00000000001001111001011110010011
11111101110001000010011100000011
00000000111101110000011110110011
00000000000001111010011110000011
00000100000001111000011001100011
11111110100001000010011110000011
00000000001001111001011110010011
11111101110001000010011100000011
00000000111101110000011110110011
00000000000001111010011110000011
11111100011101000100011100000011
00000000111000000000011000110011
11111110010001000010010110000011
00000000111100000000010100110011
00000000000000000000000000010011
00000000101000000000011110110011
00000000000001111000111001100011
11111110100001000010011110000011
00000000001001111001011110010011
11111101110001000010011100000011
00000000111101110000011110110011
00000000000001111010000000100011
00000001110000000000000001101111
11111110100001000010011110000011
00000000000101111000011110010011
11111110111101000010010000100011
11111110100001000010011100000011
11111110000001000010011110000011
11111000111101110110011011100011
11111110100001000010011100000011
11111110000001000010011110000011
00000000111101110001011001100011
11111110000001000000011110100011
00000001100000000000000001101111
11111110010001000010011110000011
00000000010001111010011110000011
11111110111101000010001000100011
11111110010001000010011110000011
11110100000001111001111011100011
11111101110001000010010100000011
00000000000000000000000000010011
00000000100000000000000001101111
11111110000001000000011110100011
11111110111101000100011110000011
00000000111100000000010100110011
00000011110000010010000010000011
00000011100000010010010000000011
00000100000000010000000100010011
00000000000000001000000001100111
11111101000000010000000100010011
00000010000100010010011000100011
00000010100000010010010000100011
00000011000000010000010000010011
11111100101001000010111000100011
11111100101101000010110000100011
11111110000001000010011000100011
11111101110001000010011110000011
11111110111101000010010000100011
11111101100001000010011110000011
00000000000001111000100001100011
11111101100001000010011110000011
00000000000001111100011110000011
00000010000001111001001001100011
00010000000000010000011110110111
00100010100001111000011010010011
00001010111100000000011000010011
00010000000000010000011110110111
00000000000001111000010110010011
00010000000000010000011110110111
00001111010001111000010100010011
00000000000000000000000000010011
00010100010000000000000001101111
11111110100001000010011110000011
00000000000001111010011110000011
00000010000001111001001001100011
00010000000000010000011110110111
00100010100001111000011010010011
00001011001100000000011000010011
00010000000000010000011110110111
00000000000001111000010110010011
00010000000000010000011110110111
00010010000001111000010100010011
00000000000000000000000000010011
11111110100001000010011110000011
00000000000001111010011110000011
00000000000001111010011100000011
00000000110000000000011110010011
00000010111101110000001001100011
00010000000000010000011110110111
00100010100001111000011010010011
00001011010000000000011000010011
00010000000000010000011110110111
00000000000001111000010110010011
00010000000000010000011110110111
00010011000001111000010100010011
00000000000000000000000000010011
11111110100001000010011110000011
00000000000001111010011110000011
00000000010001111010011110000011
00000010000001111001001001100011
00010000000000010000011110110111
00100010100001111000011010010011
00001011010100000000011000010011
00010000000000010000011110110111
00000000000001111000010110010011
00010000000000010000011110110111
00010101000001111000010100010011
00000000000000000000000000010011
11111110100001000010011110000011
00000000000001111010011110000011
00000000010001111010011110000011
11111110111101000010001000100011
11111110010001000010011110000011
00000000010001111010011110000011
00000010000001111001001001100011
00010000000000010000011110110111
00100010100001111000011010010011
00001011100100000000011000010011
00010000000000010000011110110111
00000000000001111000010110010011
00010000000000010000011110110111
00010110010001111000010100010011
00000000000000000000000000010011
11111110010001000010011110000011
00000000000001111010011110000011
00000000000001111000101001100011
11111110010001000010011110000011
00000000000001111010011110000011
00000000000001111100011110000011
00000010000001111001001001100011
00010000000000010000011110110111
00100010100001111000011010010011
00001011101000000000011000010011
00010000000000010000011110110111
00000000000001111000010110010011
00010000000000010000011110110111
00010111010001111000010100010011
00000000000000000000000000010011
11111110010001000010011110000011
00000000000001111010011110000011
00000000111100000000010110110011
11111101100001000010010100000011
00000000000000000000000000010011
00000000101000000000011110110011
00000000000001111001101001100011
11111110010001000010011110000011
00000000010001111010011110000011
11111110111101000010011000100011
00000001100000000000000001101111
11111110100001000010011110000011
00000000010001111010011110000011
11111110111101000010010000100011
11111110100001000010011110000011
11101010000001111001111011100011
11111110110001000010011110000011
00000000111100000000010100110011
00000010110000010010000010000011
00000010100000010010010000000011
00000011000000010000000100010011
00000000000000001000000001100111
11111101000000010000000100010011
00000010000100010010011000100011
00000010100000010010010000100011
00000010100100010010001000100011
00000011000000010000010000010011
11111100101001000010111000100011
11111100101101000010110000100011
00000000110000000000011110110011
11111100111101000000101110100011
11111110000001000000011110100011
11111101110001000010010100000011
00000000000000000000000000010011
00000000101000000000010010110011
11111101100001000010010100000011
00000000000000000000000000010011
00000000101000000000011110110011
00001010111101001001111001100011
11111101011101000100011110000011
00000010000001111000000001100011
00000000000100000000011000010011
11111101100001000010010110000011
11111101110001000010010100000011
00000000000000000000000000010011
00000000101000000000011110110011
11111110111101000000011110100011
00001001100000000000000001101111
11111101110001000010011110000011
11111110111101000010010000100011
11111101100001000010011110000011
11111110111101000010001000100011
00000110010000000000000001101111
11111110010001000010011110000011
00000010000001111001001001100011
00010000000000010000011110110111
00100100000001111000011010010011
00001101100100000000011000010011
00010000000000010000011110110111
00000000000001111000010110010011
00010000000000010000011110110111
00011010000001111000010100010011
00000000000000000000000000010011
00000000000000000000011000010011
11111110010001000010010110000011
11111110100001000010010100000011
00000000000000000000000000010011
00000000101000000000011110110011
00000000000101111100011110010011
00001111111101111111011110010011
00000010000001111001010001100011
11111110100001000010011110000011
00000000010001111010011110000011
11111110111101000010010000100011
11111110010001000010011110000011
00000000010001111010011110000011
11111110111101000010001000100011
11111110100001000010011110000011
11111000000001111001111011100011
00000000100000000000000001101111
00000000000000000000000000010011
11111110100001000010011110000011
00000000000001111001011001100011
00000000000100000000011110010011
11111110111101000000011110100011
11111110111101000100011110000011
00000000111100000000010100110011
00000010110000010010000010000011
00000010100000010010010000000011
00000010010000010010010010000011
00000011000000010000000100010011
00000000000000001000000001100111
11111101000000010000000100010011
00000010000100010010011000100011
00000010100000010010010000100011
00000010100100010010001000100011
00000011000000010000010000010011
11111100101001000010111000100011
11111100101101000010110000100011
00000000110000000000011110110011
11111100111101000000101110100011
11111110000001000000011110100011
11111101110001000010010100000011
00000000000000000000000000010011
00000000101000000000010010110011
11111101100001000010010100000011
00000000000000000000000000010011
00000000101000000000011110110011
00000010111101001001000001100011
11111101011101000100011110000011
00000000111100000000011000110011
11111101100001000010010110000011
11111101110001000010010100000011
00000000000000000000000000010011
00000000101000000000011110110011
11111110111101000000011110100011
11111110111101000100011110000011
00000000111100000000010100110011
00000010110000010010000010000011
00000010100000010010010000000011
00000010010000010010010010000011
00000011000000010000000100010011
00000000000000001000000001100111
11111110000000010000000100010011
00000000000100010010111000100011
00000000100000010010110000100011
00000010000000010000010000010011
11111110101001000010011000100011
11111110101101000010010000100011
00000000110000000000011110110011
11111110111101000000001110100011
11111110110001000010011110000011
00000010000001111001001001100011
00010000000000010000011110110111
00100101010001111000011010010011
00001111101100000000011000010011
00010000000000010000011110110111
00000000000001111000010110010011
00010000000000010000011110110111
00011010110001111000010100010011
00000000000000000000000000010011
11111110100001000010011110000011
00000010000001111001001001100011
00010000000000010000011110110111
00100101010001111000011010010011
00001111110000000000011000010011
00010000000000010000011110110111
00000000000001111000010110010011
00010000000000010000011110110111
00011011100001111000010100010011
00000000000000000000000000010011
11111110110001000010011110000011
00000000000001111010011100000011
11111110100001000010011110000011
00000000000001111010011110000011
11111110011101000100011010000011
00000000110100000000011000110011
00000000111100000000010110110011
00000000111000000000010100110011
00000000000000000000000000010011
00000000101000000000011110110011
00000000111100000000010100110011
00000001110000010010000010000011
00000001100000010010010000000011
00000010000000010000000100010011
00000000000000001000000001100111
11111101000000010000000100010011
00000010000100010010011000100011
00000010100000010010010000100011
00000011000000010000010000010011
11111100101001000010111000100011
11111101110001000010011110000011
00000010000001111001001001100011
00010000000000010000011110110111
00100110100001111000011010010011
00010000001100000000011000010011
00010000000000010000011110110111
00000000000001111000010110010011
00010000000000010000011110110111
00011100010001111000010100010011
00000000000000000000000000010011
11111101110001000010011110000011
11111110111101000010011000100011
11111110000001000010010000100011
11111110110001000010011110000011
00000000010001111010011110000011
11111110111101000010010000100011
11111110110001000010011110000011
00000000000001111010011110000011
00000000111100000000010100110011
00000000000000000000000000010011
11111110110001000010010100000011
00000000000000000000000000010011
11111110100001000010011110000011
11111110111101000010011000100011
11111110110001000010011110000011
11111100000001111001100011100011
00000000000000000000000000010011
00000000000000000000000000010011
00000010110000010010000010000011
00000010100000010010010000000011
00000011000000010000000100010011
00000000000000001000000001100111
11111100000000010000000100010011
00000010000100010010111000100011
00000010100000010010110000100011
00000100000000010000010000010011
11111100101001000010011000100011
11111100101101000010010000100011
00000000100000000000010100010011
00000000000000000000000000010011
00000000101000000000011110110011
11111110111101000010011000100011
11111100100001000010010110000011
11111100110001000010010100000011
00000000000000000000000000010011
00000000101000000000011110110011
11111110111101000010001000100011
11111110000001000010010000100011
11111110110001000010011110000011
00000010000001111001001001100011
00010000000000010000011110110111
00100111100001111000011010010011
00010001101000000000011000010011
00010000000000010000011110110111
00000000000001111000010110010011
00010000000000010000011110110111
00011101010001111000010100010011
00000000000000000000000000010011
11111110010001000010011110000011
00000010000001111001001001100011
00010000000000010000011110110111
00100111100001111000011010010011
00010001101100000000011000010011
00010000000000010000011110110111
00000000000001111000010110010011
00010000000000010000011110110111
00011110010001111000010100010011
00000000000000000000000000010011
11111110010001000000011110010011
00000000100000000000011000010011
00000000111100000000010110110011
11111110110001000010010100000011
00000000000000000000000000010011
11111110110001000010011110000011
00000000111100000000010100110011
00000011110000010010000010000011
00000011100000010010010000000011
00000100000000010000000100010011
00000000000000001000000001100111
