11111101000000010000000100010011
00000010000100010010011000100011
00000010100000010010010000100011
00000011000000010000010000010011
11111100101001000010111000100011
11111100101101000010110000100011
00000000110000000000011110110011
11111100111101000000101110100011
11111110000001000000011110100011
11111101110001000010011110000011
00000010000001111001001001100011
00010000000000010000011110110111
00010101110001111000011010010011
00000000111000000000011000010011
00010000000000010000011110110111
00000000000001111000010110010011
00010000000000010000011110110111
00001000100001111000010100010011
00000000000000000000000000010011
11111101100001000010011110000011
00000010000001111001001001100011
00010000000000010000011110110111
00010101110001111000011010010011
00000000111100000000011000010011
00010000000000010000011110110111
00000000000001111000010110010011
00010000000000010000011110110111
00001001010001111000010100010011
00000000000000000000000000010011
11111101110001000010011110000011
00000000000001111010011110000011
00000000000001111000101001100011
11111101110001000010011110000011
00000000000001111010011110000011
00000000000001111100011110000011
00000010000001111001001001100011
00010000000000010000011110110111
00010101110001111000011010010011
00000001000000000000011000010011
00010000000000010000011110110111
00000000000001111000010110010011
00010000000000010000011110110111
00001010000001111000010100010011
00000000000000000000000000010011
11111101100001000010011110000011
00000000000001111010011110000011
00000000000001111000101001100011
11111101100001000010011110000011
00000000000001111010011110000011
00000000000001111100011110000011
00000010000001111001001001100011
00010000000000010000011110110111
00010101110001111000011010010011
00000001000100000000011000010011
00010000000000010000011110110111
00000000000001111000010110010011
00010000000000010000011110110111
00001100100001111000010100010011
00000000000000000000000000010011
11111101110001000010011110000011
00000000010001111010011110000011
00000010000001111001001001100011
00010000000000010000011110110111
00010101110001111000011010010011
00000001001000000000011000010011
00010000000000010000011110110111
00000000000001111000010110010011
00010000000000010000011110110111
00001111000001111000010100010011
00000000000000000000000000010011
11111101100001000010011110000011
00000000010001111010011110000011
00000010000001111001001001100011
00010000000000010000011110110111
00010101110001111000011010010011
00000001001100000000011000010011
00010000000000010000011110110111
00000000000001111000010110010011
00010000000000010000011110110111
00010000000001111000010100010011
00000000000000000000000000010011
11111101110001000010011110000011
00000000000001111010011100000011
11111101100001000010011110000011
00000000000001111010011110000011
00000000111100000000010110110011
00000000111000000000010100110011
00000000000000000000000000010011
00000000101000000000011110110011
00000010000001111001100001100011
11111101110001000010011110000011
00000000010001111010011100000011
11111101100001000010011110000011
00000000010001111010011110000011
11111101011101000100011010000011
00000000110100000000011000110011
00000000111100000000010110110011
00000000111000000000010100110011
00000000000000000000000000010011
00000000101000000000011110110011
11111110111101000000011110100011
11111110111101000100011110000011
00000000111100000000010100110011
00000010110000010010000010000011
00000010100000010010010000000011
00000011000000010000000100010011
00000000000000001000000001100111
11111110000000010000000100010011
00000000000100010010111000100011
00000000100000010010110000100011
00000010000000010000010000010011
11111110101001000010011000100011
11111110110001000010011110000011
00000010000001111001001001100011
00010000000000010000011110110111
00010111000001111000011010010011
00000001111100000000011000010011
00010000000000010000011110110111
00000000000001111000010110010011
00010000000000010000011110110111
00010001000001111000010100010011
00000000000000000000000000010011
11111110110001000010011110000011
00000000000001111010011110000011
00000010000001111001001001100011
00010000000000010000011110110111
00010111000001111000011010010011
00000010000000000000011000010011
00010000000000010000011110110111
00000000000001111000010110010011
00010000000000010000011110110111
00010010010001111000010100010011
00000000000000000000000000010011
11111110110001000010011110000011
00000000000001111010011110000011
00000000111100000000010100110011
00000000000000000000000000010011
11111110110001000010011110000011
00000000010001111010011110000011
00000000000001111000101001100011
11111110110001000010011110000011
00000000010001111010011110000011
00000000111100000000010100110011
00000000000000000000000000010011
11111110110001000010010100000011
00000000000000000000000000010011
00000000000000000000000000010011
00000001110000010010000010000011
00000001100000010010010000000011
00000010000000010000000100010011
00000000000000001000000001100111
11111100000000010000000100010011
00000010000100010010111000100011
00000010100000010010110000100011
00000100000000010000010000010011
11111100101001000010011000100011
00000000100000000000010100010011
00000000000000000000000000010011
00000000101000000000011110110011
11111110111101000010011000100011
11111100110001000010011110000011
11111110111101000010001000100011
11111110000001000010010000100011
11111100110001000010011110000011
00000010000001111001001001100011
00010000000000010000011110110111
00011000000001111000011010010011
00000011001100000000011000010011
00010000000000010000011110110111
00000000000001111000010110010011
00010000000000010000011110110111
00010011110001111000010100010011
00000000000000000000000000010011
11111110110001000010011110000011
00000010000001111001001001100011
00010000000000010000011110110111
00011000000001111000011010010011
00000011010000000000011000010011
00010000000000010000011110110111
00000000000001111000010110010011
00010000000000010000011110110111
00010100110001111000010100010011
00000000000000000000000000010011
11111110010001000000011110010011
00000000100000000000011000010011
00000000111100000000010110110011
11111110110001000010010100000011
00000000000000000000000000010011
11111110110001000010011110000011
00000000111100000000010100110011
00000011110000010010000010000011
00000011100000010010010000000011
00000100000000010000000100010011
00000000000000001000000001100111
