11111110000000010000000100010011
00000000000100010010111000100011
00000000100000010010110000100011
00000000100100010010101000100011
00000010000000010000010000010011
11111110101001000010011000100011
11111110101101000010010000100011
11111110110001000010001000100011
11111110110001000010011110000011
00000010000001111001001001100011
00010000000000010000011110110111
00001111110001111000011010010011
00000000101100000000011000010011
00010000000000010000011110110111
00000000000001111000010110010011
00010000000000010000011110110111
00001000110001111000010100010011
00000000000000000000000000010011
11111110110001000010011110000011
00000001100001111010011110000011
00000010000001111001001001100011
00010000000000010000011110110111
00001111110001111000011010010011
00000000110000000000011000010011
00010000000000010000011110110111
00000000000001111000010110010011
00010000000000010000011110110111
00001010010001111000010100010011
00000000000000000000000000010011
11111110110001000010011110000011
00000001100001111010010010000011
11111110010001000010010110000011
11111110100001000010010100000011
00000000000000000000000000010011
00000000101000000000011110110011
00000000111101001010000000100011
11111110110001000010011110000011
00000001100001111010011110000011
00000000000001111010011110000011
00000010000001111001001001100011
00010000000000010000011110110111
00001111110001111000011010010011
00000000111100000000011000010011
00010000000000010000011110110111
00000000000001111000010110010011
00010000000000010000011110110111
00001100000001111000010100010011
00000000000000000000000000010011
11111110110001000010011110000011
00000001100001111010011110000011
00000000000001111010011110000011
00000000010001111000011100010011
11111110110001000010011110000011
00000000111001111010110000100011
00000000000000000000000000010011
00000001110000010010000010000011
00000001100000010010010000000011
00000001010000010010010010000011
00000010000000010000000100010011
00000000000000001000000001100111
11111010000000010000000100010011
00000100000100010010111000100011
00000100100000010010110000100011
00000110000000010000010000010011
11111010101001000010011000100011
00000000101100000000011110110011
11111010111101000000010110100011
00000001110000000000010100010011
00000000000000000000000000010011
00000000101000000000011110110011
11111110111101000010011000100011
11111010110001000010011110000011
11111100111101000010100000100011
11111010110001000010010100000011
00000000000000000000000000010011
00000000101000000000011110110011
11111100111101000010101000100011
11111010101101000100011110000011
11111100111101000000110000100011
11111100000001000010111000100011
00000000000000000000010100010011
00000000000000000000000000010011
00000000101000000000011110110011
11111110111101000010000000100011
11111110000001000010001000100011
11111110000001000010010000100011
11111010110001000010011110000011
00000010000001111001001001100011
00010000000000010000011110110111
00010001010001111000011010010011
00000010001100000000011000010011
00010000000000010000011110110111
00000000000001111000010110010011
00010000000000010000011110110111
00001110000001111000010100010011
00000000000000000000000000010011
11111110110001000010011110000011
00000010000001111001001001100011
00010000000000010000011110110111
00010001010001111000011010010011
00000010010000000000011000010011
00010000000000010000011110110111
00000000000001111000010110010011
00010000000000010000011110110111
00001110110001111000010100010011
00000000000000000000000000010011
11111101000001000000011110010011
00000001110000000000011000010011
00000000111100000000010110110011
11111110110001000010010100000011
00000000000000000000000000010011
11111110110001000010011110000011
00000000111100000000010100110011
00000101110000010010000010000011
00000101100000010010010000000011
00000110000000010000000100010011
00000000000000001000000001100111
11111110000000010000000100010011
00000000000100010010111000100011
00000000100000010010110000100011
00000010000000010000010000010011
11111110101001000010011000100011
11111110110001000010011110000011
00000010000001111001001001100011
00010000000000010000011110110111
00010010110001111000011010010011
00000010110100000000011000010011
00010000000000010000011110110111
00000000000001111000010110010011
00010000000000010000011110110111
00001000110001111000010100010011
00000000000000000000000000010011
11111110110001000010011110000011
00000000100001111100011110000011
00000000000001111000101001100011
11111110110001000010011110000011
00000000000001111010011110000011
00000000111100000000010100110011
00000000000000000000000000010011
11111110110001000010011110000011
00000001010001111010011110000011
00000000000001111000101001100011
11111110110001000010011110000011
00000001010001111010011110000011
00000000111100000000010100110011
00000000000000000000000000010011
11111110110001000010011110000011
00000001000001111010011110000011
00000000111100000000010100110011
00000000000000000000000000010011
11111110110001000010010100000011
00000000000000000000000000010011
00000000000000000000000000010011
00000001110000010010000010000011
00000001100000010010010000000011
00000010000000010000000100010011
00000000000000001000000001100111
