11111101000000010000000100010011
00000010000100010010011000100011
00000010100000010010010000100011
00000010100100010010001000100011
00000011000000010000010000010011
11111100101001000010111000100011
11111111111100000000011110010011
11111110111101000010011000100011
11111101110001000010011110000011
00000010000001111001001001100011
00010000000000010000011110110111
00001101000001111000011010010011
00000000111000000000011000010011
00010000000000010000011110110111
00000000000001111000010110010011
00010000000000010000011110110111
00001001010001111000010100010011
00000000000000000000000000010011
11111101110001000010011110000011
00000000110001111010011100000011
11111101110001000010011110000011
00000000010001111010011110000011
00000010111101110110001001100011
00010000000000010000011110110111
00001101000001111000011010010011
00000000111100000000011000010011
00010000000000010000011110110111
00000000000001111000010110010011
00010000000000010000011110110111
00001010000001111000010100010011
00000000000000000000000000010011
11111101110001000010011110000011
00000000000001111010011100000011
11111101110001000010011110000011
00000000110001111010011110000011
00000000111101110000011110110011
00000000000001111100011100000011
00000101101100000000011110010011
00000010111101110000001001100011
00010000000000010000011110110111
00001101000001111000011010010011
00000001000000000000011000010011
00010000000000010000011110110111
00000000000001111000010110010011
00010000000000010000011110110111
00001011010001111000010100010011
00000000000000000000000000010011
11111101110001000010011110000011
00000000110001111010011110000011
00000000000101111000011100010011
11111101110001000010011110000011
00000000111001111010011000100011
11111101110001000010011110000011
00000000110001111010011100000011
11111101110001000010011110000011
00000000010001111010011110000011
00001110111101110111011001100011
11111101110001000010011110000011
00000001010001111010011110000011
00000100000001111001101001100011
00000000000000000000010110010011
00000000000100000000010100010011
00000000000000000000000000010011
00000000101000000000011100110011
11111101110001000010011110000011
00000000111001111010101000100011
11111101110001000010011110000011
00000001010001111010011110000011
00000000000001111010011110000011
00000000010001111000011100010011
11111101110001000010011110000011
00000000111001111010110000100011
11111101110001000010011110000011
00000001000001111010011100000011
11111101110001000010011110000011
00000001010001111010011110000011
00000000111100000000010110110011
00000000111000000000010100110011
00000000000000000000000000010011
00000101110000000000000001101111
11111101110001000010011110000011
00000001100001111010010010000011
00000000000000000000010110010011
00000000000100000000010100010011
00000000000000000000000000010011
00000000101000000000011110110011
00000000111101001010000000100011
11111101110001000010011110000011
00000001000001111010011100000011
11111101110001000010011110000011
00000001100001111010011110000011
00000000000001111010011110000011
00000000111100000000010110110011
00000000111000000000010100110011
00000000000000000000000000010011
11111101110001000010011110000011
00000001100001111010011110000011
00000000000001111010011110000011
00000000000001111010011110000011
00000000010001111000011100010011
11111101110001000010011110000011
00000000111001111010110000100011
11111101110001000010011110000011
00000000000001111010011100000011
11111101110001000010011110000011
00000000110001111010011110000011
00000000111101110000011110110011
00000000000001111100011100000011
00000101110100000000011110010011
00000000111101110001100001100011
00000000001100000000011110010011
11111110111101000010011000100011
00000000110000000000000001101111
00000000011000000000011110010011
11111110111101000010011000100011
11111110110001000010011110000011
00000000111100000000010100110011
00000010110000010010000010000011
00000010100000010010010000000011
00000010010000010010010010000011
00000011000000010000000100010011
00000000000000001000000001100111
