11111101000000010000000100010011
00000010000100010010011000100011
00000010100000010010010000100011
00000011000000010000010000010011
11111100101001000010111000100011
11111111111100000000011110010011
11111110111101000010011000100011
11111101110001000010011110000011
00000010000001111001001001100011
00010000000000010000011110110111
00001011110001111000011010010011
00000000101100000000011000010011
00010000000000010000011110110111
00000000000001111000010110010011
00010000000000010000011110110111
00001001000001111000010100010011
00000000000000000000000000010011
11111101110001000010011110000011
00000000110001111010011110000011
00000010000001111000001001100011
00010000000000010000011110110111
00001011110001111000011010010011
00000000110000000000011000010011
00010000000000010000011110110111
00000000000001111000010110010011
00010000000000010000011110110111
00001001110001111000010100010011
00000000000000000000000000010011
11111101110001000010011110000011
00000000110001111010011100000011
11111101110001000010011110000011
00000000010001111010011110000011
00000010111101110110001001100011
00010000000000010000011110110111
00001011110001111000011010010011
00000000110100000000011000010011
00010000000000010000011110110111
00000000000001111000010110010011
00010000000000010000011110110111
00001010100001111000010100010011
00000000000000000000000000010011
11111101110001000010011110000011
00000000000001111010011100000011
11111101110001000010011110000011
00000000110001111010011110000011
00000000111101110000011110110011
00000000000001111100011110000011
00000101101100000000011100010011
00000000111001111000100001100011
00000111101100000000011100010011
00000000111001111000101001100011
00000001110000000000000001101111
00000000000100000000011110010011
11111110111101000010011000100011
00000001000000000000000001101111
00000000001000000000011110010011
11111110111101000010011000100011
00000000000000000000000000010011
11111110110001000010011110000011
00000000111100000000010100110011
00000010110000010010000010000011
00000010100000010010010000000011
00000011000000010000000100010011
00000000000000001000000001100111
