11111101000000010000000100010011
00000010000100010010011000100011
00000010100000010010010000100011
00000011000000010000010000010011
11111100101001000010111000100011
11111101110001000010011110000011
00000010000001111001001001100011
00010000000000010000011110110111
00001011110001111000011010010011
00000000111000000000011000010011
00010000000000010000011110110111
00000000000001111000010110010011
00010000000000010000011110110111
00001001000001111000010100010011
00000000000000000000000000010011
11111101110001000010011110000011
00000001000001111010011110000011
00000000111100000000010100110011
00000000000000000000000000010011
00000000101000000000011110110011
00000000000101111100011110010011
00001111111101111111011110010011
00000010000001111001001001100011
00010000000000010000011110110111
00001011110001111000011010010011
00000000111100000000011000010011
00010000000000010000011110110111
00000000000001111000010110010011
00010000000000010000011110110111
00001001110001111000010100010011
00000000000000000000000000010011
11111111111100000000011110010011
11111110111101000010011000100011
11111101110001000010011110000011
00000000000001111010011100000011
11111101110001000010011110000011
00000000010001111010011010000011
11111101110001000010011110000011
00000000110001111000011110010011
00000000111100000000011000110011
00000000110100000000010110110011
00000000111000000000010100110011
00000000000000000000000000010011
11111110101001000010010000100011
11111110100001000010011110000011
00000000000001111000111001100011
11111110100001000010011000000011
00000000100100000000010110010011
11111101110001000010010100000011
00000000000000000000000000010011
00000000011100000000011110010011
11111110111101000010011000100011
11111110110001000010011110000011
00000000111100000000010100110011
00000010110000010010000010000011
00000010100000010010010000000011
00000011000000010000000100010011
00000000000000001000000001100111
