11111101000000010000000100010011
00000010000100010010011000100011
00000010100000010010010000100011
00000010100100010010001000100011
00000011000000010000010000010011
11111100101001000010111000100011
11111111111100000000011110010011
11111110111101000010011000100011
11111101110001000010011110000011
00000010000001111001001001100011
00010000000000010000011110110111
00010011100001111000011010010011
00000001000000000000011000010011
00010000000000010000011110110111
00000000000001111000010110010011
00010000000000010000011110110111
00001001010001111000010100010011
00000000000000000000000000010011
11111101110001000010011110000011
00000000110001111010011100000011
11111101110001000010011110000011
00000000010001111010011110000011
00000010111101110110001001100011
00010000000000010000011110110111
00010011100001111000011010010011
00000001000100000000011000010011
00010000000000010000011110110111
00000000000001111000010110010011
00010000000000010000011110110111
00001010000001111000010100010011
00000000000000000000000000010011
11111101110001000010011110000011
00000001000001111010011110000011
00000000111100000000010100110011
00000000000000000000000000010011
00000000101000000000011110110011
00000000000101111100011110010011
00001111111101111111011110010011
00000010000001111001001001100011
00010000000000010000011110110111
00010011100001111000011010010011
00000001001000000000011000010011
00010000000000010000011110110111
00000000000001111000010110010011
00010000000000010000011110110111
00001011010001111000010100010011
00000000000000000000000000010011
11111101110001000010011110000011
00000001000001111010011110000011
00000000111100000000010100110011
00000000000000000000000000010011
00000000101000000000011110110011
00000000000001111010011110000011
00000000000001111010011100000011
00000000001000000000011110010011
00000010111101110000001001100011
00010000000000010000011110110111
00010011100001111000011010010011
00000001001100000000011000010011
00010000000000010000011110110111
00000000000001111000010110010011
00010000000000010000011110110111
00001101010001111000010100010011
00000000000000000000000000010011
11111101110001000010011110000011
00000000000001111010011100000011
11111101110001000010011110000011
00000000110001111010011110000011
00000000111101110000011110110011
00000000000001111100011100000011
00000010001000000000011110010011
00000010111101110000001001100011
00010000000000010000011110110111
00010011100001111000011010010011
00000001010000000000011000010011
00010000000000010000011110110111
00000000000001111000010110010011
00010000000000010000011110110111
00010001110001111000010100010011
00000000000000000000000000010011
11111101110001000010011110000011
00000000000001111010011100000011
11111101110001000010011110000011
00000000010001111010010110000011
11111101110001000010011110000011
00000000110001111000011110010011
00000000111100000000011010110011
00000010001000000000011000010011
00000000111000000000010100110011
00000000000000000000000000010011
11111110101001000010010000100011
11111110100001000010011110000011
00001010000001111000010001100011
11111101110001000010011110000011
00000000000001111010011100000011
11111101110001000010011110000011
00000000110001111010011110000011
00000000111101110000011110110011
00000000000001111100011100000011
00000011101000000000011110010011
00001000111101110001010001100011
11111101110001000010011110000011
00000000110001111010011110000011
00000000000101111000011100010011
11111101110001000010011110000011
00000000111001111010011000100011
11111110100001000010010100000011
00000000000000000000000000010011
00000000101000000000011100110011
11111101110001000010011110000011
00000001100001111010010010000011
00000000111000000000010110110011
00000000110000000000010100010011
00000000000000000000000000010011
00000000101000000000011110110011
00000000111101001010000000100011
11111101110001000010011110000011
00000001000001111010011100000011
11111101110001000010011110000011
00000001100001111010011110000011
00000000000001111010011110000011
00000000111100000000010110110011
00000000111000000000010100110011
00000000000000000000000000010011
11111101110001000010011110000011
00000001100001111010011110000011
00000000000001111010011110000011
00000000000001111010011110000011
00000000010001111010011110000011
00000000010001111000011100010011
11111101110001000010011110000011
00000000111001111010110000100011
00000000011000000000011110010011
11111110111101000010011000100011
11111110110001000010011110000011
00000000111100000000010100110011
00000010110000010010000010000011
00000010100000010010010000000011
00000010010000010010010010000011
00000011000000010000000100010011
00000000000000001000000001100111
