11111101000000010000000100010011
00000010000100010010011000100011
00000010100000010010010000100011
00000011000000010000010000010011
00000000101000000000011110110011
11111100111101000000111110100011
00000000000100000000010100010011
00000000000000000000000000010011
00000000101000000000011110110011
11111110111101000010011000100011
11111110110001000010011110000011
00000010000001111001001001100011
00010000000000010000011110110111
00001001010001111000011010010011
00000000110100000000011000010011
00010000000000010000011110110111
00000000000001111000010110010011
00010000000000010000011110110111
00001000010001111000010100010011
00000000000000000000000000010011
11111110110001000010011110000011
11111101111101000100011100000011
00000000111001111000000000100011
11111110110001000010011110000011
00000000111100000000010100110011
00000010110000010010000010000011
00000010100000010010010000000011
00000011000000010000000100010011
00000000000000001000000001100111
11111101000000010000000100010011
00000010000100010010011000100011
00000010100000010010010000100011
00000011000000010000010000010011
00000000101000000000011110110011
11111100111101000000111110100011
00000000000100000000010100010011
00000000000000000000000000010011
00000000101000000000011110110011
11111110111101000010011000100011
11111110110001000010011110000011
00000010000001111001001001100011
00010000000000010000011110110111
00001010010001111000011010010011
00000001100000000000011000010011
00010000000000010000011110110111
00000000000001111000010110010011
00010000000000010000011110110111
00001000010001111000010100010011
00000000000000000000000000010011
11111110110001000010011110000011
11111101111101000100011100000011
00000000111001111000000000100011
11111110110001000010011110000011
00000000111100000000010100110011
00000010110000010010000010000011
00000010100000010010010000000011
00000011000000010000000100010011
00000000000000001000000001100111
11111101000000010000000100010011
00000010000100010010011000100011
00000010100000010010010000100011
00000011000000010000010000010011
11111100101001000010111000100011
00000000010000000000010100010011
00000000000000000000000000010011
00000000101000000000011110110011
11111110111101000010011000100011
11111110110001000010011110000011
00000010000001111001001001100011
00010000000000010000011110110111
00001011010001111000011010010011
00000010001100000000011000010011
00010000000000010000011110110111
00000000000001111000010110010011
00010000000000010000011110110111
00001000010001111000010100010011
00000000000000000000000000010011
11111110110001000010011110000011
11111101110001000010011100000011
00000000111001111010000000100011
11111110110001000010011110000011
00000000111100000000010100110011
00000010110000010010000010000011
00000010100000010010010000000011
00000011000000010000000100010011
00000000000000001000000001100111
11111101000000010000000100010011
00000010000100010010011000100011
00000010100000010010010000100011
00000011000000010000010000010011
11111100101001000010110000100011
11111100101101000010111000100011
00000000100000000000010100010011
00000000000000000000000000010011
00000000101000000000011110110011
11111110111101000010011000100011
11111110110001000010011110000011
00000010000001111001001001100011
00010000000000010000011110110111
00001100010001111000011010010011
00000010111000000000011000010011
00010000000000010000011110110111
00000000000001111000010110010011
00010000000000010000011110110111
00001000010001111000010100010011
00000000000000000000000000010011
11111110110001000010011010000011
11111101100001000010011100000011
11111101110001000010011110000011
00000000111001101010000000100011
00000000111101101010001000100011
11111110110001000010011110000011
00000000111100000000010100110011
00000010110000010010000010000011
00000010100000010010010000000011
00000011000000010000000100010011
00000000000000001000000001100111
