11111110000000010000000100010011
00000000000100010010111000100011
00000000100000010010110000100011
00000010000000010000010000010011
11111110101001000010011000100011
00000000101100000000011110110011
11111110111101000000010110100011
11111110110001000010011110000011
00000010000001111001001001100011
00010000000000010000011110110111
00001011100001111000011010010011
00000000110100000000011000010011
00010000000000010000011110110111
00000000000001111000010110010011
00010000000000010000011110110111
00001000100001111000010100010011
00000000000000000000000000010011
11111110101101000100011110000011
00000000000001111000101001100011
11111110110001000010011110000011
00000000000001111010011110000011
00000000111100000000010100110011
00000000000000000000000000010011
11111110110001000010010100000011
00000000000000000000000000010011
00000000000000000000000000010011
00000001110000010010000010000011
00000001100000010010010000000011
00000010000000010000000100010011
00000000000000001000000001100111
11111100000000010000000100010011
00000010000100010010111000100011
00000010100000010010110000100011
00000100000000010000010000010011
11111100101001000010011000100011
11111100101101000010010000100011
00000000100000000000010100010011
00000000000000000000000000010011
00000000101000000000011110110011
11111110111101000010011000100011
11111100110001000010011110000011
11111110111101000010001000100011
11111100100001000010011110000011
11111110111101000010010000100011
11111100110001000010011110000011
00000010000001111001001001100011
00010000000000010000011110110111
00001100100001111000011010010011
00000001101100000000011000010011
00010000000000010000011110110111
00000000000001111000010110010011
00010000000000010000011110110111
00001001110001111000010100010011
00000000000000000000000000010011
11111110110001000010011110000011
00000010000001111001001001100011
00010000000000010000011110110111
00001100100001111000011010010011
00000001110000000000011000010011
00010000000000010000011110110111
00000000000001111000010110010011
00010000000000010000011110110111
00001010100001111000010100010011
00000000000000000000000000010011
11111110010001000000011110010011
00000000100000000000011000010011
00000000111100000000010110110011
11111110110001000010010100000011
00000000000000000000000000010011
11111110110001000010011110000011
00000000111100000000010100110011
00000011110000010010000010000011
00000011100000010010010000000011
00000100000000010000000100010011
00000000000000001000000001100111
