11111101000000010000000100010011
00000010000100010010011000100011
00000010100000010010010000100011
00000011000000010000010000010011
11111100101001000010111000100011
11111110000001000010011000100011
00010000000000010000011110110111
00000000000001111000011110010011
11111110111101000010010000100011
11111110000001000000000000100011
11111110000001000000011110010011
11111101110001000010011010000011
11111110100001000010011000000011
00000000000100000000010110010011
00000000111100000000010100110011
00000000000000000000000000010011
11111110101001000010001000100011
11111110010001000010011110000011
00000110111100000101011001100011
11111110010001000010011110000011
00000000000101111000011110010011
00000000111100000000010100110011
00000000000000000000000000010011
00000000101000000000011110110011
11111110111101000010011000100011
11111110110001000010011110000011
00000010000001111001001001100011
00010000000000010000011110110111
00010000110001111000011010010011
00000001010100000000011000010011
00010000000000010000011110110111
00000000010001111000010110010011
00010000000000010000011110110111
00001000100001111000010100010011
00000000000000000000000000010011
11111101110001000010011000000011
11111110100001000010010110000011
11111110110001000010010100000011
00000000000000000000000000010011
00000000101000000000011100110011
11111110010001000010011110000011
00000000111001111000100001100011
11111110110001000010010100000011
00000000000000000000000000010011
11111110000001000010011000100011
11111110110001000010011110000011
00000000111100000000010100110011
00000010110000010010000010000011
00000010100000010010010000000011
00000011000000010000000100010011
00000000000000001000000001100111
11111101000000010000000100010011
00000010000100010010011000100011
00000010100000010010010000100011
00000011000000010000010000010011
11111100101001000010110000100011
11111100101101000010111000100011
11111110000001000010011000100011
00010000000000010000011110110111
00001001100001111000011110010011
11111110111101000010010000100011
11111110000001000000000000100011
11111110000001000000011010010011
11111101100001000010011100000011
11111101110001000010011110000011
11111110100001000010011000000011
00000000000100000000010110010011
00000000110100000000010100110011
00000000000000000000000000010011
11111110101001000010001000100011
11111110010001000010011110000011
00000110111100000101100001100011
11111110010001000010011110000011
00000000000101111000011110010011
00000000111100000000010100110011
00000000000000000000000000010011
00000000101000000000011110110011
11111110111101000010011000100011
11111110110001000010011110000011
00000010000001111001001001100011
00010000000000010000011110110111
00010010010001111000011010010011
00000010101100000000011000010011
00010000000000010000011110110111
00000000010001111000010110010011
00010000000000010000011110110111
00001000100001111000010100010011
00000000000000000000000000010011
11111101100001000010011000000011
11111101110001000010011010000011
11111110100001000010010110000011
11111110110001000010010100000011
00000000000000000000000000010011
00000000101000000000011100110011
11111110010001000010011110000011
00000000111001111000100001100011
11111110110001000010010100000011
00000000000000000000000000010011
11111110000001000010011000100011
11111110110001000010011110000011
00000000111100000000010100110011
00000010110000010010000010000011
00000010100000010010010000000011
00000011000000010000000100010011
00000000000000001000000001100111
11111100000000010000000100010011
00000010000100010010111000100011
00000010100000010010110000100011
00000100000000010000010000010011
11111100101001000010011000100011
11111100101101000010010000100011
11111110000001000010011000100011
11111100110001000010011110000011
00000000000001111000011001100011
11111100100001000010011110000011
00000010000001111001001001100011
00010000000000010000011110110111
00010011110001111000011010010011
00000011101100000000011000010011
00010000000000010000011110110111
00000000010001111000010110010011
00010000000000010000011110110111
00001001110001111000010100010011
00000000000000000000000000010011
11111100110001000010011110000011
00001110000001111000111001100011
11111100100001000010011110000011
00001110000001111000101001100011
11111100110001000010010100000011
00000000000000000000000000010011
11111110101001000010010000100011
11111100100001000010010100000011
00000000000000000000000000010011
11111110101001000010001000100011
11111110100001000010011100000011
11111110010001000010011110000011
00000000111101110000011110110011
00000000000101111000011110010011
11111110111101000010000000100011
11111110000001000010010110000011
11111100110001000010010100000011
00000000000000000000000000010011
11111110101001000010011000100011
11111110110001000010011110000011
00000010000001111001001001100011
00010000000000010000011110110111
00010011110001111000011010010011
00000100001100000000011000010011
00010000000000010000011110110111
00000000010001111000010110010011
00010000000000010000011110110111
00001000100001111000010100010011
00000000000000000000000000010011
11111110000001000010011100000011
00000000000100000000011110010011
00000000111101110001100001100011
11111110110001000010011110000011
00000000000001111000000000100011
00000111100000000000000001101111
11111110100001000010011110000011
11111100111101000010111000100011
11111110110001000010011100000011
11111101110001000010011110000011
00000000111101110000011110110011
11111110010001000010011000000011
11111100100001000010010110000011
00000000111100000000010100110011
00000000000000000000000000010011
11111101110001000010011100000011
11111110010001000010011110000011
00000000111101110000011110110011
11111100111101000010111000100011
11111110110001000010011100000011
11111101110001000010011110000011
00000000111101110000011110110011
00000000000001111000000000100011
11111110000001000010011110000011
11111111111101111000011110010011
11111101110001000010011100000011
00000010111101110000001001100011
00010000000000010000011110110111
00010011110001111000011010010011
00000101000000000000011000010011
00010000000000010000011110110111
00000000010001111000010110010011
00010000000000010000011110110111
00001011110001111000010100010011
00000000000000000000000000010011
11111110110001000010011110000011
00000000111100000000010100110011
00000011110000010010000010000011
00000011100000010010010000000011
00000100000000010000000100010011
00000000000000001000000001100111
11111100000000010000000100010011
00000010000100010010111000100011
00000010100000010010110000100011
00000100000000010000010000010011
11111100101001000010011000100011
11111100101101000010010000100011
11111110000001000010011000100011
11111100110001000010011110000011
00000000000001111000011001100011
11111100100001000010011110000011
00000010000001111001001001100011
00010000000000010000011110110111
00010101000001111000011010010011
00000101101100000000011000010011
00010000000000010000011110110111
00000000010001111000010110010011
00010000000000010000011110110111
00001001110001111000010100010011
00000000000000000000000000010011
11111100110001000010011110000011
00010010000001111000001001100011
11111100100001000010011110000011
00010000000001111000111001100011
11111100110001000010010100000011
00000000000000000000000000010011
11111110101001000010010000100011
11111100100001000010010100000011
00000000000000000000000000010011
11111110101001000010001000100011
11111110100001000010011100000011
11111110010001000010011110000011
00000000111101110000011110110011
00000000000101111000011110010011
11111110111101000010000000100011
11111110000001000010010100000011
00000000000000000000000000010011
00000000101000000000011110110011
11111110111101000010011000100011
11111110110001000010011110000011
00000010000001111001001001100011
00010000000000010000011110110111
00010101000001111000011010010011
00000110001100000000011000010011
00010000000000010000011110110111
00000000010001111000010110010011
00010000000000010000011110110111
00001000100001111000010100010011
00000000000000000000000000010011
11111110000001000010011100000011
00000000000100000000011110010011
00000000111101110001100001100011
11111110110001000010011110000011
00000000000001111000000000100011
00001010000000000000000001101111
11111100000001000010111000100011
11111110110001000010011100000011
11111101110001000010011110000011
00000000111101110000011110110011
11111110100001000010011000000011
11111100110001000010010110000011
00000000111100000000010100110011
00000000000000000000000000010011
11111101110001000010011100000011
11111110100001000010011110000011
00000000111101110000011110110011
11111100111101000010111000100011
11111110110001000010011100000011
11111101110001000010011110000011
00000000111101110000011110110011
11111110010001000010011000000011
11111100100001000010010110000011
00000000111100000000010100110011
00000000000000000000000000010011
11111101110001000010011100000011
11111110010001000010011110000011
00000000111101110000011110110011
11111100111101000010111000100011
11111110110001000010011100000011
11111101110001000010011110000011
00000000111101110000011110110011
00000000000001111000000000100011
11111110000001000010011110000011
11111111111101111000011110010011
11111101110001000010011100000011
00000010111101110000001001100011
00010000000000010000011110110111
00010101000001111000011010010011
00000111001000000000011000010011
00010000000000010000011110110111
00000000010001111000010110010011
00010000000000010000011110110111
00001011110001111000010100010011
00000000000000000000000000010011
11111110110001000010011110000011
00000000111100000000010100110011
00000011110000010010000010000011
00000011100000010010010000000011
00000100000000010000000100010011
00000000000000001000000001100111
11111101000000010000000100010011
00000010000100010010011000100011
00000010100000010010010000100011
00000011000000010000010000010011
11111100101001000010111000100011
11111110000001000010011000100011
11111101110001000010011110000011
00000010000001111001001001100011
00010000000000010000011110110111
00010110010001111000011010010011
00000111110100000000011000010011
00010000000000010000011110110111
00000000010001111000010110010011
00010000000000010000011110110111
00001100110001111000010100010011
00000000000000000000000000010011
11111101110001000010011110000011
00000110000001111000000001100011
11111101110001000010010100000011
00000000000000000000000000010011
00000000101000000000011110110011
00000000000101111000011110010011
11111110111101000010010000100011
11111110100001000010010100000011
00000000000000000000000000010011
00000000101000000000011110110011
11111110111101000010011000100011
11111110110001000010011110000011
00000010000001111001001001100011
00010000000000010000011110110111
00010110010001111000011010010011
00001000010000000000011000010011
00010000000000010000011110110111
00000000010001111000010110010011
00010000000000010000011110110111
00001000100001111000010100010011
00000000000000000000000000010011
11111110100001000010011000000011
11111101110001000010010110000011
11111110110001000010010100000011
00000000000000000000000000010011
11111110110001000010011110000011
00000000111100000000010100110011
00000010110000010010000010000011
00000010100000010010010000000011
00000011000000010000000100010011
00000000000000001000000001100111
11111100000000010000000100010011
00000010000100010010111000100011
00000010100000010010110000100011
00000100000000010000010000010011
11111100101001000010011000100011
11111100101101000010010000100011
11111100110001000010001000100011
11111110000001000010011000100011
11111110000001000010000000100011
11111110000001000010001000100011
11111100000001000010110000100011
11111100110001000010011110000011
00000010000001111001001001100011
00010000000000010000011110110111
00010111010001111000011010010011
00001001000100000000011000010011
00010000000000010000011110110111
00000000010001111000010110010011
00010000000000010000011110110111
00001100110001111000010100010011
00000000000000000000000000010011
11111100010001000010011110000011
00000010000001111001001001100011
00010000000000010000011110110111
00010111010001111000011010010011
00001001001000000000011000010011
00010000000000010000011110110111
00000000010001111000010110010011
00010000000000010000011110110111
00001101100001111000010100010011
00000000000000000000000000010011
11111100010001000010011110000011
00000000000001111010011110000011
11111100100001000010011100000011
00000010111001111111011001100011
11111100010001000010011110000011
00000000000001111010011110000011
11111100110001000010011100000011
00000000111101110000011110110011
11111101100001000000011100010011
00000000111000000000010110110011
00000000111100000000010100110011
00000000000000000000000000010011
11111110101001000010000000100011
11111110101101000010001000100011
11111101100001000010011100000011
11111100010001000010011110000011
00000000000001111010011110000011
11111100110001000010011010000011
00000000111101101000011110110011
01000000111101110000011110110011
11111100111101000010111000100011
11111101110001000010011110000011
00000010000001111000011001100011
11111110000001000010010100000011
11111110010001000010010110000011
00000000000000000000000000010011
11111110101001000010011000100011
11111100010001000010011110000011
00000000000001111010011100000011
11111101110001000010011110000011
00000000111101110000011100110011
11111100010001000010011110000011
00000000111001111010000000100011
11111110110001000010011110000011
00000000111100000000010100110011
00000011110000010010000010000011
00000011100000010010010000000011
00000100000000010000000100010011
00000000000000001000000001100111
11111011000000010000000100010011
00000100000100010010011000100011
00000100100000010010010000100011
00000101000000010000010000010011
11111010101001000010111000100011
11111010101101000010110000100011
00000000110000000000011110110011
11111010110101000010100000100011
11111010111101000000101110100011
11111110000001000010011000100011
11111110000001000010010000100011
11111110000001000010001000100011
11111110000001000010000000100011
11111100000001000010111000100011
11111011000001000010011110000011
00000000000001111010011110000011
00000000001001111000011110010011
11111011100001000010011100000011
00100010111001111111110001100011
11111011000001000010011110000011
00000000000001111010011110000011
11111011110001000010011100000011
00000000111101110000011110110011
00000000000001111100011110000011
11111011011101000100011100000011
00100010111101110001001001100011
11111011000001000010011110000011
00000000000001111010011110000011
00000000000101111000011100010011
11111011000001000010011110000011
00000000111001111010000000100011
11111011000001000010011110000011
00000000000001111010011110000011
11111100111101000010101000100011
00001000010000000000000001101111
11111011000001000010011110000011
00000000000001111010011110000011
11111011110001000010011100000011
00000000111101110000011110110011
00000000000001111100011110000011
11111011011101000100011100000011
00000100111101110001101001100011
11111011000001000010011110000011
00000000000001111010011110000011
11111111111101111000011110010011
11111011110001000010011100000011
00000000111101110000011110110011
00000000000001111100011100000011
00000101110000000000011110010011
00000010111101110000010001100011
11111011000001000010011110000011
00000000000001111010011110000011
11111110111101000010001000100011
11111011000001000010011110000011
00000000000001111010011110000011
00000000000101111000011100010011
11111011000001000010011110000011
00000000111001111010000000100011
00000011010000000000000001101111
11111110000001000010011110000011
00000000000101111000011110010011
11111110111101000010000000100011
11111011000001000010011110000011
00000000000001111010011110000011
00000000000101111000011100010011
11111011000001000010011110000011
00000000111001111010000000100011
11111011000001000010011110000011
00000000000001111010011110000011
11111011100001000010011100000011
11110110111001111110101011100011
11111110010001000010011110000011
00010110000001111000100001100011
11111110010001000010011100000011
11111101010001000010011110000011
01000000111101110000011110110011
11111100111101000010100000100011
11111101000001000010011100000011
11111110000001000010011110000011
01000000111101110000011110110011
00000000000101111000011110010011
11111100111101000010011000100011
11111100110001000010011110000011
11111111111101111000011110010011
11111100111101000010010000100011
11111100110001000010010100000011
00000000000000000000000000010011
00000000101000000000011110110011
11111110111101000010010000100011
11111110100001000010011110000011
00000010000001111001001001100011
00010000000000010000011110110111
00011000100001111000011010010011
00001101010000000000011000010011
00010000000000010000011110110111
00000000010001111000010110010011
00010000000000010000011110110111
00001110110001111000010100010011
00000000000000000000000000010011
11111101010001000010011100000011
11111101000001000010011110000011
00000000111101110000011110110011
11111100111101000010001000100011
11111100010001000010011110000011
11111111111101111000011110010011
11111100111101000010000000100011
11111101010001000010011110000011
11111100111101000010110000100011
00000111100000000000000001101111
11111011110001000010011100000011
11111101100001000010011110000011
00000000111101110000011110110011
00000000000001111100011100000011
00000101110000000000011110010011
00000010111101110001011001100011
11111101100001000010011100000011
11111100000001000010011110000011
00000010111101110111000001100011
11111101100001000010011110000011
00000000000101111000011110010011
11111011110001000010011100000011
00000000111101110000011110110011
00000000000001111100011110000011
11111011011101000100011100000011
00000010111101110000011001100011
11111011110001000010011100000011
11111101100001000010011110000011
00000000111101110000011100110011
11111101110001000010011110000011
00000000000101111000011010010011
11111100110101000010111000100011
11111110100001000010011010000011
00000000111101101000011110110011
00000000000001110100011100000011
00000000111001111000000000100011
11111101100001000010011110000011
00000000000101111000011110010011
11111100111101000010110000100011
11111101100001000010011100000011
11111100010001000010011110000011
11111000111101110110001011100011
11111101110001000010011100000011
11111100100001000010011110000011
00000010111101110000001001100011
00010000000000010000011110110111
00011000100001111000011010010011
00001110000000000000011000010011
00010000000000010000011110110111
00000000010001111000010110010011
00010000000000010000011110110111
00001111100001111000010100010011
00000000000000000000000000010011
11111110100001000010011100000011
11111100100001000010011110000011
00000000111101110000011110110011
00000000000001111000000000100011
11111110100001000010011110000011
11111110111101000010011000100011
11111110000001000010010000100011
00000001100000000000000001101111
00000000000000000000000000010011
00000001000000000000000001101111
00000000000000000000000000010011
00000000100000000000000001101111
00000000000000000000000000010011
11111110100001000010010100000011
00000000000000000000000000010011
11111110110001000010011110000011
00000000111100000000010100110011
00000100110000010010000010000011
00000100100000010010010000000011
00000101000000010000000100010011
00000000000000001000000001100111
