11111110000000010000000100010011
00000000100000010010111000100011
00000010000000010000010000010011
00000001000000100000011110110111
00000000000001111000011110010011
00110000010001111000011110010011
11111110111101000010011000100011
11111110110001000100011110000011
11111111111101111000011110010011
00000000000101111011011110010011
00001111111101111111011110010011
00000000111100000000010100110011
00000001110000010010010000000011
00000010000000010000000100010011
00000000000000001000000001100111
11111100000000010000000100010011
00000010000100010010111000100011
00000010100000010010110000100011
00000100000000010000010000010011
00000000101000000000011110110011
00000000101100000000011100110011
11111100111101000000011110100011
00000000111000000000011110110011
11111100111101000000011100100011
11111110000001000010001000100011
00000000000000000000010100010011
00000000000000000000000000010011
00000000101000000000011110110011
11111100111101000010100000100011
11111101000001000000011110010011
00000000111100000000010100110011
00000000000000000000000000010011
11111110101001000010000000100011
00000000101100000000011110010011
11111100111101000010111000100011
00000000010100000000011110010011
11111100111101000010110000100011
11111101100001000010011110000011
00000000000101111000011110010011
11111110111101000010011000100011
11111110000001000010010000100011
11111100111101000100011110000011
00000000000001111000101001100011
11111110110001000010011100000011
11111101110001000010011110000011
00000000111101110000011110110011
11111110111101000010011000100011
11111100111001000100011110000011
00000000000001111000100001100011
11111110110001000010011110000011
00000000001101111000011110010011
11111110111101000010011000100011
11111110110001000010011110000011
11111100111101000010101000100011
11111101010001000010010100000011
00000000000000000000000000010011
00000000101000000000011110110011
11111110111101000010001000100011
11111110010001000010011110000011
00000010000001111001001001100011
00010000000000010000011110110111
00001100110001111000011010010011
00000011000100000000011000010011
00010000000000010000011110110111
00000000000001111000010110010011
00010000000000010000011110110111
00001000010001111000010100010011
00000000000000000000000000010011
11111100111101000100011110000011
00000100000001111000110001100011
11111110010001000010011100000011
11111110100001000010011110000011
00000000111101110000010100110011
11111101010001000010011100000011
11111110100001000010011110000011
01000000111101110000010110110011
11111110000001000010011110000011
00000001010001111010011110000011
01110110110001111000011010010011
11111110000001000010011110000011
00000001000001111010011110000011
00000000000101111000011100010011
11111110000001000010011110000011
00000000110001111010011110000011
00010000000000010000011000110111
00001001010001100000011000010011
00000000000000000000000000010011
11111110100001000010011100000011
11111101110001000010011110000011
00000000111101110000011110110011
11111110111101000010010000100011
11111110010001000010011100000011
11111110100001000010011110000011
00000000111101110000010100110011
11111101010001000010011100000011
11111110100001000010011110000011
01000000111101110000010110110011
11111110000001000010011110000011
00000000100001111010011010000011
11111110000001000010011110000011
00000000010001111010011110000011
00000000111100000000011100110011
00010000000000010000011110110111
00001010010001111000011000010011
00000000000000000000000000010011
11111110100001000010011100000011
11111101100001000010011110000011
00000000111101110000011110110011
11111110111101000010010000100011
11111100111001000100011110000011
00000010000001111000110001100011
11111110010001000010011100000011
11111110100001000010011110000011
00000000111101110000010100110011
11111101010001000010011100000011
11111110100001000010011110000011
01000000111101110000011100110011
11111110000001000010011110000011
00000000000001111010011110000011
00000000111100000000011010110011
00010000000000010000011110110111
00001011000001111000011000010011
00000000111000000000010110110011
00000000000000000000000000010011
11111110010001000010011110000011
00000000111100000000010100110011
00000011110000010010000010000011
00000011100000010010010000000011
00000100000000010000000100010011
00000000000000001000000001100111
11111101000000010000000100010011
00000010000100010010011000100011
00000010100000010010010000100011
00000011000000010000010000010011
00000001010000000000011110010011
11111110111101000010000000100011
11111110000001000010011110000011
11111110111101000010011000100011
11111110110001000010010100000011
00000000000000000000000000010011
00000000101000000000011110110011
11111110111101000010010000100011
11111110000001000010001000100011
11111110100001000010011110000011
00000010000001111001001001100011
00010000000000010000011110110111
00001110000001111000011010010011
00000100110100000000011000010011
00010000000000010000011110110111
00000000000001111000010110010011
00010000000000010000011110110111
00001000010001111000010100010011
00000000000000000000000000010011
00000000000000000000000000010011
11111100101001000010111000100011
11111101110001000010011100000011
00000000101000000000011110010011
00000000111101110001110001100011
11111110010001000010011110000011
11111110100001000010011100000011
00000000111101110000011110110011
00000000000001111000000000100011
00001000010000000000000001101111
11111110010001000010011110000011
11111110100001000010011100000011
00000000111101110000011110110011
11111101110001000010011100000011
00001111111101110111011100010011
00000000111001111000000000100011
11111110110001000010011110000011
11111111111101111000011100010011
11111110010001000010011110000011
00000100111101110001011001100011
11111110110001000010011100000011
11111110000001000010011110000011
00000000111101110000011110110011
11111110111101000010011000100011
11111110110001000010010110000011
11111110100001000010010100000011
00000000000000000000000000010011
11111110101001000010010000100011
11111110100001000010011110000011
00000010000001111001001001100011
00010000000000010000011110110111
00001110000001111000011010010011
00000110001100000000011000010011
00010000000000010000011110110111
00000000000001111000010110010011
00010000000000010000011110110111
00001000010001111000010100010011
00000000000000000000000000010011
11111110010001000010011110000011
00000000000101111000011110010011
11111110111101000010001000100011
11110101110111111111000001101111
11111110100001000010011110000011
00000000111100000000010100110011
00000010110000010010000010000011
00000010100000010010010000000011
00000011000000010000000100010011
00000000000000001000000001100111
11111011000000010000000100010011
00000010000100010010011000100011
00000010100000010010010000100011
00000011000000010000010000010011
11111100110001000010110000100011
00000000110101000010011000100011
00000000111001000010100000100011
00000000111101000010101000100011
00000001000001000010110000100011
00000001000101000010111000100011
00000000101000000000011110110011
11111100111101000000111110100011
00000000101100000000011110110011
11111100111101000000111100100011
11111101111001000100011100000011
11111101111101000100011110000011
00000000111000000000010110110011
00000000111100000000010100110011
00000000000000000000000000010011
11111110101001000010011000100011
11111110110001000010010110000011
00010000000000010000011110110111
00001011100001111000010100010011
00000000000000000000000000010011
00010000000000010000011110110111
00001011110001111000010100010011
00000000000000000000000000010011
11111101100001000010011110000011
00000010000001111001001001100011
00010000000000010000011110110111
00001111000001111000011010010011
00000111011000000000011000010011
00010000000000010000011110110111
00000000000001111000010110010011
00010000000000010000011110110111
00001100000001111000010100010011
00000000000000000000000000010011
00000010000001000000011110010011
11111100111101000010101000100011
11111101010001000010011110000011
11111110110001111000011110010011
11111110111101000010010000100011
11111110100001000010011110000011
00000000111100000000010110110011
11111101100001000010010100000011
00000000000000000000000000010011
00000000101000000000010100010011
00000000000000000000000000010011
00000000000000000000000000010011
00000010110000010010000010000011
00000010100000010010010000000011
00000101000000010000000100010011
00000000000000001000000001100111
