11111011000000010000000100010011
00000010000100010010011000100011
00000010100000010010010000100011
00000011000000010000010000010011
11111100101001000010111000100011
11111100101101000010110000100011
00000000110001000010010000100011
00000000110101000010011000100011
00000000111001000010100000100011
00000000111101000010101000100011
00000001000001000010110000100011
00000001000101000010111000100011
11111101110001000010011110000011
00000010000001111000101001100011
00000010000001000000011110010011
11111100111101000010101000100011
11111101010001000010011110000011
11111110100001111000011110010011
11111110111101000010011000100011
11111110110001000010011110000011
00000000111100000000011010110011
11111101100001000010011000000011
00010000000000000000010110010011
11111101110001000010010100000011
00000000000000000000000000010011
00000000100000000000000001101111
00000000000000000000000000010011
00000010110000010010000010000011
00000010100000010010010000000011
00000101000000010000000100010011
00000000000000001000000001100111
11111101000000010000000100010011
00000010000100010010011000100011
00000010100000010010010000100011
00000011000000010000010000010011
11111100101001000010111000100011
11111100101101000010110000100011
00000000001100000000010110010011
11111101100001000010010100000011
00000000000000000000000000010011
11111110101001000010011000100011
11111110110001000010011100000011
11111111111100000000011110010011
00000010111101110001110001100011
00000000000000000000000000010011
00000000101000000000011110110011
00000000000001111010011110000011
00000000111100000000010100110011
00000000000000000000000000010011
00000000101000000000011110110011
00000000111100000000011000110011
00010000000000010000011110110111
00000000000001111000010110010011
11111101110001000010010100000011
00000000000000000000000000010011
11111111111100000000011110010011
00000110110000000000000001101111
11111110110001000010011100000011
00000000000000000001011110110111
00000000000001111000011110010011
10000000000001111000011110010011
00000000111101110110011110110011
00000000111100000000011000110011
00000000010000000000010110010011
11111101100001000010010100000011
00000000000000000000000000010011
00000000101000000000011100110011
11111111111100000000011110010011
00000010111101110001110001100011
00000000000000000000000000010011
00000000101000000000011110110011
00000000000001111010011110000011
00000000111100000000010100110011
00000000000000000000000000010011
00000000101000000000011110110011
00000000111100000000011000110011
00010000000000010000011110110111
00000001010001111000010110010011
11111101110001000010010100000011
00000000000000000000000000010011
11111111111100000000011110010011
00000000100000000000000001101111
00000000000000000000011110010011
00000000111100000000010100110011
00000010110000010010000010000011
00000010100000010010010000000011
00000011000000010000000100010011
00000000000000001000000001100111
11111101000000010000000100010011
00000010000100010010011000100011
00000010100000010010010000100011
00000011000000010000010000010011
11111100101001000010111000100011
11111100101101000010110000100011
00000000000100000000011110010011
11111110111101000010011000100011
11111110110001000000011110010011
00000000010000000000011100010011
00000000111100000000011010110011
00000000000100000000011000010011
00000000011000000000010110010011
11111101100001000010010100000011
00000000000000000000000000010011
00000000101000000000011100110011
11111111111100000000011110010011
00000010111101110001110001100011
00000000000000000000000000010011
00000000101000000000011110110011
00000000000001111010011110000011
00000000111100000000010100110011
00000000000000000000000000010011
00000000101000000000011110110011
00000000111100000000011000110011
00010000000000010000011110110111
00000011010001111000010110010011
11111101110001000010010100000011
00000000000000000000000000010011
11111111111100000000011110010011
00000000100000000000000001101111
00000000000000000000011110010011
00000000111100000000010100110011
00000010110000010010000010000011
00000010100000010010010000000011
00000011000000010000000100010011
00000000000000001000000001100111
11111110000000010000000100010011
00000000000100010010111000100011
00000000100000010010110000100011
00000010000000010000010000010011
11111110101001000010011000100011
11111110101101000010010000100011
11111110110001000010001000100011
11111110010001000000011110010011
00000000010000000000011100010011
00000000111100000000011010110011
00000000011100000000011000010011
00000000000100000000010110010011
11111110100001000010010100000011
00000000000000000000000000010011
00000000101000000000011100110011
11111111111100000000011110010011
00000010111101110001110001100011
00000000000000000000000000010011
00000000101000000000011110110011
00000000000001111010011110000011
00000000111100000000010100110011
00000000000000000000000000010011
00000000101000000000011110110011
00000000111100000000011000110011
00010000000000010000011110110111
00000101000001111000010110010011
11111110110001000010010100000011
00000000000000000000000000010011
11111111111100000000011110010011
00000000100000000000000001101111
00000000000000000000011110010011
00000000111100000000010100110011
00000001110000010010000010000011
00000001100000010010010000000011
00000010000000010000000100010011
00000000000000001000000001100111
11111101000000010000000100010011
00000010000100010010011000100011
00000010100000010010010000100011
00000011000000010000010000010011
11111100101001000010111000100011
11111100101101000010110000100011
00000000000100000000011110010011
11111110111101000010011000100011
11111110110001000000011110010011
00000000010000000000011100010011
00000000111100000000011010110011
00000000100100000000011000010011
00000000000100000000010110010011
11111101100001000010010100000011
00000000000000000000000000010011
00000000101000000000011100110011
11111111111100000000011110010011
00000010111101110001110001100011
00000000000000000000000000010011
00000000101000000000011110110011
00000000000001111010011110000011
00000000111100000000010100110011
00000000000000000000000000010011
00000000101000000000011110110011
00000000111100000000011000110011
00010000000000010000011110110111
00000110110001111000010110010011
11111101110001000010010100000011
00000000000000000000000000010011
11111111111100000000011110010011
00000000100000000000000001101111
00000000000000000000011110010011
00000000111100000000010100110011
00000010110000010010000010000011
00000010100000010010010000000011
00000011000000010000000100010011
00000000000000001000000001100111
11111100000000010000000100010011
00000010000100010010111000100011
00000010100000010010110000100011
00000100000000010000010000010011
11111100101001000010011000100011
11111100101101000010010000100011
11111100110001000010001000100011
00000000001000000000011110010011
11111100111101000001111000100011
11111101110001000000011110010011
00000000010001111000011110010011
00000000111100000000010110110011
11111100100001000010010100000011
00000000000000000000000000010011
00000000101000000000011110110011
00000100000001111001110001100011
11111100100001000010010100000011
00000000000000000000000000010011
11111110101001000010011000100011
11111110110001000010011110000011
00000010000001111001000001100011
11111100100001000010011000000011
00010000000000010000011110110111
00001000110001111000010110010011
11111100110001000010010100000011
00000000000000000000000000010011
11111111111100000000011110010011
00000100010000000000000001101111
11111110110001000010011110000011
00000001000001111010011110000011
00000000000001111010011100000011
11111101110001000000011110010011
00000000010001111000011110010011
00000000010000000000011000010011
00000000111000000000010110110011
00000000111100000000010100110011
00000000000000000000000000010011
11111110000001000010010100000011
00000000000000000000000000010011
00000000101000000000011110110011
00000000111100000000010110110011
11111100010001000010010100000011
00000000000000000000000000010011
00000000000000000000011110010011
00000000111100000000010100110011
00000011110000010010000010000011
00000011100000010010010000000011
00000100000000010000000100010011
00000000000000001000000001100111
11111100000000010000000100010011
00000010000100010010111000100011
00000010100000010010110000100011
00000100000000010000010000010011
11111100101001000010011000100011
11111100101101000010010000100011
11111100110001000010001000100011
11111100110101000010000000100011
00000000000100000000011110010011
11111110111101000010001000100011
00000000000000000000011000010011
00000000000100000000010110010011
00000000001000000000010100010011
00000000000000000000000000010011
11111110101001000010011000100011
11111110110001000010011100000011
11111111111100000000011110010011
00000010111101110001110001100011
00000000000000000000000000010011
00000000101000000000011110110011
00000000000001111010011110000011
00000000111100000000010100110011
00000000000000000000000000010011
00000000101000000000011110110011
00000000111100000000011000110011
00010000000000010000011110110111
00001010000001111000010110010011
11111100110001000010010100000011
00000000000000000000000000010011
11111111111100000000011110010011
00010110110000000000000001101111
11111110010001000000011110010011
00000000010000000000011100010011
00000000111100000000011010110011
00000000001000000000011000010011
00000000000100000000010110010011
11111110110001000010010100000011
00000000000000000000000000010011
00000000001000000000011110010011
11111100111101000001101000100011
11111100010001000010011110000011
00000001000001111001011110010011
00000001000001111101011110010011
00000000111100000000010100110011
00000000000000000000000000010011
00000000101000000000011110110011
11111100111101000001101100100011
11111101010001000000011110010011
00000000010001111000011110010011
00000000111100000000010110110011
11111100100001000010010100000011
00000000000000000000000000010011
00000000101000000000011110110011
00000110000001111001000001100011
11111100100001000010010100000011
00000000000000000000000000010011
11111110101001000010010000100011
11111110100001000010011110000011
00000010000001111001010001100011
11111100100001000010011000000011
00010000000000010000011110110111
00001000110001111000010110010011
11111100110001000010010100000011
00000000000000000000000000010011
11111110110001000010010100000011
00000000000000000000000000010011
11111111111100000000011110010011
00001101100000000000000001101111
11111110100001000010011110000011
00000001000001111010011110000011
00000000000001111010011100000011
11111101010001000000011110010011
00000000010001111000011110010011
00000000010000000000011000010011
00000000111000000000010110110011
00000000111100000000010100110011
00000000000000000000000000010011
11111100000001000010011110000011
00000000000101111111011110010011
00000010000001111000000001100011
11111110110001000010010110000011
11111100110001000010010100000011
00000000000000000000000000010011
00000000101000000000011110110011
00000000000001111000011001100011
11111111111100000000011110010011
00001000110000000000000001101111
11111101010001000000011110010011
00000001000000000000011000010011
00000000111100000000010110110011
11111110110001000010010100000011
00000000000000000000000000010011
00000000101000000000011100110011
11111111111100000000011110010011
00000110111101110001010001100011
00000000000000000000000000010011
00000000101000000000011110110011
00000000000001111010011100000011
00000111001100000000011110010011
00000000111101110001110001100011
11111100000001000010011110000011
00000000000101111111011110010011
00000000000001111000011001100011
11111110110001000010011110000011
00000100010000000000000001101111
00000000000000000000000000010011
00000000101000000000011110110011
00000000000001111010011110000011
00000000111100000000010100110011
00000000000000000000000000010011
00000000101000000000011110110011
00000000111100000000011000110011
00010000000000010000011110110111
00001011100001111000010110010011
11111100110001000010010100000011
00000000000000000000000000010011
11111110110001000010010100000011
00000000000000000000000000010011
11111111111100000000011110010011
00000000100000000000000001101111
11111110110001000010011110000011
00000000111100000000010100110011
00000011110000010010000010000011
00000011100000010010010000000011
00000100000000010000000100010011
00000000000000001000000001100111
11111110000000010000000100010011
00000000000100010010111000100011
00000000100000010010110000100011
00000010000000010000010000010011
11111110101001000010011000100011
11111110101101000010010000100011
11111110110001000010001000100011
00000000000000000000011010010011
11111110010001000010011000000011
11111110100001000010010110000011
11111110110001000010010100000011
00000000000000000000000000010011
00000000101000000000011110110011
00000000111100000000010100110011
00000001110000010010000010000011
00000001100000010010010000000011
00000010000000010000000100010011
00000000000000001000000001100111
11111110000000010000000100010011
00000000000100010010111000100011
00000000100000010010110000100011
00000010000000010000010000010011
11111110101001000010011000100011
11111110101101000010010000100011
11111110110001000010001000100011
00000000000100000000011010010011
11111110010001000010011000000011
11111110100001000010010110000011
11111110110001000010010100000011
00000000000000000000000000010011
00000000101000000000011110110011
00000000111100000000010100110011
00000001110000010010000010000011
00000001100000010010010000000011
00000010000000010000000100010011
00000000000000001000000001100111
11111101000000010000000100010011
00000010000100010010011000100011
00000010100000010010010000100011
00000011000000010000010000010011
11111100101001000010111000100011
11111100101101000010110000100011
11111100110001000010101000100011
11111110000001000010011000100011
00000110100000000000000001101111
11111101010001000010011100000011
11111110110001000010011110000011
01000000111101110000011110110011
00000000111100000000011000110011
11111101100001000010010110000011
11111101110001000010010100000011
00000000000000000000000000010011
11111110101001000010010000100011
11111110100001000010011110000011
00000000000001111001011001100011
11111110110001000010011110000011
00000100100000000000000001101111
11111110100001000010011100000011
11111111111100000000011110010011
00000000111101110001011001100011
11111111111100000000011110010011
00000011010000000000000001101111
11111110110001000010011100000011
11111110100001000010011110000011
00000000111101110000011110110011
11111110111101000010011000100011
11111110100001000010011110000011
11111101100001000010011100000011
00000000111101110000011110110011
11111100111101000010110000100011
11111110110001000010011100000011
11111101010001000010011110000011
11111000111101110001101011100011
11111110110001000010011110000011
00000000111100000000010100110011
00000010110000010010000010000011
00000010100000010010010000000011
00000011000000010000000100010011
00000000000000001000000001100111
11111101000000010000000100010011
00000010000100010010011000100011
00000010100000010010010000100011
00000011000000010000010000010011
11111100101001000010111000100011
11111100101101000010110000100011
11111100110001000010101000100011
11111110000001000010011000100011
00000110100000000000000001101111
11111101010001000010011100000011
11111110110001000010011110000011
01000000111101110000011110110011
00000000111100000000011000110011
11111101100001000010010110000011
11111101110001000010010100000011
00000000000000000000000000010011
11111110101001000010010000100011
11111110100001000010011110000011
00000000000001111001011001100011
11111110110001000010011110000011
00000100100000000000000001101111
11111110100001000010011100000011
11111111111100000000011110010011
00000000111101110001011001100011
11111111111100000000011110010011
00000011010000000000000001101111
11111110110001000010011100000011
11111110100001000010011110000011
00000000111101110000011110110011
11111110111101000010011000100011
11111110100001000010011110000011
11111101100001000010011100000011
00000000111101110000011110110011
11111100111101000010110000100011
11111110110001000010011100000011
11111101010001000010011110000011
11111000111101110001101011100011
11111110110001000010011110000011
00000000111100000000010100110011
00000010110000010010000010000011
00000010100000010010010000000011
00000011000000010000000100010011
00000000000000001000000001100111
11111100000000010000000100010011
00000010000100010010111000100011
00000010100000010010110000100011
00000100000000010000010000010011
11111100101001000010011000100011
11111100101101000010010000100011
11111100110001000010001000100011
00000000000100000000011110010011
11111110111101000010010000100011
00000000000000000000011000010011
00000000000100000000010110010011
00000000001000000000010100010011
00000000000000000000000000010011
11111110101001000010011000100011
11111110110001000010011100000011
11111111111100000000011110010011
00000010111101110001110001100011
00000000000000000000000000010011
00000000101000000000011110110011
00000000000001111010011110000011
00000000111100000000010100110011
00000000000000000000000000010011
00000000101000000000011110110011
00000000111100000000011000110011
00010000000000010000011110110111
00001100100001111000010110010011
11111100110001000010010100000011
00000000000000000000000000010011
11111111111100000000011110010011
00011010100000000000000001101111
11111110100001000000011110010011
00000000010000000000011100010011
00000000111100000000011010110011
00000000001000000000011000010011
00000000000100000000010110010011
11111110110001000010010100000011
00000000000000000000000000010011
00000000101000000000011100110011
11111111111100000000011110010011
00000100111101110001000001100011
00000000000000000000000000010011
00000000101000000000011110110011
00000000000001111010011110000011
00000000111100000000010100110011
00000000000000000000000000010011
00000000101000000000011110110011
00000000111100000000011000110011
00010000000000010000011110110111
00001101010001111000010110010011
11111100110001000010010100000011
00000000000000000000000000010011
11111110110001000010010100000011
00000000000000000000000000010011
11111111111100000000011110010011
00010100010000000000000001101111
11111101100001000000011110010011
00000001000000000000011000010011
00000000000000000000010110010011
00000000111100000000010100110011
00000000000000000000000000010011
00000000001000000000011110010011
11111100111101000001110000100011
11111100100001000010011110000011
00000001000001111001011110010011
00000001000001111101011110010011
00000000111100000000010100110011
00000000000000000000000000010011
00000000101000000000011110110011
11111100111101000001110100100011
00000000000000000000010100010011
00000000000000000000000000010011
00000000101000000000011110110011
11111100111101000010111000100011
11111100010001000010011110000011
00000100000001111000000001100011
11111101100001000000011110010011
00000000010001111000011110010011
00000000111100000000010110110011
11111100010001000010010100000011
00000000000000000000000000010011
00000000101000000000011110110011
00000010000001111001001001100011
00010000000000010000011110110111
00001111010001111000010110010011
11111100110001000010010100000011
00000000000000000000000000010011
11111110110001000010010100000011
00000000000000000000000000010011
11111111111100000000011110010011
00001011100000000000000001101111
11111101100001000000011110010011
00000001000000000000011000010011
00000000111100000000010110110011
11111110110001000010010100000011
00000000000000000000000000010011
00000000101000000000011100110011
11111111111100000000011110010011
00000100111101110001000001100011
00000000000000000000000000010011
00000000101000000000011110110011
00000000000001111010011110000011
00000000111100000000010100110011
00000000000000000000000000010011
00000000101000000000011110110011
00000000111100000000011000110011
00010000000000010000011110110111
00010000110001111000010110010011
11111100110001000010010100000011
00000000000000000000000000010011
11111110110001000010010100000011
00000000000000000000000000010011
11111111111100000000011110010011
00000101110000000000000001101111
00000010000000000000010110010011
11111110110001000010010100000011
00000000000000000000000000010011
00000000101000000000011100110011
11111111111100000000011110010011
00000100111101110001000001100011
00000000000000000000000000010011
00000000101000000000011110110011
00000000000001111010011110000011
00000000111100000000010100110011
00000000000000000000000000010011
00000000101000000000011110110011
00000000111100000000011000110011
00010000000000010000011110110111
00010001100001111000010110010011
11111100110001000010010100000011
00000000000000000000000000010011
11111110110001000010010100000011
00000000000000000000000000010011
11111111111100000000011110010011
00000000100000000000000001101111
11111110110001000010011110000011
00000000111100000000010100110011
00000011110000010010000010000011
00000011100000010010010000000011
00000100000000010000000100010011
00000000000000001000000001100111
11111100000000010000000100010011
00000010000100010010111000100011
00000010100000010010110000100011
00000100000000010000010000010011
11111100101001000010011000100011
11111100101101000010010000100011
11111100110001000010001000100011
11111100110101000010000000100011
00000001000000000000011110010011
11111100111101000010110000100011
11111101100001000000011100010011
11111101110001000000011110010011
00000000111000000000011000110011
00000000111100000000010110110011
11111100100001000010010100000011
00000000000000000000000000010011
11111110101001000010011000100011
11111110110001000010011100000011
11111111111100000000011110010011
00000100111101110001100001100011
00000000000000000000000000010011
00000000101000000000011110110011
00000000000001111010011100000011
00000000010000000000011110010011
00000000111101110001010001100011
11111011110111111111000001101111
00000000000000000000000000010011
00000000101000000000011110110011
00000000000001111010011110000011
00000000111100000000010100110011
00000000000000000000000000010011
00000000101000000000011110110011
00000000111100000000011000110011
00010000000000010000011110110111
00010010010001111000010110010011
11111100110001000010010100000011
00000000000000000000000000010011
11111111111100000000011110010011
00000101000000000000000001101111
00000000000000000000000000010011
11111100010001000010011110000011
00000000000001111000111001100011
11111110000001000010010100000011
00000000000000000000000000010011
00000000101000000000011110110011
00000000111100000000010110110011
11111100010001000010010100000011
00000000000000000000000000010011
11111100000001000010011110000011
00000010000001111000000001100011
11111101111001000101011110000011
00000000111100000000010100110011
00000000000000000000000000010011
00000000101000000000011110110011
00000000111100000000011100110011
11111100000001000010011110000011
00000000111001111010000000100011
11111110110001000010011110000011
00000000111100000000010100110011
00000011110000010010000010000011
00000011100000010010010000000011
00000100000000010000000100010011
00000000000000001000000001100111
