11111111000000010000000100010011
00000000100000010010011000100011
00000001000000010000010000010011
00000000000000000000000000010011
00000000110000010010010000000011
00000001000000010000000100010011
00000000000000001000000001100111
11111110000000010000000100010011
00000000100000010010111000100011
00000010000000010000010000010011
11111110101001000010011000100011
00000000000000000000000000010011
00000001110000010010010000000011
00000010000000010000000100010011
00000000000000001000000001100111
11111111000000010000000100010011
00000000100000010010011000100011
00000001000000010000010000010011
00000000000000000000000000010011
00000000110000010010010000000011
00000001000000010000000100010011
00000000000000001000000001100111
