11110101000000010000000100010011
00001010000100010010011000100011
00001010100000010010010000100011
00001011000000010000010000010011
11110100101001000010111000100011
11110100101101000010110000100011
11110100110001000010101000100011
11110100110101000010100000100011
11110101110001000010011110000011
00000000000001111001111001100011
11110101010001000010011110000011
00000000000001111000101001100011
00010000000000010000011110110111
00000000000001111000010100010011
00000000000000000000000000010011
00010011100000000000000001101111
11110110010001000000011110010011
00000000111100000000011100110011
00001000000000000000011110010011
00000000111100000000011000110011
00000000000000000000010110010011
00000000111000000000010100110011
00000000000000000000000000010011
11111110000001000010011000100011
00001010100000000000000001101111
11110101110001000010011110000011
00000000000101111111011110010011
00001000000001111000001001100011
11110101000001000010011110000011
00000110000001111001100001100011
11110101010001000010011110000011
00000000000001111000101001100011
11111110110001000010010110000011
00010000000000010000011110110111
00000010010001111000010100010011
00000000000000000000000000010011
11111110110001000010011110000011
11111110111101000010010000100011
11111110100001000010011100000011
00111111111100000000011110010011
00000110111001111110110001100011
11111110100001000010011110000011
00000000010101111101011110010011
00000000001001111001011100010011
11110110010001000000011010010011
00000000111001101000011100110011
00000000000001110010011010000011
11111110100001000010011100000011
00000001111101110111011100010011
00000000000100000000011000010011
00000000111001100001011100110011
00000000001001111001011110010011
11110110010001000000011000010011
00000000111101100000011110110011
00000000111001101110011100110011
00000000111001111010000000100011
00000011100000000000000001101111
11110101000001000010011110000011
11111111111101111000011110010011
11110100111101000010100000100011
11110101110001000010011110000011
01000000000101111101011110010011
11110100111101000010111000100011
11111110110001000010011110000011
00000000000101111000011110010011
11111110111101000010011000100011
11111110110001000010011100000011
11110101100001000010011110000011
11110100111101110100101011100011
00000000100000000000000001101111
00000000000000000000000000010011
11110110010001000000011110010011
00000000111100000000011000110011
00001000000000000000010110010011
00000000000000000000010100010011
00000000000000000000000000010011
11111110101001000010001000100011
11111110010001000010011100000011
11111111111100000000011110010011
00000000111101110001100001100011
00010000000000010000011110110111
00000011010001111000010100010011
00000000000000000000000000010011
11111110010001000010011110000011
00000010000001111000001001100011
00010000000000010000011110110111
01010110010001111000011010010011
00000011010100000000011000010011
00010000000000010000011110110111
00000100100001111000010110010011
00010000000000010000011110110111
00001101000001111000010100010011
00000000000000000000000000010011
00001010110000010010000010000011
00001010100000010010010000000011
00001011000000010000000100010011
00000000000000001000000001100111
11110101000000010000000100010011
00001010000100010010011000100011
00001010100000010010010000100011
00001011000000010000010000010011
11110100101001000010111000100011
11110100101101000010110000100011
11110100110001000010101000100011
11110101110001000010011110000011
00000000000001111001111001100011
11110101010001000010011110000011
00000000000001111000101001100011
00010000000000010000011110110111
00000000000001111000010100010011
00000000000000000000000000010011
00010001100000000000000001101111
11110110010001000000011110010011
00000000111100000000011100110011
00001000000000000000011110010011
00000000111100000000011000110011
00000000000000000000010110010011
00000000111000000000010100110011
00000000000000000000000000010011
11111110000001000010011000100011
00001001000000000000000001101111
11110101110001000010011110000011
00000000000101111111011110010011
00000110000001111000011001100011
11110101010001000010011110000011
00000000000001111000101001100011
11111110110001000010010110000011
00010000000000010000011110110111
00000010010001111000010100010011
00000000000000000000000000010011
11111110110001000010011110000011
11111110111101000010001000100011
11111110010001000010011100000011
00111111111100000000011110010011
00000100111001111110000001100011
11111110010001000010011110000011
00000000010101111101011110010011
00000000001001111001011100010011
11110110010001000000011010010011
00000000111001101000011100110011
00000000000001110010011010000011
11111110010001000010011100000011
00000001111101110111011100010011
00000000000100000000011000010011
00000000111001100001011100110011
00000000001001111001011110010011
11110110010001000000011000010011
00000000111101100000011110110011
00000000111001101110011100110011
00000000111001111010000000100011
11110101110001000010011110000011
01000000000101111101011110010011
11110100111101000010111000100011
11111110110001000010011110000011
00000000000101111000011110010011
11111110111101000010011000100011
11111110110001000010011100000011
11110101100001000010011110000011
11110110111101110100011011100011
11110110010001000000011110010011
00000000111100000000011000110011
00001000000000000000010110010011
00000000000000000000010100010011
00000000000000000000000000010011
11111110101001000010010000100011
11111110100001000010011100000011
11111111111100000000011110010011
00000000111101110001100001100011
00010000000000010000011110110111
00000011010001111000010100010011
00000000000000000000000000010011
11111110100001000010011110000011
00000010000001111000001001100011
00010000000000010000011110110111
01010111110001111000011010010011
00000101000000000000011000010011
00010000000000010000011110110111
00000100100001111000010110010011
00010000000000010000011110110111
00001101000001111000010100010011
00000000000000000000000000010011
00001010110000010010000010000011
00001010100000010010010000000011
00001011000000010000000100010011
00000000000000001000000001100111
11110101000000010000000100010011
00001010000100010010011000100011
00001010100000010010010000100011
00001011000000010000010000010011
11110100101001000010111000100011
11110110100001000000011110010011
00000000111100000000011100110011
00001000000000000000011110010011
00000000111100000000011000110011
00000000000000000000010110010011
00000000111000000000010100110011
00000000000000000000000000010011
11110101110001000010011110000011
11111110111101000010011000100011
11111110110001000010011100000011
00111111111100000000011110010011
00000100111001111110000001100011
11111110110001000010011110000011
00000000010101111101011110010011
00000000001001111001011100010011
11110110100001000000011010010011
00000000111001101000011100110011
00000000000001110010011010000011
11111110110001000010011100000011
00000001111101110111011100010011
00000000000100000000011000010011
00000000111001100001011100110011
00000000001001111001011110010011
11110110100001000000011000010011
00000000111101100000011110110011
00000000111001101110011100110011
00000000111001111010000000100011
11110110100001000000011110010011
00000000111100000000011000110011
00001000000000000000010110010011
00000000000000000000010100010011
00000000000000000000000000010011
11111110101001000010010000100011
11111110100001000010011110000011
00000010000001111000001001100011
00010000000000010000011110110111
01011000100001111000011010010011
00000101101100000000011000010011
00010000000000010000011110110111
00000100100001111000010110010011
00010000000000010000011110110111
00001101000001111000010100010011
00000000000000000000000000010011
00000000000000000000000000010011
00001010110000010010000010000011
00001010100000010010010000000011
00001011000000010000000100010011
00000000000000001000000001100111
11110101000000010000000100010011
00001010000100010010011000100011
00001010100000010010010000100011
00001011000000010000010000010011
11110100101001000010111000100011
11110100101101000010110000100011
11110101100001000010011110000011
00000000000001111000100001100011
00010000000000010000011110110111
00001101100001111000010100010011
00000000000000000000000000010011
11110110010001000000011110010011
00000000111100000000011100110011
00001000000000000000011110010011
00000000111100000000011000110011
00000000000000000000010110010011
00000000111000000000010100110011
00000000000000000000000000010011
11111110000001000010011000100011
00000110000000000000000001101111
11111110110001000010011110000011
11111110111101000010001000100011
11111110010001000010011100000011
00111111111100000000011110010011
00000100111001111110000001100011
11111110010001000010011110000011
00000000010101111101011110010011
00000000001001111001011100010011
11110110010001000000011010010011
00000000111001101000011100110011
00000000000001110010011010000011
11111110010001000010011100000011
00000001111101110111011100010011
00000000000100000000011000010011
00000000111001100001011100110011
00000000001001111001011110010011
11110110010001000000011000010011
00000000111101100000011110110011
00000000111001101110011100110011
00000000111001111010000000100011
11111110110001000010011110000011
00000000000101111000011110010011
11111110111101000010011000100011
11111110110001000010011100000011
11110101110001000010011110000011
11111000111101110100111011100011
11110110010001000000011110010011
00000000111100000000011000110011
00001000000000000000010110010011
00000000000000000000010100010011
00000000000000000000000000010011
11111110101001000010010000100011
11111110100001000010011100000011
11111111111100000000011110010011
00000000111101110001100001100011
00010000000000010000011110110111
00000011010001111000010100010011
00000000000000000000000000010011
11111110100001000010011110000011
00000010000001111000001001100011
00010000000000010000011110110111
01011001100001111000011010010011
00000110111100000000011000010011
00010000000000010000011110110111
00000100100001111000010110010011
00010000000000010000011110110111
00001101000001111000010100010011
00000000000000000000000000010011
00000000000000000000000000010011
00001010110000010010000010000011
00001010100000010010010000000011
00001011000000010000000100010011
00000000000000001000000001100111
11111110000000010000000100010011
00000000000100010010111000100011
00000000100000010010110000100011
00000010000000010000010000010011
11111110101001000010011000100011
11111110101101000010010000100011
11111110110001000010001000100011
11111110110101000010000000100011
11111110110001000010011100000011
11111111111100000000011110010011
00000000111101110001101001100011
11111110010001000010010110000011
11111110100001000010010100000011
00000000000000000000000000010011
00000001100000000000000001101111
11111110000001000010011010000011
11111110010001000010011000000011
11111110100001000010010110000011
11111110110001000010010100000011
00000000000000000000000000010011
00000000000000000000000000010011
00000001110000010010000010000011
00000001100000010010010000000011
00000010000000010000000100010011
00000000000000001000000001100111
11111110000000010000000100010011
00000000000100010010111000100011
00000000100000010010110000100011
00000010000000010000010000010011
11111110101001000010011000100011
11111110101101000010010000100011
11111110110001000010001000100011
11111110110001000010011100000011
11111111111100000000011110010011
00000000111101110001101001100011
11111110010001000010010110000011
11111110100001000010010100000011
00000000000000000000000000010011
00000001010000000000000001101111
11111110010001000010011000000011
11111110100001000010010110000011
11111110110001000010010100000011
00000000000000000000000000010011
00000000000000000000000000010011
00000001110000010010000010000011
00000001100000010010010000000011
00000010000000010000000100010011
00000000000000001000000001100111
11111110000000010000000100010011
00000000100000010010111000100011
00000001001000010010110000100011
00000001001100010010101000100011
00000010000000010000010000010011
11111110101001000010010000100011
11111110101101000010011000100011
11111110110001000010000000100011
11111110110101000010001000100011
11111110000001000010011010000011
00000000110100000000111000110011
01000001111101101101011010010011
00000000110100000000111010110011
00111011100110101101011010110111
00000000000001101000011010010011
10100000000001101000011010010011
00000010110111101000011000110011
00000000000000000000011010010011
00000010110111100000011010110011
00000000110101100000011000110011
00111011100110101101011010110111
00000000000001101000011010010011
10100000000001101000011010010011
00000010110111100000010110110011
00000010110111100011100010110011
00000000101100000000100000110011
00000001000101100000011010110011
00000000110100000000100010110011
11111110010001000010011010000011
00000000110100000000100100110011
01000001111101101101011010010011
00000000110100000000100110110011
00000001001010000000011000110011
00000000110000000000010110110011
00000001000001011011010110110011
00000001001110001000011010110011
00000000110101011000010110110011
00000000101100000000011010110011
00000000110000000000010100110011
00000000110100000000010110110011
11111110100001000010011010000011
00000000110100000000001100110011
01000001111101101101011010010011
00000000110100000000001110110011
00111011100110101101011010110111
00000000000001101000011010010011
10100000000001101000011010010011
00000010110100111000011000110011
00000000000000000000011010010011
00000010110100110000011010110011
00000000110101100000011000110011
00111011100110101101011010110111
00000000000001101000011010010011
10100000000001101000011010010011
00000010110100110000100000110011
00000010110100110011011110110011
00000001000000000000011100110011
00000000111101100000011010110011
00000000110100000000011110110011
11111110110001000010011010000011
00000000110100000000111100110011
01000001111101101101011010010011
00000000110100000000111110110011
00000001111001110000011000110011
00000000110000000000100000110011
00000000111010000011100000110011
00000001111101111000011010110011
00000000110110000000011110110011
00000000111100000000011010110011
01000000110001010000011100110011
00000000111000000000100000110011
00000001000001010011100000110011
01000000110101011000011110110011
01000001000001111000011010110011
00000000110100000000011110110011
00000000111000000000010100110011
00000000111100000000010110110011
00000001110000010010010000000011
00000001100000010010100100000011
00000001010000010010100110000011
00000010000000010000000100010011
00000000000000001000000001100111
11111110000000010000000100010011
00000000000100010010111000100011
00000000100000010010110000100011
00000010000000010000010000010011
11111110101001000010011000100011
11111110110001000010011110000011
00000000000001111010011110000011
00000000111100000000010110110011
00010000000000010000011110110111
00001111000001111000010100010011
00000000000000000000000000010011
00010000000000010000011110110111
00010000110001111000010100010011
00000000000000000000000000010011
00010000000000010000011110110111
00010001110001111000010100010011
00000000000000000000000000010011
00010000000000010000011110110111
00010011000001111000010100010011
00000000000000000000000000010011
00010000000000010000011110110111
00010100010001111000010100010011
00000000000000000000000000010011
00010000000000010000011110110111
00010101110001111000010100010011
00000000000000000000000000010011
00010000000000010000011110110111
00010111010001111000010100010011
00000000000000000000000000010011
00010000000000010000011110110111
00011000110001111000010100010011
00000000000000000000000000010011
00010000000000010000011110110111
00011010100001111000010100010011
00000000000000000000000000010011
00010000000000010000011110110111
00011100100001111000010100010011
00000000000000000000000000010011
00010000000000010000011110110111
00011101100001111000010100010011
00000000000000000000000000010011
00010000000000010000011110110111
00011110110001111000010100010011
00000000000000000000000000010011
00010000000000010000011110110111
00100010010001111000010100010011
00000000000000000000000000010011
00010000000000010000011110110111
00100101110001111000010100010011
00000000000000000000000000010011
00010000000000010000011110110111
00101001010001111000010100010011
00000000000000000000000000010011
00010000000000010000011110110111
00101100110001111000010100010011
00000000000000000000000000010011
00010000000000010000011110110111
00110000010001111000010100010011
00000000000000000000000000010011
00010000000000010000011110110111
00110011110001111000010100010011
00000000000000000000000000010011
00010000000000010000011110110111
00110111010001111000010100010011
00000000000000000000000000010011
00010000000000010000011110110111
00111010110001111000010100010011
00000000000000000000000000010011
00010000000000010000011110110111
00111110010001111000010100010011
00000000000000000000000000010011
00010000000000010000011110110111
01000001110001111000010100010011
00000000000000000000000000010011
00010000000000010000011110110111
01000101110001111000010100010011
00000000000000000000000000010011
00010000000000010000011110110111
01000111000001111000010100010011
00000000000000000000000000010011
00010000000000010000011110110111
01001001010001111000010100010011
00000000000000000000000000010011
00010000000000010000011110110111
01001100110001111000010100010011
00000000000000000000000000010011
00000000000000000000000000010011
00000001110000010010000010000011
00000001100000010010010000000011
00000010000000010000000100010011
00000000000000001000000001100111
11101001000000010000000100010011
00010110000100010010011000100011
00010110100000010010010000100011
00010111000000010000010000010011
11111111111111111100001100110111
00000000000000110000001100010011
00000000011000010000000100110011
11111111111111111100011110110111
00000000000001111000011110010011
11111111000001000000011100010011
00000000111101110000011110110011
11101010101001111010011000100011
11101110000001000010001000100011
11101110100001000000011110010011
00001111110000000000011100010011
00000000111000000000011000110011
00000000000000000000010110010011
00000000111100000000010100110011
00000000000000000000000000010011
11111111111111111100011110110111
00000000000001111000011110010011
11111111000001000000011100010011
00000000111101110000011110110011
11101110010001000000011100010011
11101010110001111010011010000011
00010000000000010000011110110111
01001101110001111000011000010011
00010000000000000000010110010011
00000000111000000000010100110011
00000000000000000000000000010011
11101110010001000000011100010011
00010000000000010000011110110111
01010000000001111000010110010011
00000000111000000000010100110011
00000000000000000000000000010011
11111110101001000010010000100011
11111110100001000010011110000011
00000000000001111001100001100011
00010000000000010000011110110111
01010000010001111000010100010011
00000000000000000000000000010011
11111110000001000010011000100011
00000111100000000000000001101111
11111110110001000010011110000011
00000010000001111001010001100011
11101010010001000000011100010011
00010000000000010000011110110111
01010001100001111000010110010011
00000000111000000000010100110011
00000000000000000000000000010011
00000000101000000000011110110011
00000100000001111000101001100011
00000000000100000000011110010011
11111110111101000010011000100011
11101010010001000000011110010011
00000010101101111000011110010011
11111110111101000010001000100011
11111110010001000010010100000011
00000000000000000000000000010011
00000000101000000000011110110011
11111111111101111000011110010011
11111110010001000010011100000011
00000000111101110000011110110011
00000000000001111000000000100011
11111111111111111100011110110111
00000000000001111000011110010011
11101011010001111000011110010011
11111111000001000000011100010011
00000000111101110000011110110011
11111110010001000010010110000011
00000000111100000000010100110011
00000000000000000000000000010011
11101010010001000000011110010011
11111110100001000010011000000011
00000100000000000000010110010011
00000000111100000000010100110011
00000000000000000000000000010011
00000000101000000000011110110011
11110110000001111001101011100011
11111110100001000010010100000011
00000000000000000000000000010011
11111111111111111100011110110111
00000000000001111000011110010011
11101011010001111000011110010011
11111111000001000000011100010011
00000000111101110000011110110011
00000000111100000000010110110011
00010000000000010000011110110111
01010010000001111000010100010011
00000000000000000000000000010011
11101110000001000000001000100011
11111111111111111100011110110111
00000000000001111000011110010011
11111111000001000000011100010011
00000000111101110000011110110011
11101010000001111000101000100011
11111111111111111100011110110111
00000000000001111000011110010011
11111111000001000000011100010011
00000000111101110000011110110011
11101110010001000000011100010011
11101010110001111010011010000011
00010000000000010000011110110111
01010011100001111000011000010011
00010000000000000000010110010011
00000000111000000000010100110011
00000000000000000000000000010011
11101110010001000000011100010011
00010000000000010000011110110111
01010000000001111000010110010011
00000000111000000000010100110011
00000000000000000000000000010011
11111110101001000010010000100011
11111110100001000010011110000011
00000000000001111001100001100011
00010000000000010000011110110111
01010000010001111000010100010011
00000000000000000000000000010011
11111110000001000010011000100011
00000111100000000000000001101111
11111110110001000010011110000011
00000010000001111001010001100011
11101010010001000000011100010011
00010000000000010000011110110111
01010001100001111000010110010011
00000000111000000000010100110011
00000000000000000000000000010011
00000000101000000000011110110011
00000100000001111000101001100011
00000000000100000000011110010011
11111110111101000010011000100011
11101010010001000000011110010011
00000010101101111000011110010011
11111110111101000010001000100011
11111110010001000010010100000011
00000000000000000000000000010011
00000000101000000000011110110011
11111111111101111000011110010011
11111110010001000010011100000011
00000000111101110000011110110011
00000000000001111000000000100011
11111111111111111100011110110111
00000000000001111000011110010011
11101011010001111000011110010011
11111111000001000000011100010011
00000000111101110000011110110011
11111110010001000010010110000011
00000000111100000000010100110011
00000000000000000000000000010011
11101010010001000000011110010011
11111110100001000010011000000011
00000100000000000000010110010011
00000000111100000000010100110011
00000000000000000000000000010011
00000000101000000000011110110011
11110110000001111001101011100011
11111110100001000010010100000011
00000000000000000000000000010011
11111111111111111100011110110111
00000000000001111000011110010011
11101011010001111000011110010011
11111111000001000000011100010011
00000000111101110000011110110011
00000000111100000000010110110011
00010000000000010000011110110111
01010010000001111000010100010011
00000000000000000000000000010011
00000000000000000000000000010011
00000000000000000100001100110111
00000000000000110000001100010011
00000000011000010000000100110011
00010110110000010010000010000011
00010110100000010010010000000011
00010111000000010000000100010011
00000000000000001000000001100111
11111101000000010000000100010011
00000010100000010010011000100011
00000011000000010000010000010011
11111100101001000010111000100011
11111100101101000010110000100011
11111100110001000010101000100011
11111101010001000010011110000011
00000000000001111000011001100011
11111101010001000010011110000011
00000101000000000000000001101111
11111101110001000010011100000011
11111111111100000000011110010011
00000000111101110001011001100011
11111101100001000010011110000011
00000011110000000000000001101111
11111110000001000010011000100011
00000010100000000000000001101111
11111101110001000010011110000011
00000000000101111111011110010011
00000000000001111000100001100011
11111110110001000010011110000011
00000000000101111000011110010011
11111110111101000010011000100011
11111101110001000010011110000011
01000000000101111101011110010011
11111100111101000010111000100011
11111101110001000010011110000011
11111100000001111001110011100011
11111110110001000010011110000011
00000000111100000000010100110011
00000010110000010010010000000011
00000011000000010000000100010011
00000000000000001000000001100111
