11111100000000010000000100010011
00000010000100010010111000100011
00000010100000010010110000100011
00000010100100010010101000100011
00000100000000010000010000010011
11111100101001000010011000100011
11111100101101000010000000100011
11111100110001000010001000100011
11111100110101000010010000100011
11111100110001000010011110000011
11111110111101000010010000100011
11111101100001000000011010010011
11111101110001000000011110010011
11111110000001000000011100010011
00000000110100000000100000110011
11111100100001000010011010000011
00000000001000000000011000010011
11111100000001000010010100000011
11111100010001000010010110000011
00000000000000000000000000010011
11111110101001000010001000100011
11111110010001000010000010000011
11111101110001000010011110000011
00000000000001111000110001100011
11111100110001000010011110000011
00000000000101111000011100010011
11111100111001000010011000100011
00000010110100000000011100010011
00000000111001111000000000100011
11111110000001000010011100000011
00000000000000000010011110110111
00000000000001111000011110010011
01110000111101111000011110010011
00000010111101110001111001100011
00000000000000000000000000010011
00000000000100000000011100110011
00000000000101110000000010010011
11111100110001000010011110000011
00000000000101111000011010010011
11111100110101000010011000100011
00000000000001110100011100000011
00000000111001111000000000100011
00000000000001111100011110000011
11111110000001111001000011100011
11111100110001000010011110000011
11111111111101111000011110010011
11111100111101000010011000100011
00101100100000000000000001101111
11111110000001000010011100000011
11111111110100000000011110010011
00000000111101110100100001100011
11111110000001000010011110000011
11111100100001000010011100000011
00011000111101110101011001100011
00000000000100000000011100110011
00000000000101110000000010010011
11111100110001000010011110000011
00000000000101111000011010010011
11111100110101000010011000100011
00000000000001110100011100000011
00000000111001111000000000100011
00000000000000001100011110000011
00000100000001111000010001100011
11111100110001000010011110000011
00000000000101111000011100010011
11111100111001000010011000100011
00000010111000000000011100010011
00000000111001111000000000100011
00000001000000000000000001101111
11111100110001000010011110000011
00000000000101111000011110010011
11111100111101000010011000100011
00000000000100000000011110110011
00000000000101111000000010010011
00000000000001111100011100000011
11111100110001000010011110000011
00000000111001111000000000100011
11111100110001000010011110000011
00000000000001111100011110000011
11111100000001111001110011100011
11111100110001000010011110000011
00000000000101111000011100010011
11111100111001000010011000100011
00000110010100000000011100010011
00000000111001111000000000100011
11111110000001000010011110000011
11111111111101111000011110010011
11111110111101000010000000100011
11111110000001000010011110000011
00000010000001111101010001100011
11111100110001000010011110000011
00000000000101111000011100010011
11111100111001000010011000100011
00000010110100000000011100010011
00000000111001111000000000100011
11111110000001000010011110000011
01000000111100000000011110110011
11111110111101000010000000100011
00000001100000000000000001101111
11111100110001000010011110000011
00000000000101111000011100010011
11111100111001000010011000100011
00000010101100000000011100010011
00000000111001111000000000100011
00000000001000000000011110010011
11111110111101000010011000100011
00000000101000000000000010010011
00000010010000000000000001101111
11111110110001000010011110000011
00000000000101111000011110010011
11111110111101000010011000100011
00000000000100000000011110110011
00000000001001111001011110010011
00000000000101111000011110110011
00000000000101111001011110010011
00000000111100000000000010110011
00000000000100000000011110110011
00000000001001111001011110010011
00000000000101111000011110110011
00000000000101111001011110010011
00000000111100000000011100110011
11111110000001000010011110000011
11111100111001111101010011100011
11111110000001000010011110000011
00000010000101111100010010110011
00001111111101001111011100010011
11111100110001000010011110000011
00000000000101111000011010010011
11111100110101000010011000100011
00000011000001110000011100010011
00001111111101110111011100010011
00000000111001111000000000100011
11111110110001000010011110000011
11111111111101111000011110010011
11111110111101000010011000100011
11111110110001000010011110000011
00000010111100000101100001100011
11111110000001000010011100000011
00000010000101001000011110110011
01000000111101110000011110110011
11111110111101000010000000100011
11111110000001000010011100000011
00000000111000000000011110110011
00000000001001111001011110010011
00000000111001111000011110110011
00000000000101111001011110010011
11111110111101000010000000100011
11111010000111111111000001101111
00000000000000000000000000010011
11111100110001000010011110000011
00000000000001111000000000100011
00010010100000000000000001101111
11111110000001000010011110000011
00001100111100000100011001100011
11111100110001000010011110000011
00000000000101111000011100010011
11111100111001000010011000100011
00000011000000000000011100010011
00000000111001111000000000100011
11111100110001000010011110000011
00000000000101111000011100010011
11111100111001000010011000100011
00000010111000000000011100010011
00000000111001111000000000100011
00000010010000000000000001101111
11111100110001000010011110000011
00000000000101111000011100010011
11111100111001000010011000100011
00000011000000000000011100010011
00000000111001111000000000100011
11111110000001000010011110000011
00000000000101111000011110010011
11111110111101000010000000100011
11111110000001000010011110000011
11111100000001111100111011100011
00000000000000000000000000010011
00000000000100000000011100110011
00000000000101110000000010010011
11111100110001000010011110000011
00000000000101111000011010010011
11111100110101000010011000100011
00000000000001110100011100000011
00000000111001111000000000100011
00000000000001111100011110000011
11111110000001111001000011100011
11111100110001000010011110000011
11111111111101111000011110010011
11111100111101000010011000100011
00001001010000000000000001101111
11111100110001000010011110000011
00000000000101111000011110010011
11111100111101000010011000100011
11111110000001000010011110000011
11111111111101111000011110010011
11111110111101000010000000100011
11111110000001000010011110000011
00000010000001111001000001100011
00000000000000001100011110000011
00000000000001111000110001100011
11111100110001000010011110000011
00000000000101111000011100010011
11111100111001000010011000100011
00000010111000000000011100010011
00000000111001111000000000100011
00000000000100000000011110110011
00000000000101111000000010010011
00000000000001111100011100000011
11111100110001000010011110000011
00000000111001111000000000100011
11111100110001000010011110000011
00000000000001111100011110000011
11111010000001111001010011100011
00000010010000000000000001101111
11111100110001000010011110000011
00000000000101111000011100010011
11111100111001000010011000100011
00000011000000000000011100010011
00000000111001111000000000100011
11111110000001000010011110000011
11111111111101111000011110010011
11111110111101000010000000100011
11111110000001000010011110000011
11111100111100000100111011100011
11111100110001000010011110000011
00000000000001111000000000100011
11111110010001000010010100000011
00000000000000000000000000010011
11111100110001000010011100000011
11111110100001000010011110000011
01000000111101110000011110110011
00000000111100000000010100110011
00000011110000010010000010000011
00000011100000010010010000000011
00000011010000010010010010000011
00000100000000010000000100010011
00000000000000001000000001100111
